0,0,0.75,0,0,0,0,0,0,1,0,0,0,0,0,0
0,0,0.75,0,0,0,0,0,0,0.99999,0.0025192,0.0025192,0.0025192,0.25192,0.25192,0.25192
0,0,0.75,0,0,0,0,0,0,0.99996,0.0050383,0.0050383,0.0050383,0.25192,0.25192,0.25192
0,0,0.75,0,0,0,0,0,0,0.99991,0.0075573,0.0075573,0.0075573,0.25192,0.25192,0.25192
0,0,0.75,0,0,0,0,0,0,0.99985,0.010076,0.010076,0.010076,0.25192,0.25192,0.25192
0,0,0.75,0,0,0,0,0,0,0.99976,0.012595,0.012595,0.012595,0.25192,0.25192,0.25192
0,0,0.75,0,0,0,0,0,0,0.99966,0.015113,0.015113,0.015113,0.25192,0.25192,0.25192
0,0,0.75,0,0,0,0,0,0,0.99953,0.017631,0.017631,0.017631,0.25192,0.25192,0.25192
0,0,0.75,0,0,0,0,0,0,0.99939,0.020149,0.020149,0.020149,0.25192,0.25192,0.25192
0,0,0.75,0,0,0,0,0,0,0.99923,0.022667,0.022667,0.022667,0.25192,0.25192,0.25192
0,0,0.75,0,0,0,0,0,0,0.99905,0.025184,0.025184,0.025184,0.25192,0.25192,0.25192
0,0,0.75,0,0,0,0,0,0,0.99885,0.0277,0.0277,0.0277,0.25192,0.25192,0.25192
0,0,0.75,0,0,0,0,0,0,0.99863,0.030216,0.030216,0.030216,0.25192,0.25192,0.25192
0,0,0.75,0,0,0,0,0,0,0.99839,0.032732,0.032732,0.032732,0.25192,0.25192,0.25192
0,0,0.75,0,0,0,0,0,0,0.99813,0.035246,0.035246,0.035246,0.25192,0.25192,0.25192
0,0,0.75,0,0,0,0,0,0,0.99786,0.037761,0.037761,0.037761,0.25192,0.25192,0.25192
0,0,0.75,0,0,0,0,0,0,0.99756,0.040274,0.040274,0.040274,0.25192,0.25192,0.25192
0,0,0.75,0,0,0,0,0,0,0.99725,0.042787,0.042787,0.042787,0.25192,0.25192,0.25192
0,0,0.75,0,0,0,0,0,0,0.99692,0.045298,0.045298,0.045298,0.25192,0.25192,0.25192
0,0,0.75,0,0,0,0,0,0,0.99657,0.047809,0.047809,0.047809,0.25192,0.25192,0.25192
0,0,0.75,0,0,0,0,0,0,0.99619,0.050319,0.050319,0.050319,0.25192,0.25192,0.25192
0,0,0.75,0,0,0,0,0,0,0.9958,0.052828,0.052828,0.052828,0.25192,0.25192,0.25192
0,0,0.75,0,0,0,0,0,0,0.9954,0.055337,0.055337,0.055337,0.25192,0.25192,0.25192
0,0,0.75,0,0,0,0,0,0,0.99497,0.057844,0.057844,0.057844,0.25192,0.25192,0.25192
0,0,0.75,0,0,0,0,0,0,0.99452,0.06035,0.06035,0.06035,0.25192,0.25192,0.25192
0,0,0.75,0,0,0,0,0,0,0.99406,0.062854,0.062854,0.062854,0.25192,0.25192,0.25192
0,0,0.75,0,0,0,0,0,0,0.99357,0.065358,0.065358,0.065358,0.25192,0.25192,0.25192
0,0,0.75,0,0,0,0,0,0,0.99307,0.06786,0.06786,0.06786,0.25192,0.25192,0.25192
0,0,0.75,0,0,0,0,0,0,0.99255,0.070361,0.070361,0.070361,0.25192,0.25192,0.25192
0,0,0.75,0,0,0,0,0,0,0.992,0.072861,0.072861,0.072861,0.25192,0.25192,0.25192
0,0,0.75,0,0,0,0,0,0,0.99144,0.075359,0.075359,0.075359,0.25192,0.25192,0.25192
0,0,0.75,0,0,0,0,0,0,0.99087,0.077856,0.077856,0.077856,0.25192,0.25192,0.25192
0,0,0.75,0,0,0,0,0,0,0.99027,0.080352,0.080352,0.080352,0.25192,0.25192,0.25192
0,0,0.75,0,0,0,0,0,0,0.98965,0.082846,0.082846,0.082846,0.25192,0.25192,0.25192
0,0,0.75,0,0,0,0,0,0,0.98902,0.085338,0.085338,0.085338,0.25192,0.25192,0.25192
0,0,0.75,0,0,0,0,0,0,0.98836,0.087828,0.087828,0.087828,0.25192,0.25192,0.25192
0,0,0.75,0,0,0,0,0,0,0.98769,0.090317,0.090317,0.090317,0.25192,0.25192,0.25192
0,0,0.75,0,0,0,0,0,0,0.987,0.092805,0.092805,0.092805,0.25192,0.25192,0.25192
0,0,0.75,0,0,0,0,0,0,0.98629,0.09529,0.09529,0.09529,0.25192,0.25192,0.25192
0,0,0.75,0,0,0,0,0,0,0.98556,0.097774,0.097774,0.097774,0.25192,0.25192,0.25192
0,0,0.75,0,0,0,0,0,0,0.98481,0.10026,0.10026,0.10026,0.25192,0.25192,0.25192
0,0,0.75,0,0,0,0,0,0,0.98404,0.10274,0.10274,0.10274,0.25192,0.25192,0.25192
0,0,0.75,0,0,0,0,0,0,0.98325,0.10521,0.10521,0.10521,0.25192,0.25192,0.25192
0,0,0.75,0,0,0,0,0,0,0.98245,0.10769,0.10769,0.10769,0.25192,0.25192,0.25192
0,0,0.75,0,0,0,0,0,0,0.98163,0.11016,0.11016,0.11016,0.25192,0.25192,0.25192
0,0,0.75,0,0,0,0,0,0,0.98079,0.11264,0.11264,0.11264,0.25192,0.25192,0.25192
0,0,0.75,0,0,0,0,0,0,0.97992,0.11511,0.11511,0.11511,0.25192,0.25192,0.25192
0,0,0.75,0,0,0,0,0,0,0.97905,0.11757,0.11757,0.11757,0.25192,0.25192,0.25192
0,0,0.75,0,0,0,0,0,0,0.97815,0.12004,0.12004,0.12004,0.25192,0.25192,0.25192
0,0,0.75,0,0,0,0,0,0,0.97723,0.1225,0.1225,0.1225,0.25192,0.25192,0.25192
0,0,0.75,0,0,0,0,0,0,0.9763,0.12496,0.12496,0.12496,0.25192,0.25192,0.25192
0,0,0.75,0,0,0,0,0,0,0.97534,0.12742,0.12742,0.12742,0.25192,0.25192,0.25192
0,0,0.75,0,0,0,0,0,0,0.97437,0.12988,0.12988,0.12988,0.25192,0.25192,0.25192
0,0,0.75,0,0,0,0,0,0,0.97338,0.13233,0.13233,0.13233,0.25192,0.25192,0.25192
0,0,0.75,0,0,0,0,0,0,0.97237,0.13478,0.13478,0.13478,0.25192,0.25192,0.25192
0,0,0.75,0,0,0,0,0,0,0.97134,0.13723,0.13723,0.13723,0.25192,0.25192,0.25192
0,0,0.75,0,0,0,0,0,0,0.9703,0.13967,0.13967,0.13967,0.25192,0.25192,0.25192
0,0,0.75,0,0,0,0,0,0,0.96923,0.14212,0.14212,0.14212,0.25192,0.25192,0.25192
0,0,0.75,0,0,0,0,0,0,0.96815,0.14456,0.14456,0.14456,0.25192,0.25192,0.25192
0,0,0.75,0,0,0,0,0,0,0.96705,0.14699,0.14699,0.14699,0.25192,0.25192,0.25192
0,0,0.75,0,0,0,0,0,0,0.96593,0.14943,0.14943,0.14943,0.25192,0.25192,0.25192
0,0,0.75,0,0,0,0,0,0,0.96479,0.15186,0.15186,0.15186,0.25192,0.25192,0.25192
0,0,0.75,0,0,0,0,0,0,0.96363,0.15429,0.15429,0.15429,0.25192,0.25192,0.25192
0,0,0.75,0,0,0,0,0,0,0.96246,0.15672,0.15672,0.15672,0.25192,0.25192,0.25192
0,0,0.75,0,0,0,0,0,0,0.96126,0.15914,0.15914,0.15914,0.25192,0.25192,0.25192
0,0,0.75,0,0,0,0,0,0,0.96005,0.16156,0.16156,0.16156,0.25192,0.25192,0.25192
0,0,0.75,0,0,0,0,0,0,0.95882,0.16398,0.16398,0.16398,0.25192,0.25192,0.25192
0,0,0.75,0,0,0,0,0,0,0.95757,0.16639,0.16639,0.16639,0.25192,0.25192,0.25192
0,0,0.75,0,0,0,0,0,0,0.9563,0.1688,0.1688,0.1688,0.25192,0.25192,0.25192
0,0,0.75,0,0,0,0,0,0,0.95502,0.17121,0.17121,0.17121,0.25192,0.25192,0.25192
0,0,0.75,0,0,0,0,0,0,0.95372,0.17361,0.17361,0.17361,0.25192,0.25192,0.25192
0,0,0.75,0,0,0,0,0,0,0.9524,0.17601,0.17601,0.17601,0.25192,0.25192,0.25192
0,0,0.75,0,0,0,0,0,0,0.95106,0.17841,0.17841,0.17841,0.25192,0.25192,0.25192
0,0,0.75,0,0,0,0,0,0,0.9497,0.18081,0.18081,0.18081,0.25192,0.25192,0.25192
0,0,0.75,0,0,0,0,0,0,0.94832,0.1832,0.1832,0.1832,0.25192,0.25192,0.25192
0,0,0.75,0,0,0,0,0,0,0.94693,0.18558,0.18558,0.18558,0.25192,0.25192,0.25192
0,0,0.75,0,0,0,0,0,0,0.94552,0.18797,0.18797,0.18797,0.25192,0.25192,0.25192
0,0,0.75,0,0,0,0,0,0,0.94409,0.19035,0.19035,0.19035,0.25192,0.25192,0.25192
0,0,0.75,0,0,0,0,0,0,0.94264,0.19272,0.19272,0.19272,0.25192,0.25192,0.25192
0,0,0.75,0,0,0,0,0,0,0.94118,0.1951,0.1951,0.1951,0.25192,0.25192,0.25192
0,0,0.75,0,0,0,0,0,0,0.93969,0.19747,0.19747,0.19747,0.25192,0.25192,0.25192
0,0,0.75,0,0,0,0,0,0,0.93819,0.19983,0.19983,0.19983,0.25192,0.25192,0.25192
0,0,0.75,0,0,0,0,0,0,0.93667,0.20219,0.20219,0.20219,0.25192,0.25192,0.25192
0,0,0.75,0,0,0,0,0,0,0.93514,0.20455,0.20455,0.20455,0.25192,0.25192,0.25192
0,0,0.75,0,0,0,0,0,0,0.93358,0.2069,0.2069,0.2069,0.25192,0.25192,0.25192
0,0,0.75,0,0,0,0,0,0,0.93201,0.20925,0.20925,0.20925,0.25192,0.25192,0.25192
0,0,0.75,0,0,0,0,0,0,0.93042,0.2116,0.2116,0.2116,0.25192,0.25192,0.25192
0,0,0.75,0,0,0,0,0,0,0.92881,0.21394,0.21394,0.21394,0.25192,0.25192,0.25192
0,0,0.75,0,0,0,0,0,0,0.92718,0.21628,0.21628,0.21628,0.25192,0.25192,0.25192
0,0,0.75,0,0,0,0,0,0,0.92554,0.21861,0.21861,0.21861,0.25192,0.25192,0.25192
0,0,0.75,0,0,0,0,0,0,0.92388,0.22094,0.22094,0.22094,0.25192,0.25192,0.25192
0,0,0.75,0,0,0,0,0,0,0.9222,0.22327,0.22327,0.22327,0.25192,0.25192,0.25192
0,0,0.75,0,0,0,0,0,0,0.9205,0.22559,0.22559,0.22559,0.25192,0.25192,0.25192
0,0,0.75,0,0,0,0,0,0,0.91879,0.22791,0.22791,0.22791,0.25192,0.25192,0.25192
0,0,0.75,0,0,0,0,0,0,0.91706,0.23022,0.23022,0.23022,0.25192,0.25192,0.25192
0,0,0.75,0,0,0,0,0,0,0.91531,0.23253,0.23253,0.23253,0.25192,0.25192,0.25192
0,0,0.75,0,0,0,0,0,0,0.91355,0.23483,0.23483,0.23483,0.25192,0.25192,0.25192
0,0,0.75,0,0,0,0,0,0,0.91176,0.23713,0.23713,0.23713,0.25192,0.25192,0.25192
0,0,0.75,0,0,0,0,0,0,0.90996,0.23942,0.23942,0.23942,0.25192,0.25192,0.25192
0,0,0.75,0,0,0,0,0,0,0.90814,0.24171,0.24171,0.24171,0.25192,0.25192,0.25192
0,0,0.75,0,0,0,0,0,0,0.90631,0.244,0.244,0.244,0.25192,0.25192,0.25192
0,0,0.75,0,0,0,0,0,0,0.90446,0.24628,0.24628,0.24628,0.25192,0.25192,0.25192
0,0,0.75,0,0,0,0,0,0,0.90259,0.24856,0.24856,0.24856,0.25192,0.25192,0.25192
0,0,0.75,0,0,0,0,0,0,0.9007,0.25083,0.25083,0.25083,0.25192,0.25192,0.25192
0,0,0.75,0,0,0,0,0,0,0.89879,0.25309,0.25309,0.25309,0.25192,0.25192,0.25192
0,0,0.75,0,0,0,0,0,0,0.89687,0.25536,0.25536,0.25536,0.25192,0.25192,0.25192
0,0,0.75,0,0,0,0,0,0,0.89493,0.25761,0.25761,0.25761,0.25192,0.25192,0.25192
0,0,0.75,0,0,0,0,0,0,0.89298,0.25986,0.25986,0.25986,0.25192,0.25192,0.25192
0,0,0.75,0,0,0,0,0,0,0.89101,0.26211,0.26211,0.26211,0.25192,0.25192,0.25192
0,0,0.75,0,0,0,0,0,0,0.88902,0.26435,0.26435,0.26435,0.25192,0.25192,0.25192
0,0,0.75,0,0,0,0,0,0,0.88701,0.26659,0.26659,0.26659,0.25192,0.25192,0.25192
0,0,0.75,0,0,0,0,0,0,0.88499,0.26882,0.26882,0.26882,0.25192,0.25192,0.25192
0,0,0.75,0,0,0,0,0,0,0.88295,0.27105,0.27105,0.27105,0.25192,0.25192,0.25192
0,0,0.75,0,0,0,0,0,0,0.88089,0.27327,0.27327,0.27327,0.25192,0.25192,0.25192
0,0,0.75,0,0,0,0,0,0,0.87882,0.27549,0.27549,0.27549,0.25192,0.25192,0.25192
0,0,0.75,0,0,0,0,0,0,0.87673,0.2777,0.2777,0.2777,0.25192,0.25192,0.25192
0,0,0.75,0,0,0,0,0,0,0.87462,0.2799,0.2799,0.2799,0.25192,0.25192,0.25192
0,0,0.75,0,0,0,0,0,0,0.8725,0.28211,0.28211,0.28211,0.25192,0.25192,0.25192
0,0,0.75,0,0,0,0,0,0,0.87036,0.2843,0.2843,0.2843,0.25192,0.25192,0.25192
0,0,0.75,0,0,0,0,0,0,0.8682,0.28649,0.28649,0.28649,0.25192,0.25192,0.25192
0,0,0.75,0,0,0,0,0,0,0.86603,0.28868,0.28868,0.28868,0.25192,0.25192,0.25192
0,0,0.75,0,0,0,0,0,0,0.86384,0.29085,0.29085,0.29085,0.25192,0.25192,0.25192
0,0,0.75,0,0,0,0,0,0,0.86163,0.29303,0.29303,0.29303,0.25192,0.25192,0.25192
0,0,0.75,0,0,0,0,0,0,0.85941,0.2952,0.2952,0.2952,0.25192,0.25192,0.25192
0,0,0.75,0,0,0,0,0,0,0.85717,0.29736,0.29736,0.29736,0.25192,0.25192,0.25192
0,0,0.75,0,0,0,0,0,0,0.85491,0.29951,0.29951,0.29951,0.25192,0.25192,0.25192
0,0,0.75,0,0,0,0,0,0,0.85264,0.30166,0.30166,0.30166,0.25192,0.25192,0.25192
0,0,0.75,0,0,0,0,0,0,0.85035,0.30381,0.30381,0.30381,0.25192,0.25192,0.25192
0,0,0.75,0,0,0,0,0,0,0.84805,0.30595,0.30595,0.30595,0.25192,0.25192,0.25192
0,0,0.75,0,0,0,0,0,0,0.84573,0.30808,0.30808,0.30808,0.25192,0.25192,0.25192
0,0,0.75,0,0,0,0,0,0,0.84339,0.31021,0.31021,0.31021,0.25192,0.25192,0.25192
0,0,0.75,0,0,0,0,0,0,0.84104,0.31233,0.31233,0.31233,0.25192,0.25192,0.25192
0,0,0.75,0,0,0,0,0,0,0.83867,0.31445,0.31445,0.31445,0.25192,0.25192,0.25192
0,0,0.75,0,0,0,0,0,0,0.83629,0.31656,0.31656,0.31656,0.25192,0.25192,0.25192
0,0,0.75,0,0,0,0,0,0,0.83389,0.31866,0.31866,0.31866,0.25192,0.25192,0.25192
0,0,0.75,0,0,0,0,0,0,0.83147,0.32076,0.32076,0.32076,0.25192,0.25192,0.25192
0,0,0.75,0,0,0,0,0,0,0.82904,0.32285,0.32285,0.32285,0.25192,0.25192,0.25192
0,0,0.75,0,0,0,0,0,0,0.82659,0.32494,0.32494,0.32494,0.25192,0.25192,0.25192
0,0,0.75,0,0,0,0,0,0,0.82413,0.32701,0.32701,0.32701,0.25192,0.25192,0.25192
0,0,0.75,0,0,0,0,0,0,0.82165,0.32909,0.32909,0.32909,0.25192,0.25192,0.25192
0,0,0.75,0,0,0,0,0,0,0.81915,0.33115,0.33115,0.33115,0.25192,0.25192,0.25192
0,0,0.75,0,0,0,0,0,0,0.81664,0.33321,0.33321,0.33321,0.25192,0.25192,0.25192
0,0,0.75,0,0,0,0,0,0,0.81412,0.33527,0.33527,0.33527,0.25192,0.25192,0.25192
0,0,0.75,0,0,0,0,0,0,0.81157,0.33732,0.33732,0.33732,0.25192,0.25192,0.25192
0,0,0.75,0,0,0,0,0,0,0.80902,0.33936,0.33936,0.33936,0.25192,0.25192,0.25192
0,0,0.75,0,0,0,0,0,0,0.80644,0.34139,0.34139,0.34139,0.25192,0.25192,0.25192
0,0,0.75,0,0,0,0,0,0,0.80386,0.34342,0.34342,0.34342,0.25192,0.25192,0.25192
0,0,0.75,0,0,0,0,0,0,0.80125,0.34544,0.34544,0.34544,0.25192,0.25192,0.25192
0,0,0.75,0,0,0,0,0,0,0.79864,0.34746,0.34746,0.34746,0.25192,0.25192,0.25192
0,0,0.75,0,0,0,0,0,0,0.796,0.34947,0.34947,0.34947,0.25192,0.25192,0.25192
0,0,0.75,0,0,0,0,0,0,0.79335,0.35147,0.35147,0.35147,0.25192,0.25192,0.25192
0,0,0.75,0,0,0,0,0,0,0.79069,0.35346,0.35346,0.35346,0.25192,0.25192,0.25192
0,0,0.75,0,0,0,0,0,0,0.78801,0.35545,0.35545,0.35545,0.25192,0.25192,0.25192
0,0,0.75,0,0,0,0,0,0,0.78532,0.35743,0.35743,0.35743,0.25192,0.25192,0.25192
0,0,0.75,0,0,0,0,0,0,0.78261,0.35941,0.35941,0.35941,0.25192,0.25192,0.25192
0,0,0.75,0,0,0,0,0,0,0.77988,0.36138,0.36138,0.36138,0.25192,0.25192,0.25192
0,0,0.75,0,0,0,0,0,0,0.77715,0.36334,0.36334,0.36334,0.25192,0.25192,0.25192
0,0,0.75,0,0,0,0,0,0,0.77439,0.36529,0.36529,0.36529,0.25192,0.25192,0.25192
0,0,0.75,0,0,0,0,0,0,0.77162,0.36724,0.36724,0.36724,0.25192,0.25192,0.25192
0,0,0.75,0,0,0,0,0,0,0.76884,0.36918,0.36918,0.36918,0.25192,0.25192,0.25192
0,0,0.75,0,0,0,0,0,0,0.76604,0.37111,0.37111,0.37111,0.25192,0.25192,0.25192
0,0,0.75,0,0,0,0,0,0,0.76323,0.37304,0.37304,0.37304,0.25192,0.25192,0.25192
0,0,0.75,0,0,0,0,0,0,0.76041,0.37496,0.37496,0.37496,0.25192,0.25192,0.25192
0,0,0.75,0,0,0,0,0,0,0.75756,0.37687,0.37687,0.37687,0.25192,0.25192,0.25192
0,0,0.75,0,0,0,0,0,0,0.75471,0.37878,0.37878,0.37878,0.25192,0.25192,0.25192
0,0,0.75,0,0,0,0,0,0,0.75184,0.38067,0.38067,0.38067,0.25192,0.25192,0.25192
0,0,0.75,0,0,0,0,0,0,0.74896,0.38256,0.38256,0.38256,0.25192,0.25192,0.25192
0,0,0.75,0,0,0,0,0,0,0.74606,0.38445,0.38445,0.38445,0.25192,0.25192,0.25192
0,0,0.75,0,0,0,0,0,0,0.74314,0.38632,0.38632,0.38632,0.25192,0.25192,0.25192
0,0,0.75,0,0,0,0,0,0,0.74022,0.38819,0.38819,0.38819,0.25192,0.25192,0.25192
0,0,0.75,0,0,0,0,0,0,0.73728,0.39005,0.39005,0.39005,0.25192,0.25192,0.25192
0,0,0.75,0,0,0,0,0,0,0.73432,0.39191,0.39191,0.39191,0.25192,0.25192,0.25192
0,0,0.75,0,0,0,0,0,0,0.73135,0.39375,0.39375,0.39375,0.25192,0.25192,0.25192
0,0,0.75,0,0,0,0,0,0,0.72837,0.39559,0.39559,0.39559,0.25192,0.25192,0.25192
0,0,0.75,0,0,0,0,0,0,0.72537,0.39742,0.39742,0.39742,0.25192,0.25192,0.25192
0,0,0.75,0,0,0,0,0,0,0.72236,0.39925,0.39925,0.39925,0.25192,0.25192,0.25192
0,0,0.75,0,0,0,0,0,0,0.71934,0.40106,0.40106,0.40106,0.25192,0.25192,0.25192
0,0,0.75,0,0,0,0,0,0,0.7163,0.40287,0.40287,0.40287,0.25192,0.25192,0.25192
0,0,0.75,0,0,0,0,0,0,0.71325,0.40467,0.40467,0.40467,0.25192,0.25192,0.25192
0,0,0.75,0,0,0,0,0,0,0.71019,0.40646,0.40646,0.40646,0.25192,0.25192,0.25192
0,0,0.75,0,0,0,0,0,0,0.70711,0.40825,0.40825,0.40825,0.25192,0.25192,0.25192
0,0,0.75,0,0,0,0,0,0,0.70401,0.41003,0.41003,0.41003,0.25192,0.25192,0.25192
0,0,0.75,0,0,0,0,0,0,0.70091,0.4118,0.4118,0.4118,0.25192,0.25192,0.25192
0,0,0.75,0,0,0,0,0,0,0.69779,0.41356,0.41356,0.41356,0.25192,0.25192,0.25192
0,0,0.75,0,0,0,0,0,0,0.69466,0.41531,0.41531,0.41531,0.25192,0.25192,0.25192
0,0,0.75,0,0,0,0,0,0,0.69151,0.41706,0.41706,0.41706,0.25192,0.25192,0.25192
0,0,0.75,0,0,0,0,0,0,0.68835,0.4188,0.4188,0.4188,0.25192,0.25192,0.25192
0,0,0.75,0,0,0,0,0,0,0.68518,0.42053,0.42053,0.42053,0.25192,0.25192,0.25192
0,0,0.75,0,0,0,0,0,0,0.682,0.42225,0.42225,0.42225,0.25192,0.25192,0.25192
0,0,0.75,0,0,0,0,0,0,0.6788,0.42396,0.42396,0.42396,0.25192,0.25192,0.25192
0,0,0.75,0,0,0,0,0,0,0.67559,0.42567,0.42567,0.42567,0.25192,0.25192,0.25192
0,0,0.75,0,0,0,0,0,0,0.67237,0.42737,0.42737,0.42737,0.25192,0.25192,0.25192
0,0,0.75,0,0,0,0,0,0,0.66913,0.42905,0.42905,0.42905,0.25192,0.25192,0.25192
0,0,0.75,0,0,0,0,0,0,0.66588,0.43074,0.43074,0.43074,0.25192,0.25192,0.25192
0,0,0.75,0,0,0,0,0,0,0.66262,0.43241,0.43241,0.43241,0.25192,0.25192,0.25192
0,0,0.75,0,0,0,0,0,0,0.65935,0.43407,0.43407,0.43407,0.25192,0.25192,0.25192
0,0,0.75,0,0,0,0,0,0,0.65606,0.43573,0.43573,0.43573,0.25192,0.25192,0.25192
0,0,0.75,0,0,0,0,0,0,0.65276,0.43738,0.43738,0.43738,0.25192,0.25192,0.25192
0,0,0.75,0,0,0,0,0,0,0.64945,0.43902,0.43902,0.43902,0.25192,0.25192,0.25192
0,0,0.75,0,0,0,0,0,0,0.64612,0.44065,0.44065,0.44065,0.25192,0.25192,0.25192
0,0,0.75,0,0,0,0,0,0,0.64279,0.44228,0.44228,0.44228,0.25192,0.25192,0.25192
0,0,0.75,0,0,0,0,0,0,0.63944,0.44389,0.44389,0.44389,0.25192,0.25192,0.25192
0,0,0.75,0,0,0,0,0,0,0.63608,0.4455,0.4455,0.4455,0.25192,0.25192,0.25192
0,0,0.75,0,0,0,0,0,0,0.63271,0.4471,0.4471,0.4471,0.25192,0.25192,0.25192
0,0,0.75,0,0,0,0,0,0,0.62932,0.44869,0.44869,0.44869,0.25192,0.25192,0.25192
0,0,0.75,0,0,0,0,0,0,0.62592,0.45027,0.45027,0.45027,0.25192,0.25192,0.25192
0,0,0.75,0,0,0,0,0,0,0.62251,0.45184,0.45184,0.45184,0.25192,0.25192,0.25192
0,0,0.75,0,0,0,0,0,0,0.61909,0.4534,0.4534,0.4534,0.25192,0.25192,0.25192
0,0,0.75,0,0,0,0,0,0,0.61566,0.45496,0.45496,0.45496,0.25192,0.25192,0.25192
0,0,0.75,0,0,0,0,0,0,0.61222,0.4565,0.4565,0.4565,0.25192,0.25192,0.25192
0,0,0.75,0,0,0,0,0,0,0.60876,0.45804,0.45804,0.45804,0.25192,0.25192,0.25192
0,0,0.75,0,0,0,0,0,0,0.60529,0.45957,0.45957,0.45957,0.25192,0.25192,0.25192
0,0,0.75,0,0,0,0,0,0,0.60182,0.46109,0.46109,0.46109,0.25192,0.25192,0.25192
0,0,0.75,0,0,0,0,0,0,0.59832,0.4626,0.4626,0.4626,0.25192,0.25192,0.25192
0,0,0.75,0,0,0,0,0,0,0.59482,0.46411,0.46411,0.46411,0.25192,0.25192,0.25192
0,0,0.75,0,0,0,0,0,0,0.59131,0.4656,0.4656,0.4656,0.25192,0.25192,0.25192
0,0,0.75,0,0,0,0,0,0,0.58779,0.46709,0.46709,0.46709,0.25192,0.25192,0.25192
0,0,0.75,0,0,0,0,0,0,0.58425,0.46856,0.46856,0.46856,0.25192,0.25192,0.25192
0,0,0.75,0,0,0,0,0,0,0.5807,0.47003,0.47003,0.47003,0.25192,0.25192,0.25192
0,0,0.75,0,0,0,0,0,0,0.57715,0.47149,0.47149,0.47149,0.25192,0.25192,0.25192
0,0,0.75,0,0,0,0,0,0,0.57358,0.47294,0.47294,0.47294,0.25192,0.25192,0.25192
0,0,0.75,0,0,0,0,0,0,0.57,0.47438,0.47438,0.47438,0.25192,0.25192,0.25192
0,0,0.75,0,0,0,0,0,0,0.56641,0.47581,0.47581,0.47581,0.25192,0.25192,0.25192
0,0,0.75,0,0,0,0,0,0,0.5628,0.47723,0.47723,0.47723,0.25192,0.25192,0.25192
0,0,0.75,0,0,0,0,0,0,0.55919,0.47865,0.47865,0.47865,0.25192,0.25192,0.25192
0,0,0.75,0,0,0,0,0,0,0.55557,0.48005,0.48005,0.48005,0.25192,0.25192,0.25192
0,0,0.75,0,0,0,0,0,0,0.55194,0.48144,0.48144,0.48144,0.25192,0.25192,0.25192
0,0,0.75,0,0,0,0,0,0,0.54829,0.48283,0.48283,0.48283,0.25192,0.25192,0.25192
0,0,0.75,0,0,0,0,0,0,0.54464,0.48421,0.48421,0.48421,0.25192,0.25192,0.25192
0,0,0.75,0,0,0,0,0,0,0.54097,0.48557,0.48557,0.48557,0.25192,0.25192,0.25192
0,0,0.75,0,0,0,0,0,0,0.5373,0.48693,0.48693,0.48693,0.25192,0.25192,0.25192
0,0,0.75,0,0,0,0,0,0,0.53361,0.48828,0.48828,0.48828,0.25192,0.25192,0.25192
0,0,0.75,0,0,0,0,0,0,0.52992,0.48962,0.48962,0.48962,0.25192,0.25192,0.25192
0,0,0.75,0,0,0,0,0,0,0.52621,0.49095,0.49095,0.49095,0.25192,0.25192,0.25192
0,0,0.75,0,0,0,0,0,0,0.5225,0.49227,0.49227,0.49227,0.25192,0.25192,0.25192
0,0,0.75,0,0,0,0,0,0,0.51877,0.49358,0.49358,0.49358,0.25192,0.25192,0.25192
0,0,0.75,0,0,0,0,0,0,0.51504,0.49489,0.49489,0.49489,0.25192,0.25192,0.25192
0,0,0.75,0,0,0,0,0,0,0.51129,0.49618,0.49618,0.49618,0.25192,0.25192,0.25192
0,0,0.75,0,0,0,0,0,0,0.50754,0.49746,0.49746,0.49746,0.25192,0.25192,0.25192
0,0,0.75,0,0,0,0,0,0,0.50377,0.49874,0.49874,0.49874,0.25192,0.25192,0.25192
0,0,0.75,0,0,0,0,0,0,0.5,0.5,0.5,0.5,0.25192,0.25192,0.25192
0,0,0.75,0,0,0,0,0,0,0.49622,0.50125,0.50125,0.50125,0.25192,0.25192,0.25192
0,0,0.75,0,0,0,0,0,0,0.49242,0.5025,0.5025,0.5025,0.25192,0.25192,0.25192
0,0,0.75,0,0,0,0,0,0,0.48862,0.50374,0.50374,0.50374,0.25192,0.25192,0.25192
0,0,0.75,0,0,0,0,0,0,0.48481,0.50496,0.50496,0.50496,0.25192,0.25192,0.25192
0,0,0.75,0,0,0,0,0,0,0.48099,0.50618,0.50618,0.50618,0.25192,0.25192,0.25192
0,0,0.75,0,0,0,0,0,0,0.47716,0.50739,0.50739,0.50739,0.25192,0.25192,0.25192
0,0,0.75,0,0,0,0,0,0,0.47332,0.50858,0.50858,0.50858,0.25192,0.25192,0.25192
0,0,0.75,0,0,0,0,0,0,0.46947,0.50977,0.50977,0.50977,0.25192,0.25192,0.25192
0,0,0.75,0,0,0,0,0,0,0.46561,0.51095,0.51095,0.51095,0.25192,0.25192,0.25192
0,0,0.75,0,0,0,0,0,0,0.46175,0.51212,0.51212,0.51212,0.25192,0.25192,0.25192
0,0,0.75,0,0,0,0,0,0,0.45787,0.51327,0.51327,0.51327,0.25192,0.25192,0.25192
0,0,0.75,0,0,0,0,0,0,0.45399,0.51442,0.51442,0.51442,0.25192,0.25192,0.25192
0,0,0.75,0,0,0,0,0,0,0.4501,0.51556,0.51556,0.51556,0.25192,0.25192,0.25192
0,0,0.75,0,0,0,0,0,0,0.4462,0.51669,0.51669,0.51669,0.25192,0.25192,0.25192
0,0,0.75,0,0,0,0,0,0,0.44229,0.51781,0.51781,0.51781,0.25192,0.25192,0.25192
0,0,0.75,0,0,0,0,0,0,0.43837,0.51892,0.51892,0.51892,0.25192,0.25192,0.25192
0,0,0.75,0,0,0,0,0,0,0.43445,0.52002,0.52002,0.52002,0.25192,0.25192,0.25192
0,0,0.75,0,0,0,0,0,0,0.43051,0.52111,0.52111,0.52111,0.25192,0.25192,0.25192
0,0,0.75,0,0,0,0,0,0,0.42657,0.52219,0.52219,0.52219,0.25192,0.25192,0.25192
0,0,0.75,0,0,0,0,0,0,0.42262,0.52326,0.52326,0.52326,0.25192,0.25192,0.25192
0,0,0.75,0,0,0,0,0,0,0.41866,0.52432,0.52432,0.52432,0.25192,0.25192,0.25192
0,0,0.75,0,0,0,0,0,0,0.41469,0.52537,0.52537,0.52537,0.25192,0.25192,0.25192
0,0,0.75,0,0,0,0,0,0,0.41072,0.52641,0.52641,0.52641,0.25192,0.25192,0.25192
0,0,0.75,0,0,0,0,0,0,0.40674,0.52744,0.52744,0.52744,0.25192,0.25192,0.25192
0,0,0.75,0,0,0,0,0,0,0.40275,0.52846,0.52846,0.52846,0.25192,0.25192,0.25192
0,0,0.75,0,0,0,0,0,0,0.39875,0.52946,0.52946,0.52946,0.25192,0.25192,0.25192
0,0,0.75,0,0,0,0,0,0,0.39474,0.53046,0.53046,0.53046,0.25192,0.25192,0.25192
0,0,0.75,0,0,0,0,0,0,0.39073,0.53145,0.53145,0.53145,0.25192,0.25192,0.25192
0,0,0.75,0,0,0,0,0,0,0.38671,0.53243,0.53243,0.53243,0.25192,0.25192,0.25192
0,0,0.75,0,0,0,0,0,0,0.38268,0.5334,0.5334,0.5334,0.25192,0.25192,0.25192
0,0,0.75,0,0,0,0,0,0,0.37865,0.53436,0.53436,0.53436,0.25192,0.25192,0.25192
0,0,0.75,0,0,0,0,0,0,0.37461,0.53531,0.53531,0.53531,0.25192,0.25192,0.25192
0,0,0.75,0,0,0,0,0,0,0.37056,0.53625,0.53625,0.53625,0.25192,0.25192,0.25192
0,0,0.75,0,0,0,0,0,0,0.3665,0.53718,0.53718,0.53718,0.25192,0.25192,0.25192
0,0,0.75,0,0,0,0,0,0,0.36244,0.53809,0.53809,0.53809,0.25192,0.25192,0.25192
0,0,0.75,0,0,0,0,0,0,0.35837,0.539,0.539,0.539,0.25192,0.25192,0.25192
0,0,0.75,0,0,0,0,0,0,0.35429,0.5399,0.5399,0.5399,0.25192,0.25192,0.25192
0,0,0.75,0,0,0,0,0,0,0.35021,0.54079,0.54079,0.54079,0.25192,0.25192,0.25192
0,0,0.75,0,0,0,0,0,0,0.34612,0.54167,0.54167,0.54167,0.25192,0.25192,0.25192
0,0,0.75,0,0,0,0,0,0,0.34202,0.54253,0.54253,0.54253,0.25192,0.25192,0.25192
0,0,0.75,0,0,0,0,0,0,0.33792,0.54339,0.54339,0.54339,0.25192,0.25192,0.25192
0,0,0.75,0,0,0,0,0,0,0.33381,0.54423,0.54423,0.54423,0.25192,0.25192,0.25192
0,0,0.75,0,0,0,0,0,0,0.32969,0.54507,0.54507,0.54507,0.25192,0.25192,0.25192
0,0,0.75,0,0,0,0,0,0,0.32557,0.5459,0.5459,0.5459,0.25192,0.25192,0.25192
0,0,0.75,0,0,0,0,0,0,0.32144,0.54671,0.54671,0.54671,0.25192,0.25192,0.25192
0,0,0.75,0,0,0,0,0,0,0.3173,0.54751,0.54751,0.54751,0.25192,0.25192,0.25192
0,0,0.75,0,0,0,0,0,0,0.31316,0.54831,0.54831,0.54831,0.25192,0.25192,0.25192
0,0,0.75,0,0,0,0,0,0,0.30902,0.54909,0.54909,0.54909,0.25192,0.25192,0.25192
0,0,0.75,0,0,0,0,0,0,0.30486,0.54987,0.54987,0.54987,0.25192,0.25192,0.25192
0,0,0.75,0,0,0,0,0,0,0.30071,0.55063,0.55063,0.55063,0.25192,0.25192,0.25192
0,0,0.75,0,0,0,0,0,0,0.29654,0.55138,0.55138,0.55138,0.25192,0.25192,0.25192
0,0,0.75,0,0,0,0,0,0,0.29237,0.55212,0.55212,0.55212,0.25192,0.25192,0.25192
0,0,0.75,0,0,0,0,0,0,0.2882,0.55285,0.55285,0.55285,0.25192,0.25192,0.25192
0,0,0.75,0,0,0,0,0,0,0.28402,0.55357,0.55357,0.55357,0.25192,0.25192,0.25192
0,0,0.75,0,0,0,0,0,0,0.27983,0.55429,0.55429,0.55429,0.25192,0.25192,0.25192
0,0,0.75,0,0,0,0,0,0,0.27564,0.55498,0.55498,0.55498,0.25192,0.25192,0.25192
0,0,0.75,0,0,0,0,0,0,0.27144,0.55567,0.55567,0.55567,0.25192,0.25192,0.25192
0,0,0.75,0,0,0,0,0,0,0.26724,0.55635,0.55635,0.55635,0.25192,0.25192,0.25192
0,0,0.75,0,0,0,0,0,0,0.26303,0.55702,0.55702,0.55702,0.25192,0.25192,0.25192
0,0,0.75,0,0,0,0,0,0,0.25882,0.55768,0.55768,0.55768,0.25192,0.25192,0.25192
0,0,0.75,0,0,0,0,0,0,0.2546,0.55832,0.55832,0.55832,0.25192,0.25192,0.25192
0,0,0.75,0,0,0,0,0,0,0.25038,0.55896,0.55896,0.55896,0.25192,0.25192,0.25192
0,0,0.75,0,0,0,0,0,0,0.24615,0.55959,0.55959,0.55959,0.25192,0.25192,0.25192
0,0,0.75,0,0,0,0,0,0,0.24192,0.5602,0.5602,0.5602,0.25192,0.25192,0.25192
0,0,0.75,0,0,0,0,0,0,0.23769,0.5608,0.5608,0.5608,0.25192,0.25192,0.25192
0,0,0.75,0,0,0,0,0,0,0.23345,0.5614,0.5614,0.5614,0.25192,0.25192,0.25192
0,0,0.75,0,0,0,0,0,0,0.2292,0.56198,0.56198,0.56198,0.25192,0.25192,0.25192
0,0,0.75,0,0,0,0,0,0,0.22495,0.56255,0.56255,0.56255,0.25192,0.25192,0.25192
0,0,0.75,0,0,0,0,0,0,0.2207,0.56311,0.56311,0.56311,0.25192,0.25192,0.25192
0,0,0.75,0,0,0,0,0,0,0.21644,0.56366,0.56366,0.56366,0.25192,0.25192,0.25192
0,0,0.75,0,0,0,0,0,0,0.21218,0.5642,0.5642,0.5642,0.25192,0.25192,0.25192
0,0,0.75,0,0,0,0,0,0,0.20791,0.56473,0.56473,0.56473,0.25192,0.25192,0.25192
0,0,0.75,0,0,0,0,0,0,0.20364,0.56525,0.56525,0.56525,0.25192,0.25192,0.25192
0,0,0.75,0,0,0,0,0,0,0.19937,0.56576,0.56576,0.56576,0.25192,0.25192,0.25192
0,0,0.75,0,0,0,0,0,0,0.19509,0.56626,0.56626,0.56626,0.25192,0.25192,0.25192
0,0,0.75,0,0,0,0,0,0,0.19081,0.56674,0.56674,0.56674,0.25192,0.25192,0.25192
0,0,0.75,0,0,0,0,0,0,0.18652,0.56722,0.56722,0.56722,0.25192,0.25192,0.25192
0,0,0.75,0,0,0,0,0,0,0.18224,0.56768,0.56768,0.56768,0.25192,0.25192,0.25192
0,0,0.75,0,0,0,0,0,0,0.17794,0.56814,0.56814,0.56814,0.25192,0.25192,0.25192
0,0,0.75,0,0,0,0,0,0,0.17365,0.56858,0.56858,0.56858,0.25192,0.25192,0.25192
0,0,0.75,0,0,0,0,0,0,0.16935,0.56901,0.56901,0.56901,0.25192,0.25192,0.25192
0,0,0.75,0,0,0,0,0,0,0.16505,0.56943,0.56943,0.56943,0.25192,0.25192,0.25192
0,0,0.75,0,0,0,0,0,0,0.16074,0.56984,0.56984,0.56984,0.25192,0.25192,0.25192
0,0,0.75,0,0,0,0,0,0,0.15643,0.57024,0.57024,0.57024,0.25192,0.25192,0.25192
0,0,0.75,0,0,0,0,0,0,0.15212,0.57063,0.57063,0.57063,0.25192,0.25192,0.25192
0,0,0.75,0,0,0,0,0,0,0.14781,0.57101,0.57101,0.57101,0.25192,0.25192,0.25192
0,0,0.75,0,0,0,0,0,0,0.14349,0.57138,0.57138,0.57138,0.25192,0.25192,0.25192
0,0,0.75,0,0,0,0,0,0,0.13917,0.57173,0.57173,0.57173,0.25192,0.25192,0.25192
0,0,0.75,0,0,0,0,0,0,0.13485,0.57208,0.57208,0.57208,0.25192,0.25192,0.25192
0,0,0.75,0,0,0,0,0,0,0.13053,0.57241,0.57241,0.57241,0.25192,0.25192,0.25192
0,0,0.75,0,0,0,0,0,0,0.1262,0.57273,0.57273,0.57273,0.25192,0.25192,0.25192
0,0,0.75,0,0,0,0,0,0,0.12187,0.57305,0.57305,0.57305,0.25192,0.25192,0.25192
0,0,0.75,0,0,0,0,0,0,0.11754,0.57335,0.57335,0.57335,0.25192,0.25192,0.25192
0,0,0.75,0,0,0,0,0,0,0.1132,0.57364,0.57364,0.57364,0.25192,0.25192,0.25192
0,0,0.75,0,0,0,0,0,0,0.10887,0.57392,0.57392,0.57392,0.25192,0.25192,0.25192
0,0,0.75,0,0,0,0,0,0,0.10453,0.57419,0.57419,0.57419,0.25192,0.25192,0.25192
0,0,0.75,0,0,0,0,0,0,0.10019,0.57445,0.57445,0.57445,0.25192,0.25192,0.25192
0,0,0.75,0,0,0,0,0,0,0.095846,0.57469,0.57469,0.57469,0.25192,0.25192,0.25192
0,0,0.75,0,0,0,0,0,0,0.091502,0.57493,0.57493,0.57493,0.25192,0.25192,0.25192
0,0,0.75,0,0,0,0,0,0,0.087156,0.57515,0.57515,0.57515,0.25192,0.25192,0.25192
0,0,0.75,0,0,0,0,0,0,0.082808,0.57537,0.57537,0.57537,0.25192,0.25192,0.25192
0,0,0.75,0,0,0,0,0,0,0.078459,0.57557,0.57557,0.57557,0.25192,0.25192,0.25192
0,0,0.75,0,0,0,0,0,0,0.074108,0.57576,0.57576,0.57576,0.25192,0.25192,0.25192
0,0,0.75,0,0,0,0,0,0,0.069756,0.57594,0.57594,0.57594,0.25192,0.25192,0.25192
0,0,0.75,0,0,0,0,0,0,0.065403,0.57611,0.57611,0.57611,0.25192,0.25192,0.25192
0,0,0.75,0,0,0,0,0,0,0.061049,0.57627,0.57627,0.57627,0.25192,0.25192,0.25192
0,0,0.75,0,0,0,0,0,0,0.056693,0.57642,0.57642,0.57642,0.25192,0.25192,0.25192
0,0,0.75,0,0,0,0,0,0,0.052336,0.57656,0.57656,0.57656,0.25192,0.25192,0.25192
0,0,0.75,0,0,0,0,0,0,0.047978,0.57669,0.57669,0.57669,0.25192,0.25192,0.25192
0,0,0.75,0,0,0,0,0,0,0.043619,0.5768,0.5768,0.5768,0.25192,0.25192,0.25192
0,0,0.75,0,0,0,0,0,0,0.03926,0.57691,0.57691,0.57691,0.25192,0.25192,0.25192
0,0,0.75,0,0,0,0,0,0,0.034899,0.577,0.577,0.577,0.25192,0.25192,0.25192
0,0,0.75,0,0,0,0,0,0,0.030539,0.57708,0.57708,0.57708,0.25192,0.25192,0.25192
0,0,0.75,0,0,0,0,0,0,0.026177,0.57715,0.57715,0.57715,0.25192,0.25192,0.25192
0,0,0.75,0,0,0,0,0,0,0.021815,0.57721,0.57721,0.57721,0.25192,0.25192,0.25192
0,0,0.75,0,0,0,0,0,0,0.017452,0.57726,0.57726,0.57726,0.25192,0.25192,0.25192
0,0,0.75,0,0,0,0,0,0,0.01309,0.5773,0.5773,0.5773,0.25192,0.25192,0.25192
0,0,0.75,0,0,0,0,0,0,0.0087265,0.57733,0.57733,0.57733,0.25192,0.25192,0.25192
0,0,0.75,0,0,0,0,0,0,0.0043633,0.57734,0.57734,0.57734,0.25192,0.25192,0.25192
0,0,0.75,0,0,0,0,0,0,6.1232e-17,0.57735,0.57735,0.57735,0.25192,0.25192,0.25192
0,0,0.75,0,0,0,0,0,0,-0.0043633,0.57734,0.57734,0.57734,0.25192,0.25192,0.25192
0,0,0.75,0,0,0,0,0,0,-0.0087265,0.57733,0.57733,0.57733,0.25192,0.25192,0.25192
0,0,0.75,0,0,0,0,0,0,-0.01309,0.5773,0.5773,0.5773,0.25192,0.25192,0.25192
0,0,0.75,0,0,0,0,0,0,-0.017452,0.57726,0.57726,0.57726,0.25192,0.25192,0.25192
0,0,0.75,0,0,0,0,0,0,-0.021815,0.57721,0.57721,0.57721,0.25192,0.25192,0.25192
0,0,0.75,0,0,0,0,0,0,-0.026177,0.57715,0.57715,0.57715,0.25192,0.25192,0.25192
0,0,0.75,0,0,0,0,0,0,-0.030539,0.57708,0.57708,0.57708,0.25192,0.25192,0.25192
0,0,0.75,0,0,0,0,0,0,-0.034899,0.577,0.577,0.577,0.25192,0.25192,0.25192
0,0,0.75,0,0,0,0,0,0,-0.03926,0.57691,0.57691,0.57691,0.25192,0.25192,0.25192
0,0,0.75,0,0,0,0,0,0,-0.043619,0.5768,0.5768,0.5768,0.25192,0.25192,0.25192
0,0,0.75,0,0,0,0,0,0,-0.047978,0.57669,0.57669,0.57669,0.25192,0.25192,0.25192
0,0,0.75,0,0,0,0,0,0,-0.052336,0.57656,0.57656,0.57656,0.25192,0.25192,0.25192
0,0,0.75,0,0,0,0,0,0,-0.056693,0.57642,0.57642,0.57642,0.25192,0.25192,0.25192
0,0,0.75,0,0,0,0,0,0,-0.061049,0.57627,0.57627,0.57627,0.25192,0.25192,0.25192
0,0,0.75,0,0,0,0,0,0,-0.065403,0.57611,0.57611,0.57611,0.25192,0.25192,0.25192
0,0,0.75,0,0,0,0,0,0,-0.069756,0.57594,0.57594,0.57594,0.25192,0.25192,0.25192
0,0,0.75,0,0,0,0,0,0,-0.074108,0.57576,0.57576,0.57576,0.25192,0.25192,0.25192
0,0,0.75,0,0,0,0,0,0,-0.078459,0.57557,0.57557,0.57557,0.25192,0.25192,0.25192
0,0,0.75,0,0,0,0,0,0,-0.082808,0.57537,0.57537,0.57537,0.25192,0.25192,0.25192
0,0,0.75,0,0,0,0,0,0,-0.087156,0.57515,0.57515,0.57515,0.25192,0.25192,0.25192
0,0,0.75,0,0,0,0,0,0,-0.091502,0.57493,0.57493,0.57493,0.25192,0.25192,0.25192
0,0,0.75,0,0,0,0,0,0,-0.095846,0.57469,0.57469,0.57469,0.25192,0.25192,0.25192
0,0,0.75,0,0,0,0,0,0,-0.10019,0.57445,0.57445,0.57445,0.25192,0.25192,0.25192
0,0,0.75,0,0,0,0,0,0,-0.10453,0.57419,0.57419,0.57419,0.25192,0.25192,0.25192
0,0,0.75,0,0,0,0,0,0,-0.10887,0.57392,0.57392,0.57392,0.25192,0.25192,0.25192
0,0,0.75,0,0,0,0,0,0,-0.1132,0.57364,0.57364,0.57364,0.25192,0.25192,0.25192
0,0,0.75,0,0,0,0,0,0,-0.11754,0.57335,0.57335,0.57335,0.25192,0.25192,0.25192
0,0,0.75,0,0,0,0,0,0,-0.12187,0.57305,0.57305,0.57305,0.25192,0.25192,0.25192
0,0,0.75,0,0,0,0,0,0,-0.1262,0.57273,0.57273,0.57273,0.25192,0.25192,0.25192
0,0,0.75,0,0,0,0,0,0,-0.13053,0.57241,0.57241,0.57241,0.25192,0.25192,0.25192
0,0,0.75,0,0,0,0,0,0,-0.13485,0.57208,0.57208,0.57208,0.25192,0.25192,0.25192
0,0,0.75,0,0,0,0,0,0,-0.13917,0.57173,0.57173,0.57173,0.25192,0.25192,0.25192
0,0,0.75,0,0,0,0,0,0,-0.14349,0.57138,0.57138,0.57138,0.25192,0.25192,0.25192
0,0,0.75,0,0,0,0,0,0,-0.14781,0.57101,0.57101,0.57101,0.25192,0.25192,0.25192
0,0,0.75,0,0,0,0,0,0,-0.15212,0.57063,0.57063,0.57063,0.25192,0.25192,0.25192
0,0,0.75,0,0,0,0,0,0,-0.15643,0.57024,0.57024,0.57024,0.25192,0.25192,0.25192
0,0,0.75,0,0,0,0,0,0,-0.16074,0.56984,0.56984,0.56984,0.25192,0.25192,0.25192
0,0,0.75,0,0,0,0,0,0,-0.16505,0.56943,0.56943,0.56943,0.25192,0.25192,0.25192
0,0,0.75,0,0,0,0,0,0,-0.16935,0.56901,0.56901,0.56901,0.25192,0.25192,0.25192
0,0,0.75,0,0,0,0,0,0,-0.17365,0.56858,0.56858,0.56858,0.25192,0.25192,0.25192
0,0,0.75,0,0,0,0,0,0,-0.17794,0.56814,0.56814,0.56814,0.25192,0.25192,0.25192
0,0,0.75,0,0,0,0,0,0,-0.18224,0.56768,0.56768,0.56768,0.25192,0.25192,0.25192
0,0,0.75,0,0,0,0,0,0,-0.18652,0.56722,0.56722,0.56722,0.25192,0.25192,0.25192
0,0,0.75,0,0,0,0,0,0,-0.19081,0.56674,0.56674,0.56674,0.25192,0.25192,0.25192
0,0,0.75,0,0,0,0,0,0,-0.19509,0.56626,0.56626,0.56626,0.25192,0.25192,0.25192
0,0,0.75,0,0,0,0,0,0,-0.19937,0.56576,0.56576,0.56576,0.25192,0.25192,0.25192
0,0,0.75,0,0,0,0,0,0,-0.20364,0.56525,0.56525,0.56525,0.25192,0.25192,0.25192
0,0,0.75,0,0,0,0,0,0,-0.20791,0.56473,0.56473,0.56473,0.25192,0.25192,0.25192
0,0,0.75,0,0,0,0,0,0,-0.21218,0.5642,0.5642,0.5642,0.25192,0.25192,0.25192
0,0,0.75,0,0,0,0,0,0,-0.21644,0.56366,0.56366,0.56366,0.25192,0.25192,0.25192
0,0,0.75,0,0,0,0,0,0,-0.2207,0.56311,0.56311,0.56311,0.25192,0.25192,0.25192
0,0,0.75,0,0,0,0,0,0,-0.22495,0.56255,0.56255,0.56255,0.25192,0.25192,0.25192
0,0,0.75,0,0,0,0,0,0,-0.2292,0.56198,0.56198,0.56198,0.25192,0.25192,0.25192
0,0,0.75,0,0,0,0,0,0,-0.23345,0.5614,0.5614,0.5614,0.25192,0.25192,0.25192
0,0,0.75,0,0,0,0,0,0,-0.23769,0.5608,0.5608,0.5608,0.25192,0.25192,0.25192
0,0,0.75,0,0,0,0,0,0,-0.24192,0.5602,0.5602,0.5602,0.25192,0.25192,0.25192
0,0,0.75,0,0,0,0,0,0,-0.24615,0.55959,0.55959,0.55959,0.25192,0.25192,0.25192
0,0,0.75,0,0,0,0,0,0,-0.25038,0.55896,0.55896,0.55896,0.25192,0.25192,0.25192
0,0,0.75,0,0,0,0,0,0,-0.2546,0.55832,0.55832,0.55832,0.25192,0.25192,0.25192
0,0,0.75,0,0,0,0,0,0,-0.25882,0.55768,0.55768,0.55768,0.25192,0.25192,0.25192
0,0,0.75,0,0,0,0,0,0,-0.26303,0.55702,0.55702,0.55702,0.25192,0.25192,0.25192
0,0,0.75,0,0,0,0,0,0,-0.26724,0.55635,0.55635,0.55635,0.25192,0.25192,0.25192
0,0,0.75,0,0,0,0,0,0,-0.27144,0.55567,0.55567,0.55567,0.25192,0.25192,0.25192
0,0,0.75,0,0,0,0,0,0,-0.27564,0.55498,0.55498,0.55498,0.25192,0.25192,0.25192
0,0,0.75,0,0,0,0,0,0,-0.27983,0.55429,0.55429,0.55429,0.25192,0.25192,0.25192
0,0,0.75,0,0,0,0,0,0,-0.28402,0.55357,0.55357,0.55357,0.25192,0.25192,0.25192
0,0,0.75,0,0,0,0,0,0,-0.2882,0.55285,0.55285,0.55285,0.25192,0.25192,0.25192
0,0,0.75,0,0,0,0,0,0,-0.29237,0.55212,0.55212,0.55212,0.25192,0.25192,0.25192
0,0,0.75,0,0,0,0,0,0,-0.29654,0.55138,0.55138,0.55138,0.25192,0.25192,0.25192
0,0,0.75,0,0,0,0,0,0,-0.30071,0.55063,0.55063,0.55063,0.25192,0.25192,0.25192
0,0,0.75,0,0,0,0,0,0,-0.30486,0.54987,0.54987,0.54987,0.25192,0.25192,0.25192
0,0,0.75,0,0,0,0,0,0,-0.30902,0.54909,0.54909,0.54909,0.25192,0.25192,0.25192
0,0,0.75,0,0,0,0,0,0,-0.31316,0.54831,0.54831,0.54831,0.25192,0.25192,0.25192
0,0,0.75,0,0,0,0,0,0,-0.3173,0.54751,0.54751,0.54751,0.25192,0.25192,0.25192
0,0,0.75,0,0,0,0,0,0,-0.32144,0.54671,0.54671,0.54671,0.25192,0.25192,0.25192
0,0,0.75,0,0,0,0,0,0,-0.32557,0.5459,0.5459,0.5459,0.25192,0.25192,0.25192
0,0,0.75,0,0,0,0,0,0,-0.32969,0.54507,0.54507,0.54507,0.25192,0.25192,0.25192
0,0,0.75,0,0,0,0,0,0,-0.33381,0.54423,0.54423,0.54423,0.25192,0.25192,0.25192
0,0,0.75,0,0,0,0,0,0,-0.33792,0.54339,0.54339,0.54339,0.25192,0.25192,0.25192
0,0,0.75,0,0,0,0,0,0,-0.34202,0.54253,0.54253,0.54253,0.25192,0.25192,0.25192
0,0,0.75,0,0,0,0,0,0,-0.34612,0.54167,0.54167,0.54167,0.25192,0.25192,0.25192
0,0,0.75,0,0,0,0,0,0,-0.35021,0.54079,0.54079,0.54079,0.25192,0.25192,0.25192
0,0,0.75,0,0,0,0,0,0,-0.35429,0.5399,0.5399,0.5399,0.25192,0.25192,0.25192
0,0,0.75,0,0,0,0,0,0,-0.35837,0.539,0.539,0.539,0.25192,0.25192,0.25192
0,0,0.75,0,0,0,0,0,0,-0.36244,0.53809,0.53809,0.53809,0.25192,0.25192,0.25192
0,0,0.75,0,0,0,0,0,0,-0.3665,0.53718,0.53718,0.53718,0.25192,0.25192,0.25192
0,0,0.75,0,0,0,0,0,0,-0.37056,0.53625,0.53625,0.53625,0.25192,0.25192,0.25192
0,0,0.75,0,0,0,0,0,0,-0.37461,0.53531,0.53531,0.53531,0.25192,0.25192,0.25192
0,0,0.75,0,0,0,0,0,0,-0.37865,0.53436,0.53436,0.53436,0.25192,0.25192,0.25192
0,0,0.75,0,0,0,0,0,0,-0.38268,0.5334,0.5334,0.5334,0.25192,0.25192,0.25192
0,0,0.75,0,0,0,0,0,0,-0.38671,0.53243,0.53243,0.53243,0.25192,0.25192,0.25192
0,0,0.75,0,0,0,0,0,0,-0.39073,0.53145,0.53145,0.53145,0.25192,0.25192,0.25192
0,0,0.75,0,0,0,0,0,0,-0.39474,0.53046,0.53046,0.53046,0.25192,0.25192,0.25192
0,0,0.75,0,0,0,0,0,0,-0.39875,0.52946,0.52946,0.52946,0.25192,0.25192,0.25192
0,0,0.75,0,0,0,0,0,0,-0.40275,0.52846,0.52846,0.52846,0.25192,0.25192,0.25192
0,0,0.75,0,0,0,0,0,0,-0.40674,0.52744,0.52744,0.52744,0.25192,0.25192,0.25192
0,0,0.75,0,0,0,0,0,0,-0.41072,0.52641,0.52641,0.52641,0.25192,0.25192,0.25192
0,0,0.75,0,0,0,0,0,0,-0.41469,0.52537,0.52537,0.52537,0.25192,0.25192,0.25192
0,0,0.75,0,0,0,0,0,0,-0.41866,0.52432,0.52432,0.52432,0.25192,0.25192,0.25192
0,0,0.75,0,0,0,0,0,0,-0.42262,0.52326,0.52326,0.52326,0.25192,0.25192,0.25192
0,0,0.75,0,0,0,0,0,0,-0.42657,0.52219,0.52219,0.52219,0.25192,0.25192,0.25192
0,0,0.75,0,0,0,0,0,0,-0.43051,0.52111,0.52111,0.52111,0.25192,0.25192,0.25192
0,0,0.75,0,0,0,0,0,0,-0.43445,0.52002,0.52002,0.52002,0.25192,0.25192,0.25192
0,0,0.75,0,0,0,0,0,0,-0.43837,0.51892,0.51892,0.51892,0.25192,0.25192,0.25192
0,0,0.75,0,0,0,0,0,0,-0.44229,0.51781,0.51781,0.51781,0.25192,0.25192,0.25192
0,0,0.75,0,0,0,0,0,0,-0.4462,0.51669,0.51669,0.51669,0.25192,0.25192,0.25192
0,0,0.75,0,0,0,0,0,0,-0.4501,0.51556,0.51556,0.51556,0.25192,0.25192,0.25192
0,0,0.75,0,0,0,0,0,0,-0.45399,0.51442,0.51442,0.51442,0.25192,0.25192,0.25192
0,0,0.75,0,0,0,0,0,0,-0.45787,0.51327,0.51327,0.51327,0.25192,0.25192,0.25192
0,0,0.75,0,0,0,0,0,0,-0.46175,0.51212,0.51212,0.51212,0.25192,0.25192,0.25192
0,0,0.75,0,0,0,0,0,0,-0.46561,0.51095,0.51095,0.51095,0.25192,0.25192,0.25192
0,0,0.75,0,0,0,0,0,0,-0.46947,0.50977,0.50977,0.50977,0.25192,0.25192,0.25192
0,0,0.75,0,0,0,0,0,0,-0.47332,0.50858,0.50858,0.50858,0.25192,0.25192,0.25192
0,0,0.75,0,0,0,0,0,0,-0.47716,0.50739,0.50739,0.50739,0.25192,0.25192,0.25192
0,0,0.75,0,0,0,0,0,0,-0.48099,0.50618,0.50618,0.50618,0.25192,0.25192,0.25192
0,0,0.75,0,0,0,0,0,0,-0.48481,0.50496,0.50496,0.50496,0.25192,0.25192,0.25192
0,0,0.75,0,0,0,0,0,0,-0.48862,0.50374,0.50374,0.50374,0.25192,0.25192,0.25192
0,0,0.75,0,0,0,0,0,0,-0.49242,0.5025,0.5025,0.5025,0.25192,0.25192,0.25192
0,0,0.75,0,0,0,0,0,0,-0.49622,0.50125,0.50125,0.50125,0.25192,0.25192,0.25192
0,0,0.75,0,0,0,0,0,0,-0.5,0.5,0.5,0.5,0.25192,0.25192,0.25192
0,0,0.75,0,0,0,0,0,0,-0.50377,0.49874,0.49874,0.49874,0.25192,0.25192,0.25192
0,0,0.75,0,0,0,0,0,0,-0.50754,0.49746,0.49746,0.49746,0.25192,0.25192,0.25192
0,0,0.75,0,0,0,0,0,0,-0.51129,0.49618,0.49618,0.49618,0.25192,0.25192,0.25192
0,0,0.75,0,0,0,0,0,0,-0.51504,0.49489,0.49489,0.49489,0.25192,0.25192,0.25192
0,0,0.75,0,0,0,0,0,0,-0.51877,0.49358,0.49358,0.49358,0.25192,0.25192,0.25192
0,0,0.75,0,0,0,0,0,0,-0.5225,0.49227,0.49227,0.49227,0.25192,0.25192,0.25192
0,0,0.75,0,0,0,0,0,0,-0.52621,0.49095,0.49095,0.49095,0.25192,0.25192,0.25192
0,0,0.75,0,0,0,0,0,0,-0.52992,0.48962,0.48962,0.48962,0.25192,0.25192,0.25192
0,0,0.75,0,0,0,0,0,0,-0.53361,0.48828,0.48828,0.48828,0.25192,0.25192,0.25192
0,0,0.75,0,0,0,0,0,0,-0.5373,0.48693,0.48693,0.48693,0.25192,0.25192,0.25192
0,0,0.75,0,0,0,0,0,0,-0.54097,0.48557,0.48557,0.48557,0.25192,0.25192,0.25192
0,0,0.75,0,0,0,0,0,0,-0.54464,0.48421,0.48421,0.48421,0.25192,0.25192,0.25192
0,0,0.75,0,0,0,0,0,0,-0.54829,0.48283,0.48283,0.48283,0.25192,0.25192,0.25192
0,0,0.75,0,0,0,0,0,0,-0.55194,0.48144,0.48144,0.48144,0.25192,0.25192,0.25192
0,0,0.75,0,0,0,0,0,0,-0.55557,0.48005,0.48005,0.48005,0.25192,0.25192,0.25192
0,0,0.75,0,0,0,0,0,0,-0.55919,0.47865,0.47865,0.47865,0.25192,0.25192,0.25192
0,0,0.75,0,0,0,0,0,0,-0.5628,0.47723,0.47723,0.47723,0.25192,0.25192,0.25192
0,0,0.75,0,0,0,0,0,0,-0.56641,0.47581,0.47581,0.47581,0.25192,0.25192,0.25192
0,0,0.75,0,0,0,0,0,0,-0.57,0.47438,0.47438,0.47438,0.25192,0.25192,0.25192
0,0,0.75,0,0,0,0,0,0,-0.57358,0.47294,0.47294,0.47294,0.25192,0.25192,0.25192
0,0,0.75,0,0,0,0,0,0,-0.57715,0.47149,0.47149,0.47149,0.25192,0.25192,0.25192
0,0,0.75,0,0,0,0,0,0,-0.5807,0.47003,0.47003,0.47003,0.25192,0.25192,0.25192
0,0,0.75,0,0,0,0,0,0,-0.58425,0.46856,0.46856,0.46856,0.25192,0.25192,0.25192
0,0,0.75,0,0,0,0,0,0,-0.58779,0.46709,0.46709,0.46709,0.25192,0.25192,0.25192
0,0,0.75,0,0,0,0,0,0,-0.59131,0.4656,0.4656,0.4656,0.25192,0.25192,0.25192
0,0,0.75,0,0,0,0,0,0,-0.59482,0.46411,0.46411,0.46411,0.25192,0.25192,0.25192
0,0,0.75,0,0,0,0,0,0,-0.59832,0.4626,0.4626,0.4626,0.25192,0.25192,0.25192
0,0,0.75,0,0,0,0,0,0,-0.60182,0.46109,0.46109,0.46109,0.25192,0.25192,0.25192
0,0,0.75,0,0,0,0,0,0,-0.60529,0.45957,0.45957,0.45957,0.25192,0.25192,0.25192
0,0,0.75,0,0,0,0,0,0,-0.60876,0.45804,0.45804,0.45804,0.25192,0.25192,0.25192
0,0,0.75,0,0,0,0,0,0,-0.61222,0.4565,0.4565,0.4565,0.25192,0.25192,0.25192
0,0,0.75,0,0,0,0,0,0,-0.61566,0.45496,0.45496,0.45496,0.25192,0.25192,0.25192
0,0,0.75,0,0,0,0,0,0,-0.61909,0.4534,0.4534,0.4534,0.25192,0.25192,0.25192
0,0,0.75,0,0,0,0,0,0,-0.62251,0.45184,0.45184,0.45184,0.25192,0.25192,0.25192
0,0,0.75,0,0,0,0,0,0,-0.62592,0.45027,0.45027,0.45027,0.25192,0.25192,0.25192
0,0,0.75,0,0,0,0,0,0,-0.62932,0.44869,0.44869,0.44869,0.25192,0.25192,0.25192
0,0,0.75,0,0,0,0,0,0,-0.63271,0.4471,0.4471,0.4471,0.25192,0.25192,0.25192
0,0,0.75,0,0,0,0,0,0,-0.63608,0.4455,0.4455,0.4455,0.25192,0.25192,0.25192
0,0,0.75,0,0,0,0,0,0,-0.63944,0.44389,0.44389,0.44389,0.25192,0.25192,0.25192
0,0,0.75,0,0,0,0,0,0,-0.64279,0.44228,0.44228,0.44228,0.25192,0.25192,0.25192
0,0,0.75,0,0,0,0,0,0,-0.64612,0.44065,0.44065,0.44065,0.25192,0.25192,0.25192
0,0,0.75,0,0,0,0,0,0,-0.64945,0.43902,0.43902,0.43902,0.25192,0.25192,0.25192
0,0,0.75,0,0,0,0,0,0,-0.65276,0.43738,0.43738,0.43738,0.25192,0.25192,0.25192
0,0,0.75,0,0,0,0,0,0,-0.65606,0.43573,0.43573,0.43573,0.25192,0.25192,0.25192
0,0,0.75,0,0,0,0,0,0,-0.65935,0.43407,0.43407,0.43407,0.25192,0.25192,0.25192
0,0,0.75,0,0,0,0,0,0,-0.66262,0.43241,0.43241,0.43241,0.25192,0.25192,0.25192
0,0,0.75,0,0,0,0,0,0,-0.66588,0.43074,0.43074,0.43074,0.25192,0.25192,0.25192
0,0,0.75,0,0,0,0,0,0,-0.66913,0.42905,0.42905,0.42905,0.25192,0.25192,0.25192
0,0,0.75,0,0,0,0,0,0,-0.67237,0.42737,0.42737,0.42737,0.25192,0.25192,0.25192
0,0,0.75,0,0,0,0,0,0,-0.67559,0.42567,0.42567,0.42567,0.25192,0.25192,0.25192
0,0,0.75,0,0,0,0,0,0,-0.6788,0.42396,0.42396,0.42396,0.25192,0.25192,0.25192
0,0,0.75,0,0,0,0,0,0,-0.682,0.42225,0.42225,0.42225,0.25192,0.25192,0.25192
0,0,0.75,0,0,0,0,0,0,-0.68518,0.42053,0.42053,0.42053,0.25192,0.25192,0.25192
0,0,0.75,0,0,0,0,0,0,-0.68835,0.4188,0.4188,0.4188,0.25192,0.25192,0.25192
0,0,0.75,0,0,0,0,0,0,-0.69151,0.41706,0.41706,0.41706,0.25192,0.25192,0.25192
0,0,0.75,0,0,0,0,0,0,-0.69466,0.41531,0.41531,0.41531,0.25192,0.25192,0.25192
0,0,0.75,0,0,0,0,0,0,-0.69779,0.41356,0.41356,0.41356,0.25192,0.25192,0.25192
0,0,0.75,0,0,0,0,0,0,-0.70091,0.4118,0.4118,0.4118,0.25192,0.25192,0.25192
0,0,0.75,0,0,0,0,0,0,-0.70401,0.41003,0.41003,0.41003,0.25192,0.25192,0.25192
0,0,0.75,0,0,0,0,0,0,-0.70711,0.40825,0.40825,0.40825,0.25192,0.25192,0.25192
0,0,0.75,0,0,0,0,0,0,-0.71019,0.40646,0.40646,0.40646,0.25192,0.25192,0.25192
0,0,0.75,0,0,0,0,0,0,-0.71325,0.40467,0.40467,0.40467,0.25192,0.25192,0.25192
0,0,0.75,0,0,0,0,0,0,-0.7163,0.40287,0.40287,0.40287,0.25192,0.25192,0.25192
0,0,0.75,0,0,0,0,0,0,-0.71934,0.40106,0.40106,0.40106,0.25192,0.25192,0.25192
0,0,0.75,0,0,0,0,0,0,-0.72236,0.39925,0.39925,0.39925,0.25192,0.25192,0.25192
0,0,0.75,0,0,0,0,0,0,-0.72537,0.39742,0.39742,0.39742,0.25192,0.25192,0.25192
0,0,0.75,0,0,0,0,0,0,-0.72837,0.39559,0.39559,0.39559,0.25192,0.25192,0.25192
0,0,0.75,0,0,0,0,0,0,-0.73135,0.39375,0.39375,0.39375,0.25192,0.25192,0.25192
0,0,0.75,0,0,0,0,0,0,-0.73432,0.39191,0.39191,0.39191,0.25192,0.25192,0.25192
0,0,0.75,0,0,0,0,0,0,-0.73728,0.39005,0.39005,0.39005,0.25192,0.25192,0.25192
0,0,0.75,0,0,0,0,0,0,-0.74022,0.38819,0.38819,0.38819,0.25192,0.25192,0.25192
0,0,0.75,0,0,0,0,0,0,-0.74314,0.38632,0.38632,0.38632,0.25192,0.25192,0.25192
0,0,0.75,0,0,0,0,0,0,-0.74606,0.38445,0.38445,0.38445,0.25192,0.25192,0.25192
0,0,0.75,0,0,0,0,0,0,-0.74896,0.38256,0.38256,0.38256,0.25192,0.25192,0.25192
0,0,0.75,0,0,0,0,0,0,-0.75184,0.38067,0.38067,0.38067,0.25192,0.25192,0.25192
0,0,0.75,0,0,0,0,0,0,-0.75471,0.37878,0.37878,0.37878,0.25192,0.25192,0.25192
0,0,0.75,0,0,0,0,0,0,-0.75756,0.37687,0.37687,0.37687,0.25192,0.25192,0.25192
0,0,0.75,0,0,0,0,0,0,-0.76041,0.37496,0.37496,0.37496,0.25192,0.25192,0.25192
0,0,0.75,0,0,0,0,0,0,-0.76323,0.37304,0.37304,0.37304,0.25192,0.25192,0.25192
0,0,0.75,0,0,0,0,0,0,-0.76604,0.37111,0.37111,0.37111,0.25192,0.25192,0.25192
0,0,0.75,0,0,0,0,0,0,-0.76884,0.36918,0.36918,0.36918,0.25192,0.25192,0.25192
0,0,0.75,0,0,0,0,0,0,-0.77162,0.36724,0.36724,0.36724,0.25192,0.25192,0.25192
0,0,0.75,0,0,0,0,0,0,-0.77439,0.36529,0.36529,0.36529,0.25192,0.25192,0.25192
0,0,0.75,0,0,0,0,0,0,-0.77715,0.36334,0.36334,0.36334,0.25192,0.25192,0.25192
0,0,0.75,0,0,0,0,0,0,-0.77988,0.36138,0.36138,0.36138,0.25192,0.25192,0.25192
0,0,0.75,0,0,0,0,0,0,-0.78261,0.35941,0.35941,0.35941,0.25192,0.25192,0.25192
0,0,0.75,0,0,0,0,0,0,-0.78532,0.35743,0.35743,0.35743,0.25192,0.25192,0.25192
0,0,0.75,0,0,0,0,0,0,-0.78801,0.35545,0.35545,0.35545,0.25192,0.25192,0.25192
0,0,0.75,0,0,0,0,0,0,-0.79069,0.35346,0.35346,0.35346,0.25192,0.25192,0.25192
0,0,0.75,0,0,0,0,0,0,-0.79335,0.35147,0.35147,0.35147,0.25192,0.25192,0.25192
0,0,0.75,0,0,0,0,0,0,-0.796,0.34947,0.34947,0.34947,0.25192,0.25192,0.25192
0,0,0.75,0,0,0,0,0,0,-0.79864,0.34746,0.34746,0.34746,0.25192,0.25192,0.25192
0,0,0.75,0,0,0,0,0,0,-0.80125,0.34544,0.34544,0.34544,0.25192,0.25192,0.25192
0,0,0.75,0,0,0,0,0,0,-0.80386,0.34342,0.34342,0.34342,0.25192,0.25192,0.25192
0,0,0.75,0,0,0,0,0,0,-0.80644,0.34139,0.34139,0.34139,0.25192,0.25192,0.25192
0,0,0.75,0,0,0,0,0,0,-0.80902,0.33936,0.33936,0.33936,0.25192,0.25192,0.25192
0,0,0.75,0,0,0,0,0,0,-0.81157,0.33732,0.33732,0.33732,0.25192,0.25192,0.25192
0,0,0.75,0,0,0,0,0,0,-0.81412,0.33527,0.33527,0.33527,0.25192,0.25192,0.25192
0,0,0.75,0,0,0,0,0,0,-0.81664,0.33321,0.33321,0.33321,0.25192,0.25192,0.25192
0,0,0.75,0,0,0,0,0,0,-0.81915,0.33115,0.33115,0.33115,0.25192,0.25192,0.25192
0,0,0.75,0,0,0,0,0,0,-0.82165,0.32909,0.32909,0.32909,0.25192,0.25192,0.25192
0,0,0.75,0,0,0,0,0,0,-0.82413,0.32701,0.32701,0.32701,0.25192,0.25192,0.25192
0,0,0.75,0,0,0,0,0,0,-0.82659,0.32494,0.32494,0.32494,0.25192,0.25192,0.25192
0,0,0.75,0,0,0,0,0,0,-0.82904,0.32285,0.32285,0.32285,0.25192,0.25192,0.25192
0,0,0.75,0,0,0,0,0,0,-0.83147,0.32076,0.32076,0.32076,0.25192,0.25192,0.25192
0,0,0.75,0,0,0,0,0,0,-0.83389,0.31866,0.31866,0.31866,0.25192,0.25192,0.25192
0,0,0.75,0,0,0,0,0,0,-0.83629,0.31656,0.31656,0.31656,0.25192,0.25192,0.25192
0,0,0.75,0,0,0,0,0,0,-0.83867,0.31445,0.31445,0.31445,0.25192,0.25192,0.25192
0,0,0.75,0,0,0,0,0,0,-0.84104,0.31233,0.31233,0.31233,0.25192,0.25192,0.25192
0,0,0.75,0,0,0,0,0,0,-0.84339,0.31021,0.31021,0.31021,0.25192,0.25192,0.25192
0,0,0.75,0,0,0,0,0,0,-0.84573,0.30808,0.30808,0.30808,0.25192,0.25192,0.25192
0,0,0.75,0,0,0,0,0,0,-0.84805,0.30595,0.30595,0.30595,0.25192,0.25192,0.25192
0,0,0.75,0,0,0,0,0,0,-0.85035,0.30381,0.30381,0.30381,0.25192,0.25192,0.25192
0,0,0.75,0,0,0,0,0,0,-0.85264,0.30166,0.30166,0.30166,0.25192,0.25192,0.25192
0,0,0.75,0,0,0,0,0,0,-0.85491,0.29951,0.29951,0.29951,0.25192,0.25192,0.25192
0,0,0.75,0,0,0,0,0,0,-0.85717,0.29736,0.29736,0.29736,0.25192,0.25192,0.25192
0,0,0.75,0,0,0,0,0,0,-0.85941,0.2952,0.2952,0.2952,0.25192,0.25192,0.25192
0,0,0.75,0,0,0,0,0,0,-0.86163,0.29303,0.29303,0.29303,0.25192,0.25192,0.25192
0,0,0.75,0,0,0,0,0,0,-0.86384,0.29085,0.29085,0.29085,0.25192,0.25192,0.25192
0,0,0.75,0,0,0,0,0,0,-0.86603,0.28868,0.28868,0.28868,0.25192,0.25192,0.25192
0,0,0.75,0,0,0,0,0,0,-0.8682,0.28649,0.28649,0.28649,0.25192,0.25192,0.25192
0,0,0.75,0,0,0,0,0,0,-0.87036,0.2843,0.2843,0.2843,0.25192,0.25192,0.25192
0,0,0.75,0,0,0,0,0,0,-0.8725,0.28211,0.28211,0.28211,0.25192,0.25192,0.25192
0,0,0.75,0,0,0,0,0,0,-0.87462,0.2799,0.2799,0.2799,0.25192,0.25192,0.25192
0,0,0.75,0,0,0,0,0,0,-0.87673,0.2777,0.2777,0.2777,0.25192,0.25192,0.25192
0,0,0.75,0,0,0,0,0,0,-0.87882,0.27549,0.27549,0.27549,0.25192,0.25192,0.25192
0,0,0.75,0,0,0,0,0,0,-0.88089,0.27327,0.27327,0.27327,0.25192,0.25192,0.25192
0,0,0.75,0,0,0,0,0,0,-0.88295,0.27105,0.27105,0.27105,0.25192,0.25192,0.25192
0,0,0.75,0,0,0,0,0,0,-0.88499,0.26882,0.26882,0.26882,0.25192,0.25192,0.25192
0,0,0.75,0,0,0,0,0,0,-0.88701,0.26659,0.26659,0.26659,0.25192,0.25192,0.25192
0,0,0.75,0,0,0,0,0,0,-0.88902,0.26435,0.26435,0.26435,0.25192,0.25192,0.25192
0,0,0.75,0,0,0,0,0,0,-0.89101,0.26211,0.26211,0.26211,0.25192,0.25192,0.25192
0,0,0.75,0,0,0,0,0,0,-0.89298,0.25986,0.25986,0.25986,0.25192,0.25192,0.25192
0,0,0.75,0,0,0,0,0,0,-0.89493,0.25761,0.25761,0.25761,0.25192,0.25192,0.25192
0,0,0.75,0,0,0,0,0,0,-0.89687,0.25536,0.25536,0.25536,0.25192,0.25192,0.25192
0,0,0.75,0,0,0,0,0,0,-0.89879,0.25309,0.25309,0.25309,0.25192,0.25192,0.25192
0,0,0.75,0,0,0,0,0,0,-0.9007,0.25083,0.25083,0.25083,0.25192,0.25192,0.25192
0,0,0.75,0,0,0,0,0,0,-0.90259,0.24856,0.24856,0.24856,0.25192,0.25192,0.25192
0,0,0.75,0,0,0,0,0,0,-0.90446,0.24628,0.24628,0.24628,0.25192,0.25192,0.25192
0,0,0.75,0,0,0,0,0,0,-0.90631,0.244,0.244,0.244,0.25192,0.25192,0.25192
0,0,0.75,0,0,0,0,0,0,-0.90814,0.24171,0.24171,0.24171,0.25192,0.25192,0.25192
0,0,0.75,0,0,0,0,0,0,-0.90996,0.23942,0.23942,0.23942,0.25192,0.25192,0.25192
0,0,0.75,0,0,0,0,0,0,-0.91176,0.23713,0.23713,0.23713,0.25192,0.25192,0.25192
0,0,0.75,0,0,0,0,0,0,-0.91355,0.23483,0.23483,0.23483,0.25192,0.25192,0.25192
0,0,0.75,0,0,0,0,0,0,-0.91531,0.23253,0.23253,0.23253,0.25192,0.25192,0.25192
0,0,0.75,0,0,0,0,0,0,-0.91706,0.23022,0.23022,0.23022,0.25192,0.25192,0.25192
0,0,0.75,0,0,0,0,0,0,-0.91879,0.22791,0.22791,0.22791,0.25192,0.25192,0.25192
0,0,0.75,0,0,0,0,0,0,-0.9205,0.22559,0.22559,0.22559,0.25192,0.25192,0.25192
0,0,0.75,0,0,0,0,0,0,-0.9222,0.22327,0.22327,0.22327,0.25192,0.25192,0.25192
0,0,0.75,0,0,0,0,0,0,-0.92388,0.22094,0.22094,0.22094,0.25192,0.25192,0.25192
0,0,0.75,0,0,0,0,0,0,-0.92554,0.21861,0.21861,0.21861,0.25192,0.25192,0.25192
0,0,0.75,0,0,0,0,0,0,-0.92718,0.21628,0.21628,0.21628,0.25192,0.25192,0.25192
0,0,0.75,0,0,0,0,0,0,-0.92881,0.21394,0.21394,0.21394,0.25192,0.25192,0.25192
0,0,0.75,0,0,0,0,0,0,-0.93042,0.2116,0.2116,0.2116,0.25192,0.25192,0.25192
0,0,0.75,0,0,0,0,0,0,-0.93201,0.20925,0.20925,0.20925,0.25192,0.25192,0.25192
0,0,0.75,0,0,0,0,0,0,-0.93358,0.2069,0.2069,0.2069,0.25192,0.25192,0.25192
0,0,0.75,0,0,0,0,0,0,-0.93514,0.20455,0.20455,0.20455,0.25192,0.25192,0.25192
0,0,0.75,0,0,0,0,0,0,-0.93667,0.20219,0.20219,0.20219,0.25192,0.25192,0.25192
0,0,0.75,0,0,0,0,0,0,-0.93819,0.19983,0.19983,0.19983,0.25192,0.25192,0.25192
0,0,0.75,0,0,0,0,0,0,-0.93969,0.19747,0.19747,0.19747,0.25192,0.25192,0.25192
0,0,0.75,0,0,0,0,0,0,-0.94118,0.1951,0.1951,0.1951,0.25192,0.25192,0.25192
0,0,0.75,0,0,0,0,0,0,-0.94264,0.19272,0.19272,0.19272,0.25192,0.25192,0.25192
0,0,0.75,0,0,0,0,0,0,-0.94409,0.19035,0.19035,0.19035,0.25192,0.25192,0.25192
0,0,0.75,0,0,0,0,0,0,-0.94552,0.18797,0.18797,0.18797,0.25192,0.25192,0.25192
0,0,0.75,0,0,0,0,0,0,-0.94693,0.18558,0.18558,0.18558,0.25192,0.25192,0.25192
0,0,0.75,0,0,0,0,0,0,-0.94832,0.1832,0.1832,0.1832,0.25192,0.25192,0.25192
0,0,0.75,0,0,0,0,0,0,-0.9497,0.18081,0.18081,0.18081,0.25192,0.25192,0.25192
0,0,0.75,0,0,0,0,0,0,-0.95106,0.17841,0.17841,0.17841,0.25192,0.25192,0.25192
0,0,0.75,0,0,0,0,0,0,-0.9524,0.17601,0.17601,0.17601,0.25192,0.25192,0.25192
0,0,0.75,0,0,0,0,0,0,-0.95372,0.17361,0.17361,0.17361,0.25192,0.25192,0.25192
0,0,0.75,0,0,0,0,0,0,-0.95502,0.17121,0.17121,0.17121,0.25192,0.25192,0.25192
0,0,0.75,0,0,0,0,0,0,-0.9563,0.1688,0.1688,0.1688,0.25192,0.25192,0.25192
0,0,0.75,0,0,0,0,0,0,-0.95757,0.16639,0.16639,0.16639,0.25192,0.25192,0.25192
0,0,0.75,0,0,0,0,0,0,-0.95882,0.16398,0.16398,0.16398,0.25192,0.25192,0.25192
0,0,0.75,0,0,0,0,0,0,-0.96005,0.16156,0.16156,0.16156,0.25192,0.25192,0.25192
0,0,0.75,0,0,0,0,0,0,-0.96126,0.15914,0.15914,0.15914,0.25192,0.25192,0.25192
0,0,0.75,0,0,0,0,0,0,-0.96246,0.15672,0.15672,0.15672,0.25192,0.25192,0.25192
0,0,0.75,0,0,0,0,0,0,-0.96363,0.15429,0.15429,0.15429,0.25192,0.25192,0.25192
0,0,0.75,0,0,0,0,0,0,-0.96479,0.15186,0.15186,0.15186,0.25192,0.25192,0.25192
0,0,0.75,0,0,0,0,0,0,-0.96593,0.14943,0.14943,0.14943,0.25192,0.25192,0.25192
0,0,0.75,0,0,0,0,0,0,-0.96705,0.14699,0.14699,0.14699,0.25192,0.25192,0.25192
0,0,0.75,0,0,0,0,0,0,-0.96815,0.14456,0.14456,0.14456,0.25192,0.25192,0.25192
0,0,0.75,0,0,0,0,0,0,-0.96923,0.14212,0.14212,0.14212,0.25192,0.25192,0.25192
0,0,0.75,0,0,0,0,0,0,-0.9703,0.13967,0.13967,0.13967,0.25192,0.25192,0.25192
0,0,0.75,0,0,0,0,0,0,-0.97134,0.13723,0.13723,0.13723,0.25192,0.25192,0.25192
0,0,0.75,0,0,0,0,0,0,-0.97237,0.13478,0.13478,0.13478,0.25192,0.25192,0.25192
0,0,0.75,0,0,0,0,0,0,-0.97338,0.13233,0.13233,0.13233,0.25192,0.25192,0.25192
0,0,0.75,0,0,0,0,0,0,-0.97437,0.12988,0.12988,0.12988,0.25192,0.25192,0.25192
0,0,0.75,0,0,0,0,0,0,-0.97534,0.12742,0.12742,0.12742,0.25192,0.25192,0.25192
0,0,0.75,0,0,0,0,0,0,-0.9763,0.12496,0.12496,0.12496,0.25192,0.25192,0.25192
0,0,0.75,0,0,0,0,0,0,-0.97723,0.1225,0.1225,0.1225,0.25192,0.25192,0.25192
0,0,0.75,0,0,0,0,0,0,-0.97815,0.12004,0.12004,0.12004,0.25192,0.25192,0.25192
0,0,0.75,0,0,0,0,0,0,-0.97905,0.11757,0.11757,0.11757,0.25192,0.25192,0.25192
0,0,0.75,0,0,0,0,0,0,-0.97992,0.11511,0.11511,0.11511,0.25192,0.25192,0.25192
0,0,0.75,0,0,0,0,0,0,-0.98079,0.11264,0.11264,0.11264,0.25192,0.25192,0.25192
0,0,0.75,0,0,0,0,0,0,-0.98163,0.11016,0.11016,0.11016,0.25192,0.25192,0.25192
0,0,0.75,0,0,0,0,0,0,-0.98245,0.10769,0.10769,0.10769,0.25192,0.25192,0.25192
0,0,0.75,0,0,0,0,0,0,-0.98325,0.10521,0.10521,0.10521,0.25192,0.25192,0.25192
0,0,0.75,0,0,0,0,0,0,-0.98404,0.10274,0.10274,0.10274,0.25192,0.25192,0.25192
0,0,0.75,0,0,0,0,0,0,-0.98481,0.10026,0.10026,0.10026,0.25192,0.25192,0.25192
0,0,0.75,0,0,0,0,0,0,-0.98556,0.097774,0.097774,0.097774,0.25192,0.25192,0.25192
0,0,0.75,0,0,0,0,0,0,-0.98629,0.09529,0.09529,0.09529,0.25192,0.25192,0.25192
0,0,0.75,0,0,0,0,0,0,-0.987,0.092805,0.092805,0.092805,0.25192,0.25192,0.25192
0,0,0.75,0,0,0,0,0,0,-0.98769,0.090317,0.090317,0.090317,0.25192,0.25192,0.25192
0,0,0.75,0,0,0,0,0,0,-0.98836,0.087828,0.087828,0.087828,0.25192,0.25192,0.25192
0,0,0.75,0,0,0,0,0,0,-0.98902,0.085338,0.085338,0.085338,0.25192,0.25192,0.25192
0,0,0.75,0,0,0,0,0,0,-0.98965,0.082846,0.082846,0.082846,0.25192,0.25192,0.25192
0,0,0.75,0,0,0,0,0,0,-0.99027,0.080352,0.080352,0.080352,0.25192,0.25192,0.25192
0,0,0.75,0,0,0,0,0,0,-0.99087,0.077856,0.077856,0.077856,0.25192,0.25192,0.25192
0,0,0.75,0,0,0,0,0,0,-0.99144,0.075359,0.075359,0.075359,0.25192,0.25192,0.25192
0,0,0.75,0,0,0,0,0,0,-0.992,0.072861,0.072861,0.072861,0.25192,0.25192,0.25192
0,0,0.75,0,0,0,0,0,0,-0.99255,0.070361,0.070361,0.070361,0.25192,0.25192,0.25192
0,0,0.75,0,0,0,0,0,0,-0.99307,0.06786,0.06786,0.06786,0.25192,0.25192,0.25192
0,0,0.75,0,0,0,0,0,0,-0.99357,0.065358,0.065358,0.065358,0.25192,0.25192,0.25192
0,0,0.75,0,0,0,0,0,0,-0.99406,0.062854,0.062854,0.062854,0.25192,0.25192,0.25192
0,0,0.75,0,0,0,0,0,0,-0.99452,0.06035,0.06035,0.06035,0.25192,0.25192,0.25192
0,0,0.75,0,0,0,0,0,0,-0.99497,0.057844,0.057844,0.057844,0.25192,0.25192,0.25192
0,0,0.75,0,0,0,0,0,0,-0.9954,0.055337,0.055337,0.055337,0.25192,0.25192,0.25192
0,0,0.75,0,0,0,0,0,0,-0.9958,0.052828,0.052828,0.052828,0.25192,0.25192,0.25192
0,0,0.75,0,0,0,0,0,0,-0.99619,0.050319,0.050319,0.050319,0.25192,0.25192,0.25192
0,0,0.75,0,0,0,0,0,0,-0.99657,0.047809,0.047809,0.047809,0.25192,0.25192,0.25192
0,0,0.75,0,0,0,0,0,0,-0.99692,0.045298,0.045298,0.045298,0.25192,0.25192,0.25192
0,0,0.75,0,0,0,0,0,0,-0.99725,0.042787,0.042787,0.042787,0.25192,0.25192,0.25192
0,0,0.75,0,0,0,0,0,0,-0.99756,0.040274,0.040274,0.040274,0.25192,0.25192,0.25192
0,0,0.75,0,0,0,0,0,0,-0.99786,0.037761,0.037761,0.037761,0.25192,0.25192,0.25192
0,0,0.75,0,0,0,0,0,0,-0.99813,0.035246,0.035246,0.035246,0.25192,0.25192,0.25192
0,0,0.75,0,0,0,0,0,0,-0.99839,0.032732,0.032732,0.032732,0.25192,0.25192,0.25192
0,0,0.75,0,0,0,0,0,0,-0.99863,0.030216,0.030216,0.030216,0.25192,0.25192,0.25192
0,0,0.75,0,0,0,0,0,0,-0.99885,0.0277,0.0277,0.0277,0.25192,0.25192,0.25192
0,0,0.75,0,0,0,0,0,0,-0.99905,0.025184,0.025184,0.025184,0.25192,0.25192,0.25192
0,0,0.75,0,0,0,0,0,0,-0.99923,0.022667,0.022667,0.022667,0.25192,0.25192,0.25192
0,0,0.75,0,0,0,0,0,0,-0.99939,0.020149,0.020149,0.020149,0.25192,0.25192,0.25192
0,0,0.75,0,0,0,0,0,0,-0.99953,0.017631,0.017631,0.017631,0.25192,0.25192,0.25192
0,0,0.75,0,0,0,0,0,0,-0.99966,0.015113,0.015113,0.015113,0.25192,0.25192,0.25192
0,0,0.75,0,0,0,0,0,0,-0.99976,0.012595,0.012595,0.012595,0.25192,0.25192,0.25192
0,0,0.75,0,0,0,0,0,0,-0.99985,0.010076,0.010076,0.010076,0.25192,0.25192,0.25192
0,0,0.75,0,0,0,0,0,0,-0.99991,0.0075573,0.0075573,0.0075573,0.25192,0.25192,0.25192
0,0,0.75,0,0,0,0,0,0,-0.99996,0.0050383,0.0050383,0.0050383,0.25192,0.25192,0.25192
0,0,0.75,0,0,0,0,0,0,-0.99999,0.0025192,0.0025192,0.0025192,0.25192,0.25192,0.25192
0,0,0.75,0,0,0,0,0,0,-1,7.0705e-17,7.0705e-17,7.0705e-17,0.25192,0.25192,0.25192
