0.5,0,0.75,-0.2549,-0,-0,5.3987e-17,0.47186,2.8893e-17,0.88167,0,0,0
0.49995,0.0071397,0.75,-0.25487,-0.0036398,-0,-0.0062951,0.47185,-0.003369,0.88165,0.59408,-2.9104e-15,0.39605
0.4998,0.014278,0.75,-0.25479,-0.0072788,-0,-0.01259,0.47181,-0.0067379,0.88158,0.59408,4.1239e-15,0.39605
0.49954,0.021413,0.75,-0.25466,-0.010916,-0,-0.018884,0.47175,-0.010106,0.88147,0.59408,-1.2117e-15,0.39605
0.49918,0.028544,0.75,-0.25448,-0.014552,-0,-0.025177,0.47167,-0.013474,0.88132,0.59408,-2.4182e-15,0.39605
0.49873,0.03567,0.75,-0.25425,-0.018184,-0,-0.031469,0.47156,-0.016842,0.88111,0.59408,9.8706e-16,0.39605
0.49817,0.042788,0.75,-0.25396,-0.021813,-0,-0.037759,0.47143,-0.020208,0.88087,0.59408,1.8874e-15,0.39605
0.4975,0.049897,0.75,-0.25362,-0.025437,-0,-0.044048,0.47127,-0.023574,0.88057,0.59408,-9.3675e-17,0.39605
0.49674,0.056996,0.75,-0.25324,-0.029056,-0,-0.050334,0.47109,-0.026938,0.88024,0.59408,4.8919e-16,0.39605
0.49588,0.064083,0.75,-0.25279,-0.032669,-0,-0.056617,0.47088,-0.030301,0.87985,0.59408,-3.1572e-16,0.39605
0.49491,0.071157,0.75,-0.2523,-0.036276,-0,-0.062898,0.47066,-0.033662,0.87943,0.59408,-3.688e-15,0.39605
0.49384,0.078217,0.75,-0.25176,-0.039875,-0,-0.069175,0.4704,-0.037022,0.87896,0.59408,3.3619e-15,0.39605
0.49268,0.085261,0.75,-0.25116,-0.043466,-0,-0.075449,0.47013,-0.040379,0.87844,0.59408,-3.1954e-15,0.39605
0.49141,0.092288,0.75,-0.25052,-0.047048,-0,-0.081719,0.46983,-0.043735,0.87788,0.59408,2.6368e-15,0.39605
0.49004,0.099295,0.75,-0.24982,-0.05062,-0,-0.087985,0.4695,-0.047088,0.87727,0.59408,2.9421e-15,0.39605
0.48857,0.10628,0.75,-0.24907,-0.054182,-0,-0.094247,0.46915,-0.050439,0.87662,0.59408,-4.7184e-15,0.39605
0.48701,0.11325,0.75,-0.24827,-0.057733,-0,-0.1005,0.46878,-0.053788,0.87593,0.59408,-4.5797e-16,0.39605
0.48534,0.12019,0.75,-0.24742,-0.061273,-0,-0.10675,0.46839,-0.057133,0.87519,0.59408,6.3005e-15,0.39605
0.48357,0.12711,0.75,-0.24652,-0.064799,-0,-0.113,0.46797,-0.060476,0.8744,0.59408,-6.7932e-15,0.39605
0.48171,0.134,0.75,-0.24557,-0.068313,-0,-0.11924,0.46752,-0.063816,0.87357,0.59408,1.7278e-15,0.39605
0.47975,0.14087,0.75,-0.24457,-0.071813,-0,-0.12548,0.46706,-0.067152,0.8727,0.59408,1.1866e-15,0.39605
0.47769,0.1477,0.75,-0.24352,-0.075298,-0,-0.1317,0.46656,-0.070485,0.87178,0.59408,7.0083e-16,0.39605
0.47553,0.15451,0.75,-0.24242,-0.078767,-0,-0.13792,0.46605,-0.073815,0.87082,0.59408,-1.5196e-15,0.39605
0.47327,0.16128,0.75,-0.24127,-0.082221,-0,-0.14414,0.46551,-0.077141,0.86981,0.59408,-1.2421e-15,0.39605
0.47092,0.16802,0.75,-0.24007,-0.085658,-0,-0.15035,0.46495,-0.080462,0.86876,0.59408,-4.1633e-17,0.39605
0.46847,0.17473,0.75,-0.23883,-0.089077,-0,-0.15654,0.46436,-0.08378,0.86767,0.59408,1.5127e-15,0.39605
0.46593,0.1814,0.75,-0.23753,-0.092479,-0,-0.16274,0.46375,-0.087093,0.86653,0.59408,1.4572e-16,0.39605
0.46329,0.18804,0.75,-0.23618,-0.095861,-0,-0.16892,0.46312,-0.090402,0.86534,0.59408,-7.3136e-15,0.39605
0.46056,0.19464,0.75,-0.23479,-0.099224,-0,-0.17509,0.46246,-0.093706,0.86411,0.59408,7.265e-15,0.39605
0.45774,0.20119,0.75,-0.23335,-0.10257,-0,-0.18126,0.46178,-0.097006,0.86284,0.59408,-1.0755e-15,0.39605
0.45482,0.20771,0.75,-0.23186,-0.10589,-0,-0.18741,0.46107,-0.1003,0.86153,0.59408,2.6992e-15,0.39605
0.4518,0.21418,0.75,-0.23033,-0.10919,-0,-0.19356,0.46035,-0.10359,0.86017,0.59408,-2.8727e-15,0.39605
0.4487,0.22061,0.75,-0.22874,-0.11247,-0,-0.1997,0.4596,-0.10687,0.85876,0.59408,1.249e-16,0.39605
0.4455,0.227,0.75,-0.22711,-0.11572,-0,-0.20582,0.45882,-0.11015,0.85731,0.59408,2.1094e-15,0.39605
0.44222,0.23333,0.75,-0.22544,-0.11895,-0,-0.21194,0.45802,-0.11343,0.85582,0.59408,-3.4417e-15,0.39605
0.43884,0.23962,0.75,-0.22372,-0.12216,-0,-0.21804,0.4572,-0.11669,0.85429,0.59408,4.6352e-15,0.39605
0.43537,0.24587,0.75,-0.22195,-0.12534,-0,-0.22414,0.45636,-0.11995,0.85271,0.59408,3.0531e-16,0.39605
0.43182,0.25206,0.75,-0.22014,-0.1285,-0,-0.23022,0.45549,-0.12321,0.85109,0.59408,3.6082e-16,0.39605
0.42817,0.2582,0.75,-0.21828,-0.13163,-0,-0.23629,0.4546,-0.12646,0.84942,0.59408,-2.7756e-16,0.39605
0.42444,0.26429,0.75,-0.21638,-0.13473,-0,-0.24235,0.45368,-0.1297,0.84771,0.59408,-5.8009e-15,0.39605
0.42063,0.27032,0.75,-0.21443,-0.13781,-0,-0.2484,0.45274,-0.13294,0.84596,0.59408,4.6768e-15,0.39605
0.41672,0.2763,0.75,-0.21244,-0.14086,-0,-0.25443,0.45178,-0.13617,0.84417,0.59408,1.249e-16,0.39605
0.41274,0.28222,0.75,-0.21041,-0.14387,-0,-0.26045,0.4508,-0.13939,0.84233,0.59408,-7.9103e-16,0.39605
0.40866,0.28809,0.75,-0.20833,-0.14686,-0,-0.26646,0.44979,-0.1426,0.84045,0.59408,-5.2597e-15,0.39605
0.40451,0.29389,0.75,-0.20622,-0.14982,-0,-0.27245,0.44876,-0.14581,0.83852,0.59408,7.2442e-15,0.39605
0.40027,0.29964,0.75,-0.20406,-0.15275,-0,-0.27843,0.44771,-0.14901,0.83656,0.59408,-1.7625e-15,0.39605
0.39595,0.30532,0.75,-0.20185,-0.15565,-0,-0.2844,0.44664,-0.15221,0.83455,0.59408,1.249e-15,0.39605
0.39155,0.31095,0.75,-0.19961,-0.15852,-0,-0.29035,0.44554,-0.15539,0.83249,0.59408,-1.0131e-15,0.39605
0.38707,0.31651,0.75,-0.19733,-0.16135,-0,-0.29629,0.44442,-0.15857,0.8304,0.59408,-3.4972e-15,0.39605
0.38251,0.322,0.75,-0.195,-0.16415,-0,-0.30221,0.44327,-0.16174,0.82826,0.59408,2.9421e-15,0.39605
0.37787,0.32743,0.75,-0.19264,-0.16692,-0,-0.30811,0.44211,-0.1649,0.82608,0.59408,7.9103e-16,0.39605
0.37316,0.33279,0.75,-0.19023,-0.16966,-0,-0.314,0.44092,-0.16805,0.82386,0.59408,-2.7756e-16,0.39605
0.36837,0.33809,0.75,-0.18779,-0.17235,-0,-0.31988,0.43971,-0.17119,0.8216,0.59408,-2.6229e-15,0.39605
0.36351,0.34331,0.75,-0.18531,-0.17502,-0,-0.32574,0.43847,-0.17433,0.8193,0.59408,3.4001e-15,0.39605
0.35857,0.34847,0.75,-0.18279,-0.17765,-0,-0.33158,0.43722,-0.17746,0.81695,0.59408,-5.6483e-15,0.39605
0.35355,0.35355,0.75,-0.18024,-0.18024,-0,-0.3374,0.43594,-0.18057,0.81456,0.59408,2.2482e-15,0.39605
0.34847,0.35857,0.75,-0.17765,-0.18279,-0,-0.34321,0.43464,-0.18368,0.81213,0.59408,5.0931e-15,0.39605
0.34331,0.36351,0.75,-0.17502,-0.18531,-0,-0.349,0.43332,-0.18678,0.80966,0.59408,-4.0939e-15,0.39605
0.33809,0.36837,0.75,-0.17235,-0.18779,-0,-0.35477,0.43197,-0.18987,0.80715,0.59408,-3.8997e-15,0.39605
0.33279,0.37316,0.75,-0.16966,-0.19023,-0,-0.36053,0.43061,-0.19295,0.80459,0.59408,2.7062e-15,0.39605
0.32743,0.37787,0.75,-0.16692,-0.19264,-0,-0.36626,0.42922,-0.19602,0.802,0.59408,4.9682e-15,0.39605
0.322,0.38251,0.75,-0.16415,-0.195,-0,-0.37198,0.42781,-0.19908,0.79936,0.59408,-3.5943e-15,0.39605
0.31651,0.38707,0.75,-0.16135,-0.19733,-0,-0.37768,0.42637,-0.20213,0.79669,0.59408,-1.4155e-15,0.39605
0.31095,0.39155,0.75,-0.15852,-0.19961,-0,-0.38335,0.42492,-0.20517,0.79397,0.59408,-1.4017e-15,0.39605
0.30532,0.39595,0.75,-0.15565,-0.20185,-0,-0.38901,0.42344,-0.20819,0.79121,0.59408,2.5258e-15,0.39605
0.29964,0.40027,0.75,-0.15275,-0.20406,-0,-0.39465,0.42195,-0.21121,0.78842,0.59408,4.3021e-16,0.39605
0.29389,0.40451,0.75,-0.14982,-0.20622,-0,-0.40027,0.42043,-0.21422,0.78558,0.59408,-1.2906e-15,0.39605
0.28809,0.40866,0.75,-0.14686,-0.20833,-0,-0.40587,0.41889,-0.21722,0.7827,0.59408,2.3731e-15,0.39605
0.28222,0.41274,0.75,-0.14387,-0.21041,-0,-0.41145,0.41733,-0.2202,0.77978,0.59408,-9.7145e-16,0.39605
0.2763,0.41672,0.75,-0.14086,-0.21244,-0,-0.41701,0.41574,-0.22317,0.77682,0.59408,1.2906e-15,0.39605
0.27032,0.42063,0.75,-0.13781,-0.21443,-0,-0.42254,0.41414,-0.22614,0.77383,0.59408,-7.7716e-16,0.39605
0.26429,0.42444,0.75,-0.13473,-0.21638,-0,-0.42806,0.41251,-0.22909,0.77079,0.59408,-3.3307e-16,0.39605
0.2582,0.42817,0.75,-0.13163,-0.21828,-0,-0.43355,0.41087,-0.23203,0.76771,0.59408,2.498e-15,0.39605
0.25206,0.43182,0.75,-0.1285,-0.22014,-0,-0.43902,0.4092,-0.23496,0.7646,0.59408,-9.2426e-15,0.39605
0.24587,0.43537,0.75,-0.12534,-0.22195,-0,-0.44447,0.40751,-0.23787,0.76145,0.59408,5.4123e-15,0.39605
0.23962,0.43884,0.75,-0.12216,-0.22372,-0,-0.44989,0.4058,-0.24077,0.75825,0.59408,-2.1927e-15,0.39605
0.23333,0.44222,0.75,-0.11895,-0.22544,-0,-0.45529,0.40408,-0.24367,0.75502,0.59408,2.4425e-15,0.39605
0.227,0.4455,0.75,-0.11572,-0.22711,-0,-0.46067,0.40233,-0.24655,0.75175,0.59408,2.9421e-15,0.39605
0.22061,0.4487,0.75,-0.11247,-0.22874,-0,-0.46603,0.40055,-0.24941,0.74844,0.59408,-2.1094e-15,0.39605
0.21418,0.4518,0.75,-0.10919,-0.23033,-0,-0.47136,0.39876,-0.25226,0.7451,0.59408,-1.1102e-15,0.39605
0.20771,0.45482,0.75,-0.10589,-0.23186,-0,-0.47667,0.39695,-0.25511,0.74171,0.59408,3.6082e-16,0.39605
0.20119,0.45774,0.75,-0.10257,-0.23335,-0,-0.48195,0.39512,-0.25793,0.73829,0.59408,4.1911e-15,0.39605
0.19464,0.46056,0.75,-0.099224,-0.23479,-0,-0.48721,0.39327,-0.26075,0.73483,0.59408,-2.5813e-15,0.39605
0.18804,0.46329,0.75,-0.095861,-0.23618,-0,-0.49245,0.3914,-0.26355,0.73133,0.59408,-2.1094e-15,0.39605
0.1814,0.46593,0.75,-0.092479,-0.23753,-0,-0.49766,0.38951,-0.26634,0.7278,0.59408,4.1078e-15,0.39605
0.17473,0.46847,0.75,-0.089077,-0.23883,-0,-0.50284,0.38759,-0.26911,0.72423,0.59408,-8.8818e-16,0.39605
0.16802,0.47092,0.75,-0.085658,-0.24007,-0,-0.508,0.38566,-0.27187,0.72062,0.59408,-2.1094e-15,0.39605
0.16128,0.47327,0.75,-0.082221,-0.24127,-0,-0.51313,0.38371,-0.27462,0.71697,0.59408,5.5511e-16,0.39605
0.15451,0.47553,0.75,-0.078767,-0.24242,-0,-0.51824,0.38174,-0.27735,0.71329,0.59408,3.0809e-15,0.39605
0.1477,0.47769,0.75,-0.075298,-0.24352,-0,-0.52331,0.37975,-0.28007,0.70957,0.59408,-3.525e-15,0.39605
0.14087,0.47975,0.75,-0.071813,-0.24457,-0,-0.52837,0.37774,-0.28277,0.70582,0.59408,8.8818e-16,0.39605
0.134,0.48171,0.75,-0.068313,-0.24557,-0,-0.53339,0.37571,-0.28546,0.70203,0.59408,6.1062e-16,0.39605
0.12711,0.48357,0.75,-0.064799,-0.24652,-0,-0.53839,0.37367,-0.28814,0.6982,0.59408,-1.5266e-15,0.39605
0.12019,0.48534,0.75,-0.061273,-0.24742,-0,-0.54336,0.3716,-0.2908,0.69434,0.59408,1.5266e-15,0.39605
0.11325,0.48701,0.75,-0.057733,-0.24827,-0,-0.54831,0.36951,-0.29345,0.69044,0.59408,-2.8311e-15,0.39605
0.10628,0.48857,0.75,-0.054182,-0.24907,-0,-0.55322,0.36741,-0.29608,0.68651,0.59408,1.3045e-15,0.39605
0.099295,0.49004,0.75,-0.05062,-0.24982,-0,-0.55811,0.36528,-0.29869,0.68254,0.59408,-3.2752e-15,0.39605
0.092288,0.49141,0.75,-0.047048,-0.25052,-0,-0.56297,0.36314,-0.30129,0.67854,0.59408,4.8017e-15,0.39605
0.085261,0.49268,0.75,-0.043466,-0.25116,-0,-0.5678,0.36098,-0.30388,0.6745,0.59408,6.1062e-16,0.39605
0.078217,0.49384,0.75,-0.039875,-0.25176,-0,-0.5726,0.3588,-0.30645,0.67043,0.59408,-3.0254e-15,0.39605
0.071157,0.49491,0.75,-0.036276,-0.2523,-0,-0.57737,0.35661,-0.309,0.66633,0.59408,4.885e-15,0.39605
0.064083,0.49588,0.75,-0.032669,-0.25279,-0,-0.58212,0.35439,-0.31154,0.66219,0.59408,-4.1911e-15,0.39605
0.056996,0.49674,0.75,-0.029056,-0.25324,-0,-0.58683,0.35216,-0.31406,0.65801,0.59408,1.3878e-15,0.39605
0.049897,0.4975,0.75,-0.025437,-0.25362,-0,-0.59151,0.34991,-0.31657,0.65381,0.59408,-2.0262e-15,0.39605
0.042788,0.49817,0.75,-0.021813,-0.25396,-0,-0.59617,0.34764,-0.31906,0.64957,0.59408,4.7184e-16,0.39605
0.03567,0.49873,0.75,-0.018184,-0.25425,-0,-0.60079,0.34535,-0.32153,0.64529,0.59408,1.9429e-15,0.39605
0.028544,0.49918,0.75,-0.014552,-0.25448,-0,-0.60538,0.34305,-0.32399,0.64099,0.59408,-7.2164e-16,0.39605
0.021413,0.49954,0.75,-0.010916,-0.25466,-0,-0.60994,0.34072,-0.32643,0.63665,0.59408,-3.3307e-16,0.39605
0.014278,0.4998,0.75,-0.0072788,-0.25479,-0,-0.61447,0.33838,-0.32886,0.63228,0.59408,3.3307e-15,0.39605
0.0071397,0.49995,0.75,-0.0036398,-0.25487,-0,-0.61897,0.33603,-0.33126,0.62787,0.59408,-2.1372e-15,0.39605
3.0616e-17,0.5,0.75,-1.5608e-17,-0.2549,-0,-0.62344,0.33365,-0.33365,0.62344,0.59408,-2.1094e-15,0.39605
-0.0071397,0.49995,0.75,0.0036398,-0.25487,-0,-0.62787,0.33126,-0.33603,0.61897,0.59408,2.0539e-15,0.39605
-0.014278,0.4998,0.75,0.0072788,-0.25479,-0,-0.63228,0.32886,-0.33838,0.61447,0.59408,-1.3878e-15,0.39605
-0.021413,0.49954,0.75,0.010916,-0.25466,-0,-0.63665,0.32643,-0.34072,0.60994,0.59408,1.9429e-16,0.39605
-0.028544,0.49918,0.75,0.014552,-0.25448,-0,-0.64099,0.32399,-0.34305,0.60538,0.59408,-3.1919e-15,0.39605
-0.03567,0.49873,0.75,0.018184,-0.25425,-0,-0.64529,0.32153,-0.34535,0.60079,0.59408,4.4409e-16,0.39605
-0.042788,0.49817,0.75,0.021813,-0.25396,-0,-0.64957,0.31906,-0.34764,0.59617,0.59408,-1.3878e-15,0.39605
-0.049897,0.4975,0.75,0.025437,-0.25362,-0,-0.65381,0.31657,-0.34991,0.59151,0.59408,2.8311e-15,0.39605
-0.056996,0.49674,0.75,0.029056,-0.25324,-0,-0.65801,0.31406,-0.35216,0.58683,0.59408,2.2204e-15,0.39605
-0.064083,0.49588,0.75,0.032669,-0.25279,-0,-0.66219,0.31154,-0.35439,0.58212,0.59408,-1.6653e-15,0.39605
-0.071157,0.49491,0.75,0.036276,-0.2523,-0,-0.66633,0.309,-0.35661,0.57737,0.59408,9.1593e-16,0.39605
-0.078217,0.49384,0.75,0.039875,-0.25176,-0,-0.67043,0.30645,-0.3588,0.5726,0.59408,-1.6931e-15,0.39605
-0.085261,0.49268,0.75,0.043466,-0.25116,-0,-0.6745,0.30388,-0.36098,0.5678,0.59408,3.0254e-15,0.39605
-0.092288,0.49141,0.75,0.047048,-0.25052,-0,-0.67854,0.30129,-0.36314,0.56297,0.59408,-3.9135e-15,0.39605
-0.099295,0.49004,0.75,0.05062,-0.24982,-0,-0.68254,0.29869,-0.36528,0.55811,0.59408,4.5519e-15,0.39605
-0.10628,0.48857,0.75,0.054182,-0.24907,-0,-0.68651,0.29608,-0.36741,0.55322,0.59408,2.2204e-16,0.39605
-0.11325,0.48701,0.75,0.057733,-0.24827,-0,-0.69044,0.29345,-0.36951,0.54831,0.59408,-4.2466e-15,0.39605
-0.12019,0.48534,0.75,0.061273,-0.24742,-0,-0.69434,0.2908,-0.3716,0.54336,0.59408,2.9421e-15,0.39605
-0.12711,0.48357,0.75,0.064799,-0.24652,-0,-0.6982,0.28814,-0.37367,0.53839,0.59408,-2.3592e-15,0.39605
-0.134,0.48171,0.75,0.068313,-0.24557,-0,-0.70203,0.28546,-0.37571,0.53339,0.59408,5.3568e-15,0.39605
-0.14087,0.47975,0.75,0.071813,-0.24457,-0,-0.70582,0.28277,-0.37774,0.52837,0.59408,-7.7438e-15,0.39605
-0.1477,0.47769,0.75,0.075298,-0.24352,-0,-0.70957,0.28007,-0.37975,0.52331,0.59408,6.2728e-15,0.39605
-0.15451,0.47553,0.75,0.078767,-0.24242,-0,-0.71329,0.27735,-0.38174,0.51824,0.59408,4.4409e-16,0.39605
-0.16128,0.47327,0.75,0.082221,-0.24127,-0,-0.71697,0.27462,-0.38371,0.51313,0.59408,-2.8866e-15,0.39605
-0.16802,0.47092,0.75,0.085658,-0.24007,-0,-0.72062,0.27187,-0.38566,0.508,0.59408,-6.1062e-16,0.39605
-0.17473,0.46847,0.75,0.089077,-0.23883,-0,-0.72423,0.26911,-0.38759,0.50284,0.59408,1.6098e-15,0.39605
-0.1814,0.46593,0.75,0.092479,-0.23753,-0,-0.7278,0.26634,-0.38951,0.49766,0.59408,1.1657e-15,0.39605
-0.18804,0.46329,0.75,0.095861,-0.23618,-0,-0.73133,0.26355,-0.3914,0.49245,0.59408,-2.6923e-15,0.39605
-0.19464,0.46056,0.75,0.099224,-0.23479,-0,-0.73483,0.26075,-0.39327,0.48721,0.59408,-4.4409e-16,0.39605
-0.20119,0.45774,0.75,0.10257,-0.23335,-0,-0.73829,0.25793,-0.39512,0.48195,0.59408,-2.0817e-15,0.39605
-0.20771,0.45482,0.75,0.10589,-0.23186,-0,-0.74171,0.25511,-0.39695,0.47667,0.59408,6.9666e-15,0.39605
-0.21418,0.4518,0.75,0.10919,-0.23033,-0,-0.7451,0.25226,-0.39876,0.47136,0.59408,-4.8295e-15,0.39605
-0.22061,0.4487,0.75,0.11247,-0.22874,-0,-0.74844,0.24941,-0.40055,0.46603,0.59408,1.1102e-16,0.39605
-0.227,0.4455,0.75,0.11572,-0.22711,-0,-0.75175,0.24655,-0.40233,0.46067,0.59408,2.2482e-15,0.39605
-0.23333,0.44222,0.75,0.11895,-0.22544,-0,-0.75502,0.24367,-0.40408,0.45529,0.59408,-1.7486e-15,0.39605
-0.23962,0.43884,0.75,0.12216,-0.22372,-0,-0.75825,0.24077,-0.4058,0.44989,0.59408,-4.2188e-15,0.39605
-0.24587,0.43537,0.75,0.12534,-0.22195,-0,-0.76145,0.23787,-0.40751,0.44447,0.59408,6.6613e-16,0.39605
-0.25206,0.43182,0.75,0.1285,-0.22014,-0,-0.7646,0.23496,-0.4092,0.43902,0.59408,5.8564e-15,0.39605
-0.2582,0.42817,0.75,0.13163,-0.21828,-0,-0.76771,0.23203,-0.41087,0.43355,0.59408,2.498e-16,0.39605
-0.26429,0.42444,0.75,0.13473,-0.21638,-0,-0.77079,0.22909,-0.41251,0.42806,0.59408,-2.609e-15,0.39605
-0.27032,0.42063,0.75,0.13781,-0.21443,-0,-0.77383,0.22614,-0.41414,0.42254,0.59408,1.9429e-16,0.39605
-0.2763,0.41672,0.75,0.14086,-0.21244,-0,-0.77682,0.22317,-0.41574,0.41701,0.59408,3.1919e-15,0.39605
-0.28222,0.41274,0.75,0.14387,-0.21041,-0,-0.77978,0.2202,-0.41733,0.41145,0.59408,-1.818e-15,0.39605
-0.28809,0.40866,0.75,0.14686,-0.20833,-0,-0.7827,0.21722,-0.41889,0.40587,0.59408,2.2204e-15,0.39605
-0.29389,0.40451,0.75,0.14982,-0.20622,-0,-0.78558,0.21422,-0.42043,0.40027,0.59408,-3.2752e-15,0.39605
-0.29964,0.40027,0.75,0.15275,-0.20406,-0,-0.78842,0.21121,-0.42195,0.39465,0.59408,-1.3045e-15,0.39605
-0.30532,0.39595,0.75,0.15565,-0.20185,-0,-0.79121,0.20819,-0.42344,0.38901,0.59408,-1.249e-15,0.39605
-0.31095,0.39155,0.75,0.15852,-0.19961,-0,-0.79397,0.20517,-0.42492,0.38335,0.59408,3.8858e-15,0.39605
-0.31651,0.38707,0.75,0.16135,-0.19733,-0,-0.79669,0.20213,-0.42637,0.37768,0.59408,-2.5674e-15,0.39605
-0.322,0.38251,0.75,0.16415,-0.195,-0,-0.79936,0.19908,-0.42781,0.37198,0.59408,3.6082e-15,0.39605
-0.32743,0.37787,0.75,0.16692,-0.19264,-0,-0.802,0.19602,-0.42922,0.36626,0.59408,-2.3315e-15,0.39605
-0.33279,0.37316,0.75,0.16966,-0.19023,-0,-0.80459,0.19295,-0.43061,0.36053,0.59408,3.0254e-15,0.39605
-0.33809,0.36837,0.75,0.17235,-0.18779,-0,-0.80715,0.18987,-0.43197,0.35477,0.59408,-2.7478e-15,0.39605
-0.34331,0.36351,0.75,0.17502,-0.18531,-0,-0.80966,0.18678,-0.43332,0.349,0.59408,-6.9389e-15,0.39605
-0.34847,0.35857,0.75,0.17765,-0.18279,-0,-0.81213,0.18368,-0.43464,0.34321,0.59408,8.7153e-15,0.39605
-0.35355,0.35355,0.75,0.18024,-0.18024,-0,-0.81456,0.18057,-0.43594,0.3374,0.59408,2.1511e-15,0.39605
-0.35857,0.34847,0.75,0.18279,-0.17765,-0,-0.81695,0.17746,-0.43722,0.33158,0.59408,-7.5911e-15,0.39605
-0.36351,0.34331,0.75,0.18531,-0.17502,-0,-0.8193,0.17433,-0.43847,0.32574,0.59408,-2.956e-15,0.39605
-0.36837,0.33809,0.75,0.18779,-0.17235,-0,-0.8216,0.17119,-0.43971,0.31988,0.59408,-3.1919e-15,0.39605
-0.37316,0.33279,0.75,0.19023,-0.16966,-0,-0.82386,0.16805,-0.44092,0.314,0.59408,9.8671e-15,0.39605
-0.37787,0.32743,0.75,0.19264,-0.16692,-0,-0.82608,0.1649,-0.44211,0.30811,0.59408,4.4409e-16,0.39605
-0.38251,0.322,0.75,0.195,-0.16415,-0,-0.82826,0.16174,-0.44327,0.30221,0.59408,-2.7756e-16,0.39605
-0.38707,0.31651,0.75,0.19733,-0.16135,-0,-0.8304,0.15857,-0.44442,0.29629,0.59408,1.6653e-15,0.39605
-0.39155,0.31095,0.75,0.19961,-0.15852,-0,-0.83249,0.15539,-0.44554,0.29035,0.59408,-1.9706e-15,0.39605
-0.39595,0.30532,0.75,0.20185,-0.15565,-0,-0.83455,0.15221,-0.44664,0.2844,0.59408,8.4655e-16,0.39605
-0.40027,0.29964,0.75,0.20406,-0.15275,-0,-0.83656,0.14901,-0.44771,0.27843,0.59408,-2.5535e-15,0.39605
-0.40451,0.29389,0.75,0.20622,-0.14982,-0,-0.83852,0.14581,-0.44876,0.27245,0.59408,4.8156e-15,0.39605
-0.40866,0.28809,0.75,0.20833,-0.14686,-0,-0.84045,0.1426,-0.44979,0.26646,0.59408,-3.2474e-15,0.39605
-0.41274,0.28222,0.75,0.21041,-0.14387,-0,-0.84233,0.13939,-0.4508,0.26045,0.59408,-5.1348e-16,0.39605
-0.41672,0.2763,0.75,0.21244,-0.14086,-0,-0.84417,0.13617,-0.45178,0.25443,0.59408,-6.3838e-16,0.39605
-0.42063,0.27032,0.75,0.21443,-0.13781,-0,-0.84596,0.13294,-0.45274,0.2484,0.59408,1.5959e-15,0.39605
-0.42444,0.26429,0.75,0.21638,-0.13473,-0,-0.84771,0.1297,-0.45368,0.24235,0.59408,-4.1495e-15,0.39605
-0.42817,0.2582,0.75,0.21828,-0.13163,-0,-0.84942,0.12646,-0.4546,0.23629,0.59408,4.6491e-15,0.39605
-0.43182,0.25206,0.75,0.22014,-0.1285,-0,-0.85109,0.12321,-0.45549,0.23022,0.59408,1.0686e-15,0.39605
-0.43537,0.24587,0.75,0.22195,-0.12534,-0,-0.85271,0.11995,-0.45636,0.22414,0.59408,-7.0777e-16,0.39605
-0.43884,0.23962,0.75,0.22372,-0.12216,-0,-0.85429,0.11669,-0.4572,0.21804,0.59408,-2.6368e-16,0.39605
-0.44222,0.23333,0.75,0.22544,-0.11895,-0,-0.85582,0.11343,-0.45802,0.21194,0.59408,-3.9552e-15,0.39605
-0.4455,0.227,0.75,0.22711,-0.11572,-0,-0.85731,0.11015,-0.45882,0.20582,0.59408,3.8025e-15,0.39605
-0.4487,0.22061,0.75,0.22874,-0.11247,-0,-0.85876,0.10687,-0.4596,0.1997,0.59408,-2.0817e-15,0.39605
-0.4518,0.21418,0.75,0.23033,-0.10919,-0,-0.86017,0.10359,-0.46035,0.19356,0.59408,-1.2074e-15,0.39605
-0.45482,0.20771,0.75,0.23186,-0.10589,-0,-0.86153,0.1003,-0.46107,0.18741,0.59408,2.5396e-15,0.39605
-0.45774,0.20119,0.75,0.23335,-0.10257,-0,-0.86284,0.097006,-0.46178,0.18126,0.59408,-2.0331e-15,0.39605
-0.46056,0.19464,0.75,0.23479,-0.099224,-0,-0.86411,0.093706,-0.46246,0.17509,0.59408,9.7145e-16,0.39605
-0.46329,0.18804,0.75,0.23618,-0.095861,-0,-0.86534,0.090402,-0.46312,0.16892,0.59408,-2.1025e-15,0.39605
-0.46593,0.1814,0.75,0.23753,-0.092479,-0,-0.86653,0.087093,-0.46375,0.16274,0.59408,2.7478e-15,0.39605
-0.46847,0.17473,0.75,0.23883,-0.089077,-0,-0.86767,0.08378,-0.46436,0.15654,0.59408,-1.3323e-15,0.39605
-0.47092,0.16802,0.75,0.24007,-0.085658,-0,-0.86876,0.080462,-0.46495,0.15035,0.59408,-5.6205e-16,0.39605
-0.47327,0.16128,0.75,0.24127,-0.082221,-0,-0.86981,0.077141,-0.46551,0.14414,0.59408,1.5959e-16,0.39605
-0.47553,0.15451,0.75,0.24242,-0.078767,-0,-0.87082,0.073815,-0.46605,0.13792,0.59408,8.6042e-16,0.39605
-0.47769,0.1477,0.75,0.24352,-0.075298,-0,-0.87178,0.070485,-0.46656,0.1317,0.59408,1.707e-15,0.39605
-0.47975,0.14087,0.75,0.24457,-0.071813,-0,-0.8727,0.067152,-0.46706,0.12548,0.59408,-8.6736e-16,0.39605
-0.48171,0.134,0.75,0.24557,-0.068313,-0,-0.87357,0.063816,-0.46752,0.11924,0.59408,-1.2768e-15,0.39605
-0.48357,0.12711,0.75,0.24652,-0.064799,-0,-0.8744,0.060476,-0.46797,0.113,0.59408,-1.9706e-15,0.39605
-0.48534,0.12019,0.75,0.24742,-0.061273,-0,-0.87519,0.057133,-0.46839,0.10675,0.59408,1.7139e-15,0.39605
-0.48701,0.11325,0.75,0.24827,-0.057733,-0,-0.87593,0.053788,-0.46878,0.1005,0.59408,-1.4433e-15,0.39605
-0.48857,0.10628,0.75,0.24907,-0.054182,-0,-0.87662,0.050439,-0.46915,0.094247,0.59408,5.7801e-15,0.39605
-0.49004,0.099295,0.75,0.24982,-0.05062,-0,-0.87727,0.047088,-0.4695,0.087985,0.59408,-5.5511e-16,0.39605
-0.49141,0.092288,0.75,0.25052,-0.047048,-0,-0.87788,0.043735,-0.46983,0.081719,0.59408,-2.5396e-15,0.39605
-0.49268,0.085261,0.75,0.25116,-0.043466,-0,-0.87844,0.040379,-0.47013,0.075449,0.59408,-2.5917e-15,0.39605
-0.49384,0.078217,0.75,0.25176,-0.039875,-0,-0.87896,0.037022,-0.4704,0.069175,0.59408,2.949e-15,0.39605
-0.49491,0.071157,0.75,0.2523,-0.036276,-0,-0.87943,0.033662,-0.47066,0.062898,0.59408,-3.5007e-15,0.39605
-0.49588,0.064083,0.75,0.25279,-0.032669,-0,-0.87985,0.030301,-0.47088,0.056617,0.59408,3.7713e-15,0.39605
-0.49674,0.056996,0.75,0.25324,-0.029056,-0,-0.88024,0.026938,-0.47109,0.050334,0.59408,3.1919e-16,0.39605
-0.4975,0.049897,0.75,0.25362,-0.025437,-0,-0.88057,0.023574,-0.47127,0.044048,0.59408,-5.1174e-15,0.39605
-0.49817,0.042788,0.75,0.25396,-0.021813,-0,-0.88087,0.020208,-0.47143,0.037759,0.59408,4.6352e-15,0.39605
-0.49873,0.03567,0.75,0.25425,-0.018184,-0,-0.88111,0.016842,-0.47156,0.031469,0.59408,-1.4849e-15,0.39605
-0.49918,0.028544,0.75,0.25448,-0.014552,-0,-0.88132,0.013474,-0.47167,0.025177,0.59408,-1.36e-15,0.39605
-0.49954,0.021413,0.75,0.25466,-0.010916,-0,-0.88147,0.010106,-0.47175,0.018884,0.59408,2.4217e-15,0.39605
-0.4998,0.014278,0.75,0.25479,-0.0072788,-0,-0.88158,0.0067379,-0.47181,0.01259,0.59408,1.2108e-15,0.39605
-0.49995,0.0071397,0.75,0.25487,-0.0036398,-0,-0.88165,0.003369,-0.47185,0.0062951,0.59408,-4.1226e-15,0.39605
-0.5,6.1232e-17,0.75,0.2549,-3.1216e-17,-0,-0.88167,5.7786e-17,-0.47186,1.0797e-16,0.59408,2.91e-15,0.39605
-0.49995,-0.0071397,0.75,0.25487,0.0036398,0,-0.88165,-0.003369,-0.47185,-0.0062951,0.59408,-2.9105e-15,0.39605
-0.4998,-0.014278,0.75,0.25479,0.0072788,0,-0.88158,-0.0067379,-0.47181,-0.01259,0.59408,4.1234e-15,0.39605
-0.49954,-0.021413,0.75,0.25466,0.010916,0,-0.88147,-0.010106,-0.47175,-0.018884,0.59408,-1.2143e-15,0.39605
-0.49918,-0.028544,0.75,0.25448,0.014552,0,-0.88132,-0.013474,-0.47167,-0.025177,0.59408,-2.4156e-15,0.39605
-0.49873,-0.03567,0.75,0.25425,0.018184,0,-0.88111,-0.016842,-0.47156,-0.031469,0.59408,9.9747e-16,0.39605
-0.49817,-0.042788,0.75,0.25396,0.021813,0,-0.88087,-0.020208,-0.47143,-0.037759,0.59408,-3.3706e-15,0.39605
-0.4975,-0.049897,0.75,0.25362,0.025437,0,-0.88057,-0.023574,-0.47127,-0.044048,0.59408,5.166e-15,0.39605
-0.49674,-0.056996,0.75,0.25324,0.029056,0,-0.88024,-0.026938,-0.47109,-0.050334,0.59408,4.9093e-16,0.39605
-0.49588,-0.064083,0.75,0.25279,0.032669,0,-0.87985,-0.030301,-0.47088,-0.056617,0.59408,-2.7756e-16,0.39605
-0.49491,-0.071157,0.75,0.2523,0.036276,0,-0.87943,-0.033662,-0.47066,-0.062898,0.59408,-3.7782e-15,0.39605
-0.49384,-0.078217,0.75,0.25176,0.039875,0,-0.87896,-0.037022,-0.4704,-0.069175,0.59408,3.4937e-15,0.39605
-0.49268,-0.085261,0.75,0.25116,0.043466,0,-0.87844,-0.040379,-0.47013,-0.075449,0.59408,-3.3896e-15,0.39605
-0.49141,-0.092288,0.75,0.25052,0.047048,0,-0.87788,-0.043735,-0.46983,-0.081719,0.59408,3.1572e-15,0.39605
-0.49004,-0.099295,0.75,0.24982,0.05062,0,-0.87727,-0.047088,-0.4695,-0.087985,0.59408,2.4217e-15,0.39605
-0.48857,-0.10628,0.75,0.24907,0.054182,0,-0.87662,-0.050439,-0.46915,-0.094247,0.59408,-4.7115e-15,0.39605
-0.48701,-0.11325,0.75,0.24827,0.057733,0,-0.87593,-0.053788,-0.46878,-0.1005,0.59408,-3.8164e-16,0.39605
-0.48534,-0.12019,0.75,0.24742,0.061273,0,-0.87519,-0.057133,-0.46839,-0.10675,0.59408,6.3005e-15,0.39605
-0.48357,-0.12711,0.75,0.24652,0.064799,0,-0.8744,-0.060476,-0.46797,-0.113,0.59408,-6.7932e-15,0.39605
-0.48171,-0.134,0.75,0.24557,0.068313,0,-0.87357,-0.063816,-0.46752,-0.11924,0.59408,1.7486e-15,0.39605
-0.47975,-0.14087,0.75,0.24457,0.071813,0,-0.8727,-0.067152,-0.46706,-0.12548,0.59408,1.2837e-15,0.39605
-0.47769,-0.1477,0.75,0.24352,0.075298,0,-0.87178,-0.070485,-0.46656,-0.1317,0.59408,3.4001e-16,0.39605
-0.47553,-0.15451,0.75,0.24242,0.078767,0,-0.87082,-0.073815,-0.46605,-0.13792,0.59408,-7.5634e-16,0.39605
-0.47327,-0.16128,0.75,0.24127,0.082221,0,-0.86981,-0.077141,-0.46551,-0.14414,0.59408,-1.6445e-15,0.39605
-0.47092,-0.16802,0.75,0.24007,0.085658,0,-0.86876,-0.080462,-0.46495,-0.15035,0.59408,1.8735e-16,0.39605
-0.46847,-0.17473,0.75,0.23883,0.089077,0,-0.86767,-0.08378,-0.46436,-0.15654,0.59408,2.7756e-17,0.39605
-0.46593,-0.1814,0.75,0.23753,0.092479,0,-0.86653,-0.087093,-0.46375,-0.16274,0.59408,1.8111e-15,0.39605
-0.46329,-0.18804,0.75,0.23618,0.095861,0,-0.86534,-0.090402,-0.46312,-0.16892,0.59408,-2.7478e-15,0.39605
-0.46056,-0.19464,0.75,0.23479,0.099224,0,-0.86411,-0.093706,-0.46246,-0.17509,0.59408,2.0955e-15,0.39605
-0.45774,-0.20119,0.75,0.23335,0.10257,0,-0.86284,-0.097006,-0.46178,-0.18126,0.59408,-8.0491e-16,0.39605
-0.45482,-0.20771,0.75,0.23186,0.10589,0,-0.86153,-0.1003,-0.46107,-0.18741,0.59408,2.1858e-15,0.39605
-0.4518,-0.21418,0.75,0.23033,0.10919,0,-0.86017,-0.10359,-0.46035,-0.19356,0.59408,-1.8388e-15,0.39605
-0.4487,-0.22061,0.75,0.22874,0.11247,0,-0.85876,-0.10687,-0.4596,-0.1997,0.59408,-1.8041e-16,0.39605
-0.4455,-0.227,0.75,0.22711,0.11572,0,-0.85731,-0.11015,-0.45882,-0.20582,0.59408,2.4147e-15,0.39605
-0.44222,-0.23333,0.75,0.22544,0.11895,0,-0.85582,-0.11343,-0.45802,-0.21194,0.59408,-9.1038e-15,0.39605
-0.43884,-0.23962,0.75,0.22372,0.12216,0,-0.85429,-0.11669,-0.4572,-0.21804,0.59408,9.8116e-15,0.39605
-0.43537,-0.24587,0.75,0.22195,0.12534,0,-0.85271,-0.11995,-0.45636,-0.22414,0.59408,-6.3838e-16,0.39605
-0.43182,-0.25206,0.75,0.22014,0.1285,0,-0.85109,-0.12321,-0.45549,-0.23022,0.59408,1.3045e-15,0.39605
-0.42817,-0.2582,0.75,0.21828,0.13163,0,-0.84942,-0.12646,-0.4546,-0.23629,0.59408,-1.4155e-15,0.39605
-0.42444,-0.26429,0.75,0.21638,0.13473,0,-0.84771,-0.1297,-0.45368,-0.24235,0.59408,-4.316e-15,0.39605
-0.42063,-0.27032,0.75,0.21443,0.13781,0,-0.84596,-0.13294,-0.45274,-0.2484,0.59408,4.1495e-15,0.39605
-0.41672,-0.2763,0.75,0.21244,0.14086,0,-0.84417,-0.13617,-0.45178,-0.25443,0.59408,1.138e-15,0.39605
-0.41274,-0.28222,0.75,0.21041,0.14387,0,-0.84233,-0.13939,-0.4508,-0.26045,0.59408,-1.9013e-15,0.39605
-0.40866,-0.28809,0.75,0.20833,0.14686,0,-0.84045,-0.1426,-0.44979,-0.26646,0.59408,-3.8164e-15,0.39605
-0.40451,-0.29389,0.75,0.20622,0.14982,0,-0.83852,-0.14581,-0.44876,-0.27245,0.59408,5.7454e-15,0.39605
-0.40027,-0.29964,0.75,0.20406,0.15275,0,-0.83656,-0.14901,-0.44771,-0.27843,0.59408,-1.7625e-15,0.39605
-0.39595,-0.30532,0.75,0.20185,0.15565,0,-0.83455,-0.15221,-0.44664,-0.2844,0.59408,2.0123e-15,0.39605
-0.39155,-0.31095,0.75,0.19961,0.15852,0,-0.83249,-0.15539,-0.44554,-0.29035,0.59408,-1.9706e-15,0.39605
-0.38707,-0.31651,0.75,0.19733,0.16135,0,-0.8304,-0.15857,-0.44442,-0.29629,0.59408,-1.249e-16,0.39605
-0.38251,-0.322,0.75,0.195,0.16415,0,-0.82826,-0.16174,-0.44327,-0.30221,0.59408,-1.9013e-15,0.39605
-0.37787,-0.32743,0.75,0.19264,0.16692,0,-0.82608,-0.1649,-0.44211,-0.30811,0.59408,1.8735e-15,0.39605
-0.37316,-0.33279,0.75,0.19023,0.16966,0,-0.82386,-0.16805,-0.44092,-0.314,0.59408,-3.1919e-16,0.39605
-0.36837,-0.33809,0.75,0.18779,0.17235,0,-0.8216,-0.17119,-0.43971,-0.31988,0.59408,-2.8588e-15,0.39605
-0.36351,-0.34331,0.75,0.18531,0.17502,0,-0.8193,-0.17433,-0.43847,-0.32574,0.59408,3.6082e-15,0.39605
-0.35857,-0.34847,0.75,0.18279,0.17765,0,-0.81695,-0.17746,-0.43722,-0.33158,0.59408,-4.7184e-15,0.39605
-0.35355,-0.35355,0.75,0.18024,0.18024,0,-0.81456,-0.18057,-0.43594,-0.3374,0.59408,-3.4972e-15,0.39605
-0.34847,-0.35857,0.75,0.17765,0.18279,0,-0.81213,-0.18368,-0.43464,-0.34321,0.59408,1.181e-14,0.39605
-0.34331,-0.36351,0.75,0.17502,0.18531,0,-0.80966,-0.18678,-0.43332,-0.349,0.59408,-6.2172e-15,0.39605
-0.33809,-0.36837,0.75,0.17235,0.18779,0,-0.80715,-0.18987,-0.43197,-0.35477,0.59408,1.7486e-15,0.39605
-0.33279,-0.37316,0.75,0.16966,0.19023,0,-0.80459,-0.19295,-0.43061,-0.36053,0.59408,-2.7617e-15,0.39605
-0.32743,-0.37787,0.75,0.16692,0.19264,0,-0.802,-0.19602,-0.42922,-0.36626,0.59408,7.9242e-15,0.39605
-0.322,-0.38251,0.75,0.16415,0.195,0,-0.79936,-0.19908,-0.42781,-0.37198,0.59408,-5.565e-15,0.39605
-0.31651,-0.38707,0.75,0.16135,0.19733,0,-0.79669,-0.20213,-0.42637,-0.37768,0.59408,-3.8858e-16,0.39605
-0.31095,-0.39155,0.75,0.15852,0.19961,0,-0.79397,-0.20517,-0.42492,-0.38335,0.59408,5.6899e-16,0.39605
-0.30532,-0.39595,0.75,0.15565,0.20185,0,-0.79121,-0.20819,-0.42344,-0.38901,0.59408,-8.8818e-16,0.39605
-0.29964,-0.40027,0.75,0.15275,0.20406,0,-0.78842,-0.21121,-0.42195,-0.39465,0.59408,4.5797e-16,0.39605
-0.29389,-0.40451,0.75,0.14982,0.20622,0,-0.78558,-0.21422,-0.42043,-0.40027,0.59408,1.3878e-16,0.39605
-0.28809,-0.40866,0.75,0.14686,0.20833,0,-0.7827,-0.21722,-0.41889,-0.40587,0.59408,1.2351e-15,0.39605
-0.28222,-0.41274,0.75,0.14387,0.21041,0,-0.77978,-0.2202,-0.41733,-0.41145,0.59408,-1.2768e-15,0.39605
-0.2763,-0.41672,0.75,0.14086,0.21244,0,-0.77682,-0.22317,-0.41574,-0.41701,0.59408,1.6237e-15,0.39605
-0.27032,-0.42063,0.75,0.13781,0.21443,0,-0.77383,-0.22614,-0.41414,-0.42254,0.59408,-4.2466e-15,0.39605
-0.26429,-0.42444,0.75,0.13473,0.21638,0,-0.77079,-0.22909,-0.41251,-0.42806,0.59408,2.0539e-15,0.39605
-0.2582,-0.42817,0.75,0.13163,0.21828,0,-0.76771,-0.23203,-0.41087,-0.43355,0.59408,3.6915e-15,0.39605
-0.25206,-0.43182,0.75,0.1285,0.22014,0,-0.7646,-0.23496,-0.4092,-0.43902,0.59408,-2.5535e-15,0.39605
-0.24587,-0.43537,0.75,0.12534,0.22195,0,-0.76145,-0.23787,-0.40751,-0.44447,0.59408,-2.7756e-17,0.39605
-0.23962,-0.43884,0.75,0.12216,0.22372,0,-0.75825,-0.24077,-0.4058,-0.44989,0.59408,-2.609e-15,0.39605
-0.23333,-0.44222,0.75,0.11895,0.22544,0,-0.75502,-0.24367,-0.40408,-0.45529,0.59408,2.9143e-15,0.39605
-0.227,-0.4455,0.75,0.11572,0.22711,0,-0.75175,-0.24655,-0.40233,-0.46067,0.59408,1.7208e-15,0.39605
-0.22061,-0.4487,0.75,0.11247,0.22874,0,-0.74844,-0.24941,-0.40055,-0.46603,0.59408,-2.1649e-15,0.39605
-0.21418,-0.4518,0.75,0.10919,0.23033,0,-0.7451,-0.25226,-0.39876,-0.47136,0.59408,-8.3267e-17,0.39605
-0.20771,-0.45482,0.75,0.10589,0.23186,0,-0.74171,-0.25511,-0.39695,-0.47667,0.59408,3.4417e-15,0.39605
-0.20119,-0.45774,0.75,0.10257,0.23335,0,-0.73829,-0.25793,-0.39512,-0.48195,0.59408,-2.5535e-15,0.39605
-0.19464,-0.46056,0.75,0.099224,0.23479,0,-0.73483,-0.26075,-0.39327,-0.48721,0.59408,-1.3878e-15,0.39605
-0.18804,-0.46329,0.75,0.095861,0.23618,0,-0.73133,-0.26355,-0.3914,-0.49245,0.59408,-8.3267e-16,0.39605
-0.1814,-0.46593,0.75,0.092479,0.23753,0,-0.7278,-0.26634,-0.38951,-0.49766,0.59408,4.3576e-15,0.39605
-0.17473,-0.46847,0.75,0.089077,0.23883,0,-0.72423,-0.26911,-0.38759,-0.50284,0.59408,-1.1935e-15,0.39605
-0.16802,-0.47092,0.75,0.085658,0.24007,0,-0.72062,-0.27187,-0.38566,-0.508,0.59408,-1.8041e-15,0.39605
-0.16128,-0.47327,0.75,0.082221,0.24127,0,-0.71697,-0.27462,-0.38371,-0.51313,0.59408,-6.0507e-15,0.39605
-0.15451,-0.47553,0.75,0.078767,0.24242,0,-0.71329,-0.27735,-0.38174,-0.51824,0.59408,9.6867e-15,0.39605
-0.1477,-0.47769,0.75,0.075298,0.24352,0,-0.70957,-0.28007,-0.37975,-0.52331,0.59408,-3.8025e-15,0.39605
-0.14087,-0.47975,0.75,0.071813,0.24457,0,-0.70582,-0.28277,-0.37774,-0.52837,0.59408,1.3045e-15,0.39605
-0.134,-0.48171,0.75,0.068313,0.24557,0,-0.70203,-0.28546,-0.37571,-0.53339,0.59408,4.7184e-16,0.39605
-0.12711,-0.48357,0.75,0.064799,0.24652,0,-0.6982,-0.28814,-0.37367,-0.53839,0.59408,-1.249e-15,0.39605
-0.12019,-0.48534,0.75,0.061273,0.24742,0,-0.69434,-0.2908,-0.3716,-0.54336,0.59408,1.2768e-15,0.39605
-0.11325,-0.48701,0.75,0.057733,0.24827,0,-0.69044,-0.29345,-0.36951,-0.54831,0.59408,-2.72e-15,0.39605
-0.10628,-0.48857,0.75,0.054182,0.24907,0,-0.68651,-0.29608,-0.36741,-0.55322,0.59408,1.2212e-15,0.39605
-0.099295,-0.49004,0.75,0.05062,0.24982,0,-0.68254,-0.29869,-0.36528,-0.55811,0.59408,-1.1102e-16,0.39605
-0.092288,-0.49141,0.75,0.047048,0.25052,0,-0.67854,-0.30129,-0.36314,-0.56297,0.59408,1.6931e-15,0.39605
-0.085261,-0.49268,0.75,0.043466,0.25116,0,-0.6745,-0.30388,-0.36098,-0.5678,0.59408,6.1062e-16,0.39605
-0.078217,-0.49384,0.75,0.039875,0.25176,0,-0.67043,-0.30645,-0.3588,-0.5726,0.59408,-3.0254e-15,0.39605
-0.071157,-0.49491,0.75,0.036276,0.2523,0,-0.66633,-0.309,-0.35661,-0.57737,0.59408,4.885e-15,0.39605
-0.064083,-0.49588,0.75,0.032669,0.25279,0,-0.66219,-0.31154,-0.35439,-0.58212,0.59408,-4.3576e-15,0.39605
-0.056996,-0.49674,0.75,0.029056,0.25324,0,-0.65801,-0.31406,-0.35216,-0.58683,0.59408,1.6653e-15,0.39605
-0.049897,-0.4975,0.75,0.025437,0.25362,0,-0.65381,-0.31657,-0.34991,-0.59151,0.59408,-2.0262e-15,0.39605
-0.042788,-0.49817,0.75,0.021813,0.25396,0,-0.64957,-0.31906,-0.34764,-0.59617,0.59408,4.1633e-16,0.39605
-0.03567,-0.49873,0.75,0.018184,0.25425,0,-0.64529,-0.32153,-0.34535,-0.60079,0.59408,1.9429e-15,0.39605
-0.028544,-0.49918,0.75,0.014552,0.25448,0,-0.64099,-0.32399,-0.34305,-0.60538,0.59408,-4.4409e-16,0.39605
-0.021413,-0.49954,0.75,0.010916,0.25466,0,-0.63665,-0.32643,-0.34072,-0.60994,0.59408,-5.8287e-16,0.39605
-0.014278,-0.4998,0.75,0.0072788,0.25479,0,-0.63228,-0.32886,-0.33838,-0.61447,0.59408,3.5805e-15,0.39605
-0.0071397,-0.49995,0.75,0.0036398,0.25487,0,-0.62787,-0.33126,-0.33603,-0.61897,0.59408,-2.609e-15,0.39605
-5.3594e-16,-0.5,0.75,2.7322e-16,0.2549,0,-0.62344,-0.33365,-0.33365,-0.62344,0.59408,-1.8596e-15,0.39605
0.0071397,-0.49995,0.75,-0.0036398,0.25487,0,-0.61897,-0.33603,-0.33126,-0.62787,0.59408,1.7764e-15,0.39605
0.014278,-0.4998,0.75,-0.0072788,0.25479,0,-0.61447,-0.33838,-0.32886,-0.63228,0.59408,-1.4155e-15,0.39605
0.021413,-0.49954,0.75,-0.010916,0.25466,0,-0.60994,-0.34072,-0.32643,-0.63665,0.59408,4.1633e-16,0.39605
0.028544,-0.49918,0.75,-0.014552,0.25448,0,-0.60538,-0.34305,-0.32399,-0.64099,0.59408,5.8287e-16,0.39605
0.03567,-0.49873,0.75,-0.018184,0.25425,0,-0.60079,-0.34535,-0.32153,-0.64529,0.59408,2.498e-16,0.39605
0.042788,-0.49817,0.75,-0.021813,0.25396,0,-0.59617,-0.34764,-0.31906,-0.64957,0.59408,-1.7486e-15,0.39605
0.049897,-0.4975,0.75,-0.025437,0.25362,0,-0.59151,-0.34991,-0.31657,-0.65381,0.59408,2.8588e-15,0.39605
0.056996,-0.49674,0.75,-0.029056,0.25324,0,-0.58683,-0.35216,-0.31406,-0.65801,0.59408,-1.027e-15,0.39605
0.064083,-0.49588,0.75,-0.032669,0.25279,0,-0.58212,-0.35439,-0.31154,-0.66219,0.59408,1.6376e-15,0.39605
0.071157,-0.49491,0.75,-0.036276,0.2523,0,-0.57737,-0.35661,-0.309,-0.66633,0.59408,-2.3037e-15,0.39605
0.078217,-0.49384,0.75,-0.039875,0.25176,0,-0.5726,-0.3588,-0.30645,-0.67043,0.59408,5.2458e-15,0.39605
0.085261,-0.49268,0.75,-0.043466,0.25116,0,-0.5678,-0.36098,-0.30388,-0.6745,0.59408,-4.6352e-15,0.39605
0.092288,-0.49141,0.75,-0.047048,0.25052,0,-0.56297,-0.36314,-0.30129,-0.67854,0.59408,-3.0809e-15,0.39605
0.099295,-0.49004,0.75,-0.05062,0.24982,0,-0.55811,-0.36528,-0.29869,-0.68254,0.59408,4.5242e-15,0.39605
0.10628,-0.48857,0.75,-0.054182,0.24907,0,-0.55322,-0.36741,-0.29608,-0.68651,0.59408,5.2736e-16,0.39605
0.11325,-0.48701,0.75,-0.057733,0.24827,0,-0.54831,-0.36951,-0.29345,-0.69044,0.59408,-1.3045e-15,0.39605
0.12019,-0.48534,0.75,-0.061273,0.24742,0,-0.54336,-0.3716,-0.2908,-0.69434,0.59408,-2.498e-16,0.39605
0.12711,-0.48357,0.75,-0.064799,0.24652,0,-0.53839,-0.37367,-0.28814,-0.6982,0.59408,-2.5535e-15,0.39605
0.134,-0.48171,0.75,-0.068313,0.24557,0,-0.53339,-0.37571,-0.28546,-0.70203,0.59408,5.5234e-15,0.39605
0.14087,-0.47975,0.75,-0.071813,0.24457,0,-0.52837,-0.37774,-0.28277,-0.70582,0.59408,-7.7161e-15,0.39605
0.1477,-0.47769,0.75,-0.075298,0.24352,0,-0.52331,-0.37975,-0.28007,-0.70957,0.59408,2.3037e-15,0.39605
0.15451,-0.47553,0.75,-0.078767,0.24242,0,-0.51824,-0.38174,-0.27735,-0.71329,0.59408,4.4131e-15,0.39605
0.16128,-0.47327,0.75,-0.082221,0.24127,0,-0.51313,-0.38371,-0.27462,-0.71697,0.59408,-2.8866e-15,0.39605
0.16802,-0.47092,0.75,-0.085658,0.24007,0,-0.508,-0.38566,-0.27187,-0.72062,0.59408,-8.0491e-16,0.39605
0.17473,-0.46847,0.75,-0.089077,0.23883,0,-0.50284,-0.38759,-0.26911,-0.72423,0.59408,2.0817e-15,0.39605
0.1814,-0.46593,0.75,-0.092479,0.23753,0,-0.49766,-0.38951,-0.26634,-0.7278,0.59408,1.1935e-15,0.39605
0.18804,-0.46329,0.75,-0.095861,0.23618,0,-0.49245,-0.3914,-0.26355,-0.73133,0.59408,-2.9421e-15,0.39605
0.19464,-0.46056,0.75,-0.099224,0.23479,0,-0.48721,-0.39327,-0.26075,-0.73483,0.59408,6.1062e-16,0.39605
0.20119,-0.45774,0.75,-0.10257,0.23335,0,-0.48195,-0.39512,-0.25793,-0.73829,0.59408,-6.9111e-15,0.39605
0.20771,-0.45482,0.75,-0.10589,0.23186,0,-0.47667,-0.39695,-0.25511,-0.74171,0.59408,5.1903e-15,0.39605
0.21418,-0.4518,0.75,-0.10919,0.23033,0,-0.47136,-0.39876,-0.25226,-0.7451,0.59408,-3.3584e-15,0.39605
0.22061,-0.4487,0.75,-0.11247,0.22874,0,-0.46603,-0.40055,-0.24941,-0.74844,0.59408,5.3568e-15,0.39605
0.227,-0.4455,0.75,-0.11572,0.22711,0,-0.46067,-0.40233,-0.24655,-0.75175,0.59408,-1.7208e-15,0.39605
0.23333,-0.44222,0.75,-0.11895,0.22544,0,-0.45529,-0.40408,-0.24367,-0.75502,0.59408,8.6042e-16,0.39605
0.23962,-0.43884,0.75,-0.12216,0.22372,0,-0.44989,-0.4058,-0.24077,-0.75825,0.59408,-5.3013e-15,0.39605
0.24587,-0.43537,0.75,-0.12534,0.22195,0,-0.44447,-0.40751,-0.23787,-0.76145,0.59408,3.4972e-15,0.39605
0.25206,-0.43182,0.75,-0.1285,0.22014,0,-0.43902,-0.4092,-0.23496,-0.7646,0.59408,-3.9968e-15,0.39605
0.2582,-0.42817,0.75,-0.13163,0.21828,0,-0.43355,-0.41087,-0.23203,-0.76771,0.59408,1.1352e-14,0.39605
0.26429,-0.42444,0.75,-0.13473,0.21638,0,-0.42806,-0.41251,-0.22909,-0.77079,0.59408,-8.1046e-15,0.39605
0.27032,-0.42063,0.75,-0.13781,0.21443,0,-0.42254,-0.41414,-0.22614,-0.77383,0.59408,8.3267e-17,0.39605
0.2763,-0.41672,0.75,-0.14086,0.21244,0,-0.41701,-0.41574,-0.22317,-0.77682,0.59408,3.1641e-15,0.39605
0.28222,-0.41274,0.75,-0.14387,0.21041,0,-0.41145,-0.41733,-0.2202,-0.77978,0.59408,-3.6082e-15,0.39605
0.28809,-0.40866,0.75,-0.14686,0.20833,0,-0.40587,-0.41889,-0.21722,-0.7827,0.59408,5.1764e-15,0.39605
0.29389,-0.40451,0.75,-0.14982,0.20622,0,-0.40027,-0.42043,-0.21422,-0.78558,0.59408,-1.1657e-15,0.39605
0.29964,-0.40027,0.75,-0.15275,0.20406,0,-0.39465,-0.42195,-0.21121,-0.78842,0.59408,-4.2882e-15,0.39605
0.30532,-0.39595,0.75,-0.15565,0.20185,0,-0.38901,-0.42344,-0.20819,-0.79121,0.59408,1.7208e-15,0.39605
0.31095,-0.39155,0.75,-0.15852,0.19961,0,-0.38335,-0.42492,-0.20517,-0.79397,0.59408,5.2042e-15,0.39605
0.31651,-0.38707,0.75,-0.16135,0.19733,0,-0.37768,-0.42637,-0.20213,-0.79669,0.59408,-6.245e-15,0.39605
0.322,-0.38251,0.75,-0.16415,0.195,0,-0.37198,-0.42781,-0.19908,-0.79936,0.59408,-8.3267e-16,0.39605
0.32743,-0.37787,0.75,-0.16692,0.19264,0,-0.36626,-0.42922,-0.19602,-0.802,0.59408,-6.8001e-16,0.39605
0.33279,-0.37316,0.75,-0.16966,0.19023,0,-0.36053,-0.43061,-0.19295,-0.80459,0.59408,7.0499e-15,0.39605
0.33809,-0.36837,0.75,-0.17235,0.18779,0,-0.35477,-0.43197,-0.18987,-0.80715,0.59408,-7.4662e-15,0.39605
0.34331,-0.36351,0.75,-0.17502,0.18531,0,-0.349,-0.43332,-0.18678,-0.80966,0.59408,-1.2212e-15,0.39605
0.34847,-0.35857,0.75,-0.17765,0.18279,0,-0.34321,-0.43464,-0.18368,-0.81213,0.59408,2.6229e-15,0.39605
0.35355,-0.35355,0.75,-0.18024,0.18024,0,-0.3374,-0.43594,-0.18057,-0.81456,0.59408,7.0777e-16,0.39605
0.35857,-0.34847,0.75,-0.18279,0.17765,0,-0.33158,-0.43722,-0.17746,-0.81695,0.59408,2.609e-15,0.39605
0.36351,-0.34331,0.75,-0.18531,0.17502,0,-0.32574,-0.43847,-0.17433,-0.8193,0.59408,3.6082e-16,0.39605
0.36837,-0.33809,0.75,-0.18779,0.17235,0,-0.31988,-0.43971,-0.17119,-0.8216,0.59408,-3.9829e-15,0.39605
0.37316,-0.33279,0.75,-0.19023,0.16966,0,-0.314,-0.44092,-0.16805,-0.82386,0.59408,3.5943e-15,0.39605
0.37787,-0.32743,0.75,-0.19264,0.16692,0,-0.30811,-0.44211,-0.1649,-0.82608,0.59408,4.3021e-16,0.39605
0.38251,-0.322,0.75,-0.195,0.16415,0,-0.30221,-0.44327,-0.16174,-0.82826,0.59408,2.7756e-17,0.39605
0.38707,-0.31651,0.75,-0.19733,0.16135,0,-0.29629,-0.44442,-0.15857,-0.8304,0.59408,-3.6082e-16,0.39605
0.39155,-0.31095,0.75,-0.19961,0.15852,0,-0.29035,-0.44554,-0.15539,-0.83249,0.59408,4.7184e-16,0.39605
0.39595,-0.30532,0.75,-0.20185,0.15565,0,-0.2844,-0.44664,-0.15221,-0.83455,0.59408,8.6042e-16,0.39605
0.40027,-0.29964,0.75,-0.20406,0.15275,0,-0.27843,-0.44771,-0.14901,-0.83656,0.59408,-1.7486e-15,0.39605
0.40451,-0.29389,0.75,-0.20622,0.14982,0,-0.27245,-0.44876,-0.14581,-0.83852,0.59408,2.5813e-15,0.39605
0.40866,-0.28809,0.75,-0.20833,0.14686,0,-0.26646,-0.44979,-0.1426,-0.84045,0.59408,-1.7902e-15,0.39605
0.41274,-0.28222,0.75,-0.21041,0.14387,0,-0.26045,-0.4508,-0.13939,-0.84233,0.59408,-1.249e-15,0.39605
0.41672,-0.2763,0.75,-0.21244,0.14086,0,-0.25443,-0.45178,-0.13617,-0.84417,0.59408,8.0491e-16,0.39605
0.42063,-0.27032,0.75,-0.21443,0.13781,0,-0.2484,-0.45274,-0.13294,-0.84596,0.59408,5.5511e-16,0.39605
0.42444,-0.26429,0.75,-0.21638,0.13473,0,-0.24235,-0.45368,-0.1297,-0.84771,0.59408,-5.8009e-15,0.39605
0.42817,-0.2582,0.75,-0.21828,0.13163,0,-0.23629,-0.4546,-0.12646,-0.84942,0.59408,5.9674e-15,0.39605
0.43182,-0.25206,0.75,-0.22014,0.1285,0,-0.23022,-0.45549,-0.12321,-0.85109,0.59408,2.0678e-15,0.39605
0.43537,-0.24587,0.75,-0.22195,0.12534,0,-0.22414,-0.45636,-0.11995,-0.85271,0.59408,-1.5821e-15,0.39605
0.43884,-0.23962,0.75,-0.22372,0.12216,0,-0.21804,-0.4572,-0.11669,-0.85429,0.59408,-6.3838e-16,0.39605
0.44222,-0.23333,0.75,-0.22544,0.11895,0,-0.21194,-0.45802,-0.11343,-0.85582,0.59408,-4.2327e-15,0.39605
0.4455,-0.227,0.75,-0.22711,0.11572,0,-0.20582,-0.45882,-0.11015,-0.85731,0.59408,4.7184e-15,0.39605
0.4487,-0.22061,0.75,-0.22874,0.11247,0,-0.1997,-0.4596,-0.10687,-0.85876,0.59408,-2.3731e-15,0.39605
0.4518,-0.21418,0.75,-0.23033,0.10919,0,-0.19356,-0.46035,-0.10359,-0.86017,0.59408,-1.1935e-15,0.39605
0.45482,-0.20771,0.75,-0.23186,0.10589,0,-0.18741,-0.46107,-0.1003,-0.86153,0.59408,4.0107e-15,0.39605
0.45774,-0.20119,0.75,-0.23335,0.10257,0,-0.18126,-0.46178,-0.097006,-0.86284,0.59408,-4.316e-15,0.39605
0.46056,-0.19464,0.75,-0.23479,0.099224,0,-0.17509,-0.46246,-0.093706,-0.86411,0.59408,1.8804e-15,0.39605
0.46329,-0.18804,0.75,-0.23618,0.095861,0,-0.16892,-0.46312,-0.090402,-0.86534,0.59408,-1.7278e-15,0.39605
0.46593,-0.1814,0.75,-0.23753,0.092479,0,-0.16274,-0.46375,-0.087093,-0.86653,0.59408,1.9429e-15,0.39605
0.46847,-0.17473,0.75,-0.23883,0.089077,0,-0.15654,-0.46436,-0.08378,-0.86767,0.59408,-4.7878e-16,0.39605
0.47092,-0.16802,0.75,-0.24007,0.085658,0,-0.15035,-0.46495,-0.080462,-0.86876,0.59408,-1.5127e-15,0.39605
0.47327,-0.16128,0.75,-0.24127,0.082221,0,-0.14414,-0.46551,-0.077141,-0.86981,0.59408,2.7062e-16,0.39605
0.47553,-0.15451,0.75,-0.24242,0.078767,0,-0.13792,-0.46605,-0.073815,-0.87082,0.59408,1.6445e-15,0.39605
0.47769,-0.1477,0.75,-0.24352,0.075298,0,-0.1317,-0.46656,-0.070485,-0.87178,0.59408,1.3323e-15,0.39605
0.47975,-0.14087,0.75,-0.24457,0.071813,0,-0.12548,-0.46706,-0.067152,-0.8727,0.59408,-6.7307e-16,0.39605
0.48171,-0.134,0.75,-0.24557,0.068313,0,-0.11924,-0.46752,-0.063816,-0.87357,0.59408,-9.2981e-16,0.39605
0.48357,-0.12711,0.75,-0.24652,0.064799,0,-0.113,-0.46797,-0.060476,-0.8744,0.59408,-2.727e-15,0.39605
0.48534,-0.12019,0.75,-0.24742,0.061273,0,-0.10675,-0.46839,-0.057133,-0.87519,0.59408,1.9984e-15,0.39605
0.48701,-0.11325,0.75,-0.24827,0.057733,0,-0.1005,-0.46878,-0.053788,-0.87593,0.59408,-1.2143e-15,0.39605
0.48857,-0.10628,0.75,-0.24907,0.054182,0,-0.094247,-0.46915,-0.050439,-0.87662,0.59408,5.8079e-15,0.39605
0.49004,-0.099295,0.75,-0.24982,0.05062,0,-0.087985,-0.4695,-0.047088,-0.87727,0.59408,-5.4158e-15,0.39605
0.49141,-0.092288,0.75,-0.25052,0.047048,0,-0.081719,-0.46983,-0.043735,-0.87788,0.59408,1.7521e-15,0.39605
0.49268,-0.085261,0.75,-0.25116,0.043466,0,-0.075449,-0.47013,-0.040379,-0.87844,0.59408,-2.1337e-15,0.39605
0.49384,-0.078217,0.75,-0.25176,0.039875,0,-0.069175,-0.4704,-0.037022,-0.87896,0.59408,2.897e-15,0.39605
0.49491,-0.071157,0.75,-0.2523,0.036276,0,-0.062898,-0.47066,-0.033662,-0.87943,0.59408,-3.4972e-15,0.39605
0.49588,-0.064083,0.75,-0.25279,0.032669,0,-0.056617,-0.47088,-0.030301,-0.87985,0.59408,3.8303e-15,0.39605
0.49674,-0.056996,0.75,-0.25324,0.029056,0,-0.050334,-0.47109,-0.026938,-0.88024,0.59408,2.8103e-16,0.39605
0.4975,-0.049897,0.75,-0.25362,0.025437,0,-0.044048,-0.47127,-0.023574,-0.88057,0.59408,-1.7694e-16,0.39605
0.49817,-0.042788,0.75,-0.25396,0.021813,0,-0.037759,-0.47143,-0.020208,-0.88087,0.59408,-2.6715e-16,0.39605
0.49873,-0.03567,0.75,-0.25425,0.018184,0,-0.031469,-0.47156,-0.016842,-0.88111,0.59408,-1.5491e-15,0.39605
0.49918,-0.028544,0.75,-0.25448,0.014552,0,-0.025177,-0.47167,-0.013474,-0.88132,0.59408,-1.3375e-15,0.39605
0.49954,-0.021413,0.75,-0.25466,0.010916,0,-0.018884,-0.47175,-0.010106,-0.88147,0.59408,2.4217e-15,0.39605
0.4998,-0.014278,0.75,-0.25479,0.0072788,0,-0.01259,-0.47181,-0.0067379,-0.88158,0.59408,1.2152e-15,0.39605
0.49995,-0.0071397,0.75,-0.25487,0.0036398,0,-0.0062951,-0.47185,-0.003369,-0.88165,0.59408,-4.1234e-15,0.39605
0.5,-1.2246e-16,0.75,-0.2549,6.2432e-17,0,-1.6196e-16,-0.47186,-8.6679e-17,-0.88167,0.59408,2.9106e-15,0.39605
