0.5,0,1.25,0,0,0,1,0,0,0,0,0,0
0.49995,0.0071397,1.25,-0.12745,17.849,0,1,0,0,0,0,0,0
0.4998,0.014278,1.25,-0.25487,-0.0036397,0,1,0,0,0,0,0,0
0.49954,0.021413,1.25,-0.25479,-0.0072787,0,1,0,0,0,0,0,0
0.49918,0.028544,1.25,-0.25466,-0.010916,0,1,0,0,0,0,0,0
0.49873,0.03567,1.25,-0.25448,-0.014552,0,1,0,0,0,0,0,0
0.49817,0.042788,1.25,-0.25424,-0.018184,0,1,0,0,0,0,0,0
0.4975,0.049897,1.25,-0.25396,-0.021812,0,1,0,0,0,0,0,0
0.49674,0.056996,1.25,-0.25362,-0.025437,0,1,0,0,0,0,0,0
0.49588,0.064083,1.25,-0.25323,-0.029056,0,1,0,0,0,0,0,0
0.49491,0.071157,1.25,-0.25279,-0.032669,0,1,0,0,0,0,0,0
0.49384,0.078217,1.25,-0.2523,-0.036275,0,1,0,0,0,0,0,0
0.49268,0.085261,1.25,-0.25175,-0.039874,0,1,0,0,0,0,0,0
0.49141,0.092288,1.25,-0.25116,-0.043465,0,1,0,0,0,0,0,0
0.49004,0.099295,1.25,-0.25051,-0.047047,0,1,0,0,0,0,0,0
0.48857,0.10628,1.25,-0.24982,-0.050619,0,1,0,0,0,0,0,0
0.48701,0.11325,1.25,-0.24907,-0.054181,0,1,0,0,0,0,0,0
0.48534,0.12019,1.25,-0.24827,-0.057732,0,1,0,0,0,0,0,0
0.48357,0.12711,1.25,-0.24742,-0.061272,0,1,0,0,0,0,0,0
0.48171,0.134,1.25,-0.24652,-0.064798,0,1,0,0,0,0,0,0
0.47975,0.14087,1.25,-0.24557,-0.068312,0,1,0,0,0,0,0,0
0.47769,0.1477,1.25,-0.24457,-0.071812,0,1,0,0,0,0,0,0
0.47553,0.15451,1.25,-0.24352,-0.075296,0,1,0,0,0,0,0,0
0.47327,0.16128,1.25,-0.24242,-0.078766,0,1,0,0,0,0,0,0
0.47092,0.16802,1.25,-0.24127,-0.08222,0,1,0,0,0,0,0,0
0.46847,0.17473,1.25,-0.24007,-0.085656,0,1,0,0,0,0,0,0
0.46593,0.1814,1.25,-0.23882,-0.089076,0,1,0,0,0,0,0,0
0.46329,0.18804,1.25,-0.23753,-0.092477,0,1,0,0,0,0,0,0
0.46056,0.19464,1.25,-0.23618,-0.095859,0,1,0,0,0,0,0,0
0.45774,0.20119,1.25,-0.23479,-0.099222,0,1,0,0,0,0,0,0
0.45482,0.20771,1.25,-0.23335,-0.10256,0,1,0,0,0,0,0,0
0.4518,0.21418,1.25,-0.23186,-0.10589,0,1,0,0,0,0,0,0
0.4487,0.22061,1.25,-0.23032,-0.10919,0,1,0,0,0,0,0,0
0.4455,0.227,1.25,-0.22874,-0.11246,0,1,0,0,0,0,0,0
0.44222,0.23333,1.25,-0.22711,-0.11572,0,1,0,0,0,0,0,0
0.43884,0.23962,1.25,-0.22544,-0.11895,0,1,0,0,0,0,0,0
0.43537,0.24587,1.25,-0.22371,-0.12216,0,1,0,0,0,0,0,0
0.43182,0.25206,1.25,-0.22195,-0.12534,0,1,0,0,0,0,0,0
0.42817,0.2582,1.25,-0.22013,-0.1285,0,1,0,0,0,0,0,0
0.42444,0.26429,1.25,-0.21828,-0.13163,0,1,0,0,0,0,0,0
0.42063,0.27032,1.25,-0.21638,-0.13473,0,1,0,0,0,0,0,0
0.41672,0.2763,1.25,-0.21443,-0.13781,0,1,0,0,0,0,0,0
0.41274,0.28222,1.25,-0.21244,-0.14085,0,1,0,0,0,0,0,0
0.40866,0.28809,1.25,-0.21041,-0.14387,0,1,0,0,0,0,0,0
0.40451,0.29389,1.25,-0.20833,-0.14686,0,1,0,0,0,0,0,0
0.40027,0.29964,1.25,-0.20621,-0.14982,0,1,0,0,0,0,0,0
0.39595,0.30532,1.25,-0.20405,-0.15275,0,1,0,0,0,0,0,0
0.39155,0.31095,1.25,-0.20185,-0.15565,0,1,0,0,0,0,0,0
0.38707,0.31651,1.25,-0.19961,-0.15852,0,1,0,0,0,0,0,0
0.38251,0.322,1.25,-0.19732,-0.16135,0,1,0,0,0,0,0,0
0.37787,0.32743,1.25,-0.195,-0.16415,0,1,0,0,0,0,0,0
0.37316,0.33279,1.25,-0.19263,-0.16692,0,1,0,0,0,0,0,0
0.36837,0.33809,1.25,-0.19023,-0.16965,0,1,0,0,0,0,0,0
0.36351,0.34331,1.25,-0.18779,-0.17235,0,1,0,0,0,0,0,0
0.35857,0.34847,1.25,-0.18531,-0.17502,0,1,0,0,0,0,0,0
0.35355,0.35355,1.25,-0.18279,-0.17764,0,1,0,0,0,0,0,0
0.34847,0.35857,1.25,-0.18024,-0.18024,0,1,0,0,0,0,0,0
0.34331,0.36351,1.25,-0.17764,-0.18279,0,1,0,0,0,0,0,0
0.33809,0.36837,1.25,-0.17502,-0.18531,0,1,0,0,0,0,0,0
0.33279,0.37316,1.25,-0.17235,-0.18779,0,1,0,0,0,0,0,0
0.32743,0.37787,1.25,-0.16965,-0.19023,0,1,0,0,0,0,0,0
0.322,0.38251,1.25,-0.16692,-0.19263,0,1,0,0,0,0,0,0
0.31651,0.38707,1.25,-0.16415,-0.195,0,1,0,0,0,0,0,0
0.31095,0.39155,1.25,-0.16135,-0.19732,0,1,0,0,0,0,0,0
0.30532,0.39595,1.25,-0.15852,-0.19961,0,1,0,0,0,0,0,0
0.29964,0.40027,1.25,-0.15565,-0.20185,0,1,0,0,0,0,0,0
0.29389,0.40451,1.25,-0.15275,-0.20405,0,1,0,0,0,0,0,0
0.28809,0.40866,1.25,-0.14982,-0.20621,0,1,0,0,0,0,0,0
0.28222,0.41274,1.25,-0.14686,-0.20833,0,1,0,0,0,0,0,0
0.2763,0.41672,1.25,-0.14387,-0.21041,0,1,0,0,0,0,0,0
0.27032,0.42063,1.25,-0.14085,-0.21244,0,1,0,0,0,0,0,0
0.26429,0.42444,1.25,-0.13781,-0.21443,0,1,0,0,0,0,0,0
0.2582,0.42817,1.25,-0.13473,-0.21638,0,1,0,0,0,0,0,0
0.25206,0.43182,1.25,-0.13163,-0.21828,0,1,0,0,0,0,0,0
0.24587,0.43537,1.25,-0.1285,-0.22013,0,1,0,0,0,0,0,0
0.23962,0.43884,1.25,-0.12534,-0.22195,0,1,0,0,0,0,0,0
0.23333,0.44222,1.25,-0.12216,-0.22371,0,1,0,0,0,0,0,0
0.227,0.4455,1.25,-0.11895,-0.22544,0,1,0,0,0,0,0,0
0.22061,0.4487,1.25,-0.11572,-0.22711,0,1,0,0,0,0,0,0
0.21418,0.4518,1.25,-0.11246,-0.22874,0,1,0,0,0,0,0,0
0.20771,0.45482,1.25,-0.10919,-0.23032,0,1,0,0,0,0,0,0
0.20119,0.45774,1.25,-0.10589,-0.23186,0,1,0,0,0,0,0,0
0.19464,0.46056,1.25,-0.10256,-0.23335,0,1,0,0,0,0,0,0
0.18804,0.46329,1.25,-0.099222,-0.23479,0,1,0,0,0,0,0,0
0.1814,0.46593,1.25,-0.095859,-0.23618,0,1,0,0,0,0,0,0
0.17473,0.46847,1.25,-0.092477,-0.23753,0,1,0,0,0,0,0,0
0.16802,0.47092,1.25,-0.089076,-0.23882,0,1,0,0,0,0,0,0
0.16128,0.47327,1.25,-0.085656,-0.24007,0,1,0,0,0,0,0,0
0.15451,0.47553,1.25,-0.08222,-0.24127,0,1,0,0,0,0,0,0
0.1477,0.47769,1.25,-0.078766,-0.24242,0,1,0,0,0,0,0,0
0.14087,0.47975,1.25,-0.075296,-0.24352,0,1,0,0,0,0,0,0
0.134,0.48171,1.25,-0.071812,-0.24457,0,1,0,0,0,0,0,0
0.12711,0.48357,1.25,-0.068312,-0.24557,0,1,0,0,0,0,0,0
0.12019,0.48534,1.25,-0.064798,-0.24652,0,1,0,0,0,0,0,0
0.11325,0.48701,1.25,-0.061272,-0.24742,0,1,0,0,0,0,0,0
0.10628,0.48857,1.25,-0.057732,-0.24827,0,1,0,0,0,0,0,0
0.099295,0.49004,1.25,-0.054181,-0.24907,0,1,0,0,0,0,0,0
0.092288,0.49141,1.25,-0.050619,-0.24982,0,1,0,0,0,0,0,0
0.085261,0.49268,1.25,-0.047047,-0.25051,0,1,0,0,0,0,0,0
0.078217,0.49384,1.25,-0.043465,-0.25116,0,1,0,0,0,0,0,0
0.071157,0.49491,1.25,-0.039874,-0.25175,0,1,0,0,0,0,0,0
0.064083,0.49588,1.25,-0.036275,-0.2523,0,1,0,0,0,0,0,0
0.056996,0.49674,1.25,-0.032669,-0.25279,0,1,0,0,0,0,0,0
0.049897,0.4975,1.25,-0.029056,-0.25323,0,1,0,0,0,0,0,0
0.042788,0.49817,1.25,-0.025437,-0.25362,0,1,0,0,0,0,0,0
0.03567,0.49873,1.25,-0.021812,-0.25396,0,1,0,0,0,0,0,0
0.028544,0.49918,1.25,-0.018184,-0.25424,0,1,0,0,0,0,0,0
0.021413,0.49954,1.25,-0.014552,-0.25448,0,1,0,0,0,0,0,0
0.014278,0.4998,1.25,-0.010916,-0.25466,0,1,0,0,0,0,0,0
0.0071397,0.49995,1.25,-0.0072787,-0.25479,0,1,0,0,0,0,0,0
3.0616e-17,0.5,1.25,-0.0036397,-0.25487,0,1,0,0,0,0,0,0
-0.0071397,0.49995,1.25,2.7756e-15,-0.25489,0,1,0,0,0,0,0,0
-0.014278,0.4998,1.25,0.0036397,-0.25487,0,1,0,0,0,0,0,0
-0.021413,0.49954,1.25,0.0072787,-0.25479,0,1,0,0,0,0,0,0
-0.028544,0.49918,1.25,0.010916,-0.25466,0,1,0,0,0,0,0,0
-0.03567,0.49873,1.25,0.014552,-0.25448,0,1,0,0,0,0,0,0
-0.042788,0.49817,1.25,0.018184,-0.25424,0,1,0,0,0,0,0,0
-0.049897,0.4975,1.25,0.021812,-0.25396,0,1,0,0,0,0,0,0
-0.056996,0.49674,1.25,0.025437,-0.25362,0,1,0,0,0,0,0,0
-0.064083,0.49588,1.25,0.029056,-0.25323,0,1,0,0,0,0,0,0
-0.071157,0.49491,1.25,0.032669,-0.25279,0,1,0,0,0,0,0,0
-0.078217,0.49384,1.25,0.036275,-0.2523,0,1,0,0,0,0,0,0
-0.085261,0.49268,1.25,0.039874,-0.25175,0,1,0,0,0,0,0,0
-0.092288,0.49141,1.25,0.043465,-0.25116,0,1,0,0,0,0,0,0
-0.099295,0.49004,1.25,0.047047,-0.25051,0,1,0,0,0,0,0,0
-0.10628,0.48857,1.25,0.050619,-0.24982,0,1,0,0,0,0,0,0
-0.11325,0.48701,1.25,0.054181,-0.24907,0,1,0,0,0,0,0,0
-0.12019,0.48534,1.25,0.057732,-0.24827,0,1,0,0,0,0,0,0
-0.12711,0.48357,1.25,0.061272,-0.24742,0,1,0,0,0,0,0,0
-0.134,0.48171,1.25,0.064798,-0.24652,0,1,0,0,0,0,0,0
-0.14087,0.47975,1.25,0.068312,-0.24557,0,1,0,0,0,0,0,0
-0.1477,0.47769,1.25,0.071812,-0.24457,0,1,0,0,0,0,0,0
-0.15451,0.47553,1.25,0.075296,-0.24352,0,1,0,0,0,0,0,0
-0.16128,0.47327,1.25,0.078766,-0.24242,0,1,0,0,0,0,0,0
-0.16802,0.47092,1.25,0.08222,-0.24127,0,1,0,0,0,0,0,0
-0.17473,0.46847,1.25,0.085656,-0.24007,0,1,0,0,0,0,0,0
-0.1814,0.46593,1.25,0.089076,-0.23882,0,1,0,0,0,0,0,0
-0.18804,0.46329,1.25,0.092477,-0.23753,0,1,0,0,0,0,0,0
-0.19464,0.46056,1.25,0.095859,-0.23618,0,1,0,0,0,0,0,0
-0.20119,0.45774,1.25,0.099222,-0.23479,0,1,0,0,0,0,0,0
-0.20771,0.45482,1.25,0.10256,-0.23335,0,1,0,0,0,0,0,0
-0.21418,0.4518,1.25,0.10589,-0.23186,0,1,0,0,0,0,0,0
-0.22061,0.4487,1.25,0.10919,-0.23032,0,1,0,0,0,0,0,0
-0.227,0.4455,1.25,0.11246,-0.22874,0,1,0,0,0,0,0,0
-0.23333,0.44222,1.25,0.11572,-0.22711,0,1,0,0,0,0,0,0
-0.23962,0.43884,1.25,0.11895,-0.22544,0,1,0,0,0,0,0,0
-0.24587,0.43537,1.25,0.12216,-0.22371,0,1,0,0,0,0,0,0
-0.25206,0.43182,1.25,0.12534,-0.22195,0,1,0,0,0,0,0,0
-0.2582,0.42817,1.25,0.1285,-0.22013,0,1,0,0,0,0,0,0
-0.26429,0.42444,1.25,0.13163,-0.21828,0,1,0,0,0,0,0,0
-0.27032,0.42063,1.25,0.13473,-0.21638,0,1,0,0,0,0,0,0
-0.2763,0.41672,1.25,0.13781,-0.21443,0,1,0,0,0,0,0,0
-0.28222,0.41274,1.25,0.14085,-0.21244,0,1,0,0,0,0,0,0
-0.28809,0.40866,1.25,0.14387,-0.21041,0,1,0,0,0,0,0,0
-0.29389,0.40451,1.25,0.14686,-0.20833,0,1,0,0,0,0,0,0
-0.29964,0.40027,1.25,0.14982,-0.20621,0,1,0,0,0,0,0,0
-0.30532,0.39595,1.25,0.15275,-0.20405,0,1,0,0,0,0,0,0
-0.31095,0.39155,1.25,0.15565,-0.20185,0,1,0,0,0,0,0,0
-0.31651,0.38707,1.25,0.15852,-0.19961,0,1,0,0,0,0,0,0
-0.322,0.38251,1.25,0.16135,-0.19732,0,1,0,0,0,0,0,0
-0.32743,0.37787,1.25,0.16415,-0.195,0,1,0,0,0,0,0,0
-0.33279,0.37316,1.25,0.16692,-0.19263,0,1,0,0,0,0,0,0
-0.33809,0.36837,1.25,0.16965,-0.19023,0,1,0,0,0,0,0,0
-0.34331,0.36351,1.25,0.17235,-0.18779,0,1,0,0,0,0,0,0
-0.34847,0.35857,1.25,0.17502,-0.18531,0,1,0,0,0,0,0,0
-0.35355,0.35355,1.25,0.17764,-0.18279,0,1,0,0,0,0,0,0
-0.35857,0.34847,1.25,0.18024,-0.18024,0,1,0,0,0,0,0,0
-0.36351,0.34331,1.25,0.18279,-0.17764,0,1,0,0,0,0,0,0
-0.36837,0.33809,1.25,0.18531,-0.17502,0,1,0,0,0,0,0,0
-0.37316,0.33279,1.25,0.18779,-0.17235,0,1,0,0,0,0,0,0
-0.37787,0.32743,1.25,0.19023,-0.16965,0,1,0,0,0,0,0,0
-0.38251,0.322,1.25,0.19263,-0.16692,0,1,0,0,0,0,0,0
-0.38707,0.31651,1.25,0.195,-0.16415,0,1,0,0,0,0,0,0
-0.39155,0.31095,1.25,0.19732,-0.16135,0,1,0,0,0,0,0,0
-0.39595,0.30532,1.25,0.19961,-0.15852,0,1,0,0,0,0,0,0
-0.40027,0.29964,1.25,0.20185,-0.15565,0,1,0,0,0,0,0,0
-0.40451,0.29389,1.25,0.20405,-0.15275,0,1,0,0,0,0,0,0
-0.40866,0.28809,1.25,0.20621,-0.14982,0,1,0,0,0,0,0,0
-0.41274,0.28222,1.25,0.20833,-0.14686,0,1,0,0,0,0,0,0
-0.41672,0.2763,1.25,0.21041,-0.14387,0,1,0,0,0,0,0,0
-0.42063,0.27032,1.25,0.21244,-0.14085,0,1,0,0,0,0,0,0
-0.42444,0.26429,1.25,0.21443,-0.13781,0,1,0,0,0,0,0,0
-0.42817,0.2582,1.25,0.21638,-0.13473,0,1,0,0,0,0,0,0
-0.43182,0.25206,1.25,0.21828,-0.13163,0,1,0,0,0,0,0,0
-0.43537,0.24587,1.25,0.22013,-0.1285,0,1,0,0,0,0,0,0
-0.43884,0.23962,1.25,0.22195,-0.12534,0,1,0,0,0,0,0,0
-0.44222,0.23333,1.25,0.22371,-0.12216,0,1,0,0,0,0,0,0
-0.4455,0.227,1.25,0.22544,-0.11895,0,1,0,0,0,0,0,0
-0.4487,0.22061,1.25,0.22711,-0.11572,0,1,0,0,0,0,0,0
-0.4518,0.21418,1.25,0.22874,-0.11246,0,1,0,0,0,0,0,0
-0.45482,0.20771,1.25,0.23032,-0.10919,0,1,0,0,0,0,0,0
-0.45774,0.20119,1.25,0.23186,-0.10589,0,1,0,0,0,0,0,0
-0.46056,0.19464,1.25,0.23335,-0.10256,0,1,0,0,0,0,0,0
-0.46329,0.18804,1.25,0.23479,-0.099222,0,1,0,0,0,0,0,0
-0.46593,0.1814,1.25,0.23618,-0.095859,0,1,0,0,0,0,0,0
-0.46847,0.17473,1.25,0.23753,-0.092477,0,1,0,0,0,0,0,0
-0.47092,0.16802,1.25,0.23882,-0.089076,0,1,0,0,0,0,0,0
-0.47327,0.16128,1.25,0.24007,-0.085656,0,1,0,0,0,0,0,0
-0.47553,0.15451,1.25,0.24127,-0.08222,0,1,0,0,0,0,0,0
-0.47769,0.1477,1.25,0.24242,-0.078766,0,1,0,0,0,0,0,0
-0.47975,0.14087,1.25,0.24352,-0.075296,0,1,0,0,0,0,0,0
-0.48171,0.134,1.25,0.24457,-0.071812,0,1,0,0,0,0,0,0
-0.48357,0.12711,1.25,0.24557,-0.068312,0,1,0,0,0,0,0,0
-0.48534,0.12019,1.25,0.24652,-0.064798,0,1,0,0,0,0,0,0
-0.48701,0.11325,1.25,0.24742,-0.061272,0,1,0,0,0,0,0,0
-0.48857,0.10628,1.25,0.24827,-0.057732,0,1,0,0,0,0,0,0
-0.49004,0.099295,1.25,0.24907,-0.054181,0,1,0,0,0,0,0,0
-0.49141,0.092288,1.25,0.24982,-0.050619,0,1,0,0,0,0,0,0
-0.49268,0.085261,1.25,0.25051,-0.047047,0,1,0,0,0,0,0,0
-0.49384,0.078217,1.25,0.25116,-0.043465,0,1,0,0,0,0,0,0
-0.49491,0.071157,1.25,0.25175,-0.039874,0,1,0,0,0,0,0,0
-0.49588,0.064083,1.25,0.2523,-0.036275,0,1,0,0,0,0,0,0
-0.49674,0.056996,1.25,0.25279,-0.032669,0,1,0,0,0,0,0,0
-0.4975,0.049897,1.25,0.25323,-0.029056,0,1,0,0,0,0,0,0
-0.49817,0.042788,1.25,0.25362,-0.025437,0,1,0,0,0,0,0,0
-0.49873,0.03567,1.25,0.25396,-0.021812,0,1,0,0,0,0,0,0
-0.49918,0.028544,1.25,0.25424,-0.018184,0,1,0,0,0,0,0,0
-0.49954,0.021413,1.25,0.25448,-0.014552,0,1,0,0,0,0,0,0
-0.4998,0.014278,1.25,0.25466,-0.010916,0,1,0,0,0,0,0,0
-0.49995,0.0071397,1.25,0.25479,-0.0072787,0,1,0,0,0,0,0,0
-0.5,6.1232e-17,1.25,0.25487,-0.0036397,0,1,0,0,0,0,0,0
-0.49995,-0.0071397,1.25,0.25489,-5.5789e-13,0,1,0,0,0,0,0,0
-0.4998,-0.014278,1.25,0.25487,0.0036397,0,1,0,0,0,0,0,0
-0.49954,-0.021413,1.25,0.25479,0.0072787,0,1,0,0,0,0,0,0
-0.49918,-0.028544,1.25,0.25466,0.010916,0,1,0,0,0,0,0,0
-0.49873,-0.03567,1.25,0.25448,0.014552,0,1,0,0,0,0,0,0
-0.49817,-0.042788,1.25,0.25424,0.018184,0,1,0,0,0,0,0,0
-0.4975,-0.049897,1.25,0.25396,0.021812,0,1,0,0,0,0,0,0
-0.49674,-0.056996,1.25,0.25362,0.025437,0,1,0,0,0,0,0,0
-0.49588,-0.064083,1.25,0.25323,0.029056,0,1,0,0,0,0,0,0
-0.49491,-0.071157,1.25,0.25279,0.032669,0,1,0,0,0,0,0,0
-0.49384,-0.078217,1.25,0.2523,0.036275,0,1,0,0,0,0,0,0
-0.49268,-0.085261,1.25,0.25175,0.039874,0,1,0,0,0,0,0,0
-0.49141,-0.092288,1.25,0.25116,0.043465,0,1,0,0,0,0,0,0
-0.49004,-0.099295,1.25,0.25051,0.047047,0,1,0,0,0,0,0,0
-0.48857,-0.10628,1.25,0.24982,0.050619,0,1,0,0,0,0,0,0
-0.48701,-0.11325,1.25,0.24907,0.054181,0,1,0,0,0,0,0,0
-0.48534,-0.12019,1.25,0.24827,0.057732,0,1,0,0,0,0,0,0
-0.48357,-0.12711,1.25,0.24742,0.061272,0,1,0,0,0,0,0,0
-0.48171,-0.134,1.25,0.24652,0.064798,0,1,0,0,0,0,0,0
-0.47975,-0.14087,1.25,0.24557,0.068312,0,1,0,0,0,0,0,0
-0.47769,-0.1477,1.25,0.24457,0.071812,0,1,0,0,0,0,0,0
-0.47553,-0.15451,1.25,0.24352,0.075296,0,1,0,0,0,0,0,0
-0.47327,-0.16128,1.25,0.24242,0.078766,0,1,0,0,0,0,0,0
-0.47092,-0.16802,1.25,0.24127,0.08222,0,1,0,0,0,0,0,0
-0.46847,-0.17473,1.25,0.24007,0.085656,0,1,0,0,0,0,0,0
-0.46593,-0.1814,1.25,0.23882,0.089076,0,1,0,0,0,0,0,0
-0.46329,-0.18804,1.25,0.23753,0.092477,0,1,0,0,0,0,0,0
-0.46056,-0.19464,1.25,0.23618,0.095859,0,1,0,0,0,0,0,0
-0.45774,-0.20119,1.25,0.23479,0.099222,0,1,0,0,0,0,0,0
-0.45482,-0.20771,1.25,0.23335,0.10256,0,1,0,0,0,0,0,0
-0.4518,-0.21418,1.25,0.23186,0.10589,0,1,0,0,0,0,0,0
-0.4487,-0.22061,1.25,0.23032,0.10919,0,1,0,0,0,0,0,0
-0.4455,-0.227,1.25,0.22874,0.11246,0,1,0,0,0,0,0,0
-0.44222,-0.23333,1.25,0.22711,0.11572,0,1,0,0,0,0,0,0
-0.43884,-0.23962,1.25,0.22544,0.11895,0,1,0,0,0,0,0,0
-0.43537,-0.24587,1.25,0.22371,0.12216,0,1,0,0,0,0,0,0
-0.43182,-0.25206,1.25,0.22195,0.12534,0,1,0,0,0,0,0,0
-0.42817,-0.2582,1.25,0.22013,0.1285,0,1,0,0,0,0,0,0
-0.42444,-0.26429,1.25,0.21828,0.13163,0,1,0,0,0,0,0,0
-0.42063,-0.27032,1.25,0.21638,0.13473,0,1,0,0,0,0,0,0
-0.41672,-0.2763,1.25,0.21443,0.13781,0,1,0,0,0,0,0,0
-0.41274,-0.28222,1.25,0.21244,0.14085,0,1,0,0,0,0,0,0
-0.40866,-0.28809,1.25,0.21041,0.14387,0,1,0,0,0,0,0,0
-0.40451,-0.29389,1.25,0.20833,0.14686,0,1,0,0,0,0,0,0
-0.40027,-0.29964,1.25,0.20621,0.14982,0,1,0,0,0,0,0,0
-0.39595,-0.30532,1.25,0.20405,0.15275,0,1,0,0,0,0,0,0
-0.39155,-0.31095,1.25,0.20185,0.15565,0,1,0,0,0,0,0,0
-0.38707,-0.31651,1.25,0.19961,0.15852,0,1,0,0,0,0,0,0
-0.38251,-0.322,1.25,0.19732,0.16135,0,1,0,0,0,0,0,0
-0.37787,-0.32743,1.25,0.195,0.16415,0,1,0,0,0,0,0,0
-0.37316,-0.33279,1.25,0.19263,0.16692,0,1,0,0,0,0,0,0
-0.36837,-0.33809,1.25,0.19023,0.16965,0,1,0,0,0,0,0,0
-0.36351,-0.34331,1.25,0.18779,0.17235,0,1,0,0,0,0,0,0
-0.35857,-0.34847,1.25,0.18531,0.17502,0,1,0,0,0,0,0,0
-0.35355,-0.35355,1.25,0.18279,0.17764,0,1,0,0,0,0,0,0
-0.34847,-0.35857,1.25,0.18024,0.18024,0,1,0,0,0,0,0,0
-0.34331,-0.36351,1.25,0.17764,0.18279,0,1,0,0,0,0,0,0
-0.33809,-0.36837,1.25,0.17502,0.18531,0,1,0,0,0,0,0,0
-0.33279,-0.37316,1.25,0.17235,0.18779,0,1,0,0,0,0,0,0
-0.32743,-0.37787,1.25,0.16965,0.19023,0,1,0,0,0,0,0,0
-0.322,-0.38251,1.25,0.16692,0.19263,0,1,0,0,0,0,0,0
-0.31651,-0.38707,1.25,0.16415,0.195,0,1,0,0,0,0,0,0
-0.31095,-0.39155,1.25,0.16135,0.19732,0,1,0,0,0,0,0,0
-0.30532,-0.39595,1.25,0.15852,0.19961,0,1,0,0,0,0,0,0
-0.29964,-0.40027,1.25,0.15565,0.20185,0,1,0,0,0,0,0,0
-0.29389,-0.40451,1.25,0.15275,0.20405,0,1,0,0,0,0,0,0
-0.28809,-0.40866,1.25,0.14982,0.20621,0,1,0,0,0,0,0,0
-0.28222,-0.41274,1.25,0.14686,0.20833,0,1,0,0,0,0,0,0
-0.2763,-0.41672,1.25,0.14387,0.21041,0,1,0,0,0,0,0,0
-0.27032,-0.42063,1.25,0.14085,0.21244,0,1,0,0,0,0,0,0
-0.26429,-0.42444,1.25,0.13781,0.21443,0,1,0,0,0,0,0,0
-0.2582,-0.42817,1.25,0.13473,0.21638,0,1,0,0,0,0,0,0
-0.25206,-0.43182,1.25,0.13163,0.21828,0,1,0,0,0,0,0,0
-0.24587,-0.43537,1.25,0.1285,0.22013,0,1,0,0,0,0,0,0
-0.23962,-0.43884,1.25,0.12534,0.22195,0,1,0,0,0,0,0,0
-0.23333,-0.44222,1.25,0.12216,0.22371,0,1,0,0,0,0,0,0
-0.227,-0.4455,1.25,0.11895,0.22544,0,1,0,0,0,0,0,0
-0.22061,-0.4487,1.25,0.11572,0.22711,0,1,0,0,0,0,0,0
-0.21418,-0.4518,1.25,0.11246,0.22874,0,1,0,0,0,0,0,0
-0.20771,-0.45482,1.25,0.10919,0.23032,0,1,0,0,0,0,0,0
-0.20119,-0.45774,1.25,0.10589,0.23186,0,1,0,0,0,0,0,0
-0.19464,-0.46056,1.25,0.10256,0.23335,0,1,0,0,0,0,0,0
-0.18804,-0.46329,1.25,0.099222,0.23479,0,1,0,0,0,0,0,0
-0.1814,-0.46593,1.25,0.095859,0.23618,0,1,0,0,0,0,0,0
-0.17473,-0.46847,1.25,0.092477,0.23753,0,1,0,0,0,0,0,0
-0.16802,-0.47092,1.25,0.089076,0.23882,0,1,0,0,0,0,0,0
-0.16128,-0.47327,1.25,0.085656,0.24007,0,1,0,0,0,0,0,0
-0.15451,-0.47553,1.25,0.08222,0.24127,0,1,0,0,0,0,0,0
-0.1477,-0.47769,1.25,0.078766,0.24242,0,1,0,0,0,0,0,0
-0.14087,-0.47975,1.25,0.075296,0.24352,0,1,0,0,0,0,0,0
-0.134,-0.48171,1.25,0.071812,0.24457,0,1,0,0,0,0,0,0
-0.12711,-0.48357,1.25,0.068312,0.24557,0,1,0,0,0,0,0,0
-0.12019,-0.48534,1.25,0.064798,0.24652,0,1,0,0,0,0,0,0
-0.11325,-0.48701,1.25,0.061272,0.24742,0,1,0,0,0,0,0,0
-0.10628,-0.48857,1.25,0.057732,0.24827,0,1,0,0,0,0,0,0
-0.099295,-0.49004,1.25,0.054181,0.24907,0,1,0,0,0,0,0,0
-0.092288,-0.49141,1.25,0.050619,0.24982,0,1,0,0,0,0,0,0
-0.085261,-0.49268,1.25,0.047047,0.25051,0,1,0,0,0,0,0,0
-0.078217,-0.49384,1.25,0.043465,0.25116,0,1,0,0,0,0,0,0
-0.071157,-0.49491,1.25,0.039874,0.25175,0,1,0,0,0,0,0,0
-0.064083,-0.49588,1.25,0.036275,0.2523,0,1,0,0,0,0,0,0
-0.056996,-0.49674,1.25,0.032669,0.25279,0,1,0,0,0,0,0,0
-0.049897,-0.4975,1.25,0.029056,0.25323,0,1,0,0,0,0,0,0
-0.042788,-0.49817,1.25,0.025437,0.25362,0,1,0,0,0,0,0,0
-0.03567,-0.49873,1.25,0.021812,0.25396,0,1,0,0,0,0,0,0
-0.028544,-0.49918,1.25,0.018184,0.25424,0,1,0,0,0,0,0,0
-0.021413,-0.49954,1.25,0.014552,0.25448,0,1,0,0,0,0,0,0
-0.014278,-0.4998,1.25,0.010916,0.25466,0,1,0,0,0,0,0,0
-0.0071397,-0.49995,1.25,0.0072787,0.25479,0,1,0,0,0,0,0,0
-5.3594e-16,-0.5,1.25,0.0036397,0.25487,0,1,0,0,0,0,0,0
0.0071397,-0.49995,1.25,2.2204e-12,0.25489,0,1,0,0,0,0,0,0
0.014278,-0.4998,1.25,-0.0036397,0.25487,0,1,0,0,0,0,0,0
0.021413,-0.49954,1.25,-0.0072787,0.25479,0,1,0,0,0,0,0,0
0.028544,-0.49918,1.25,-0.010916,0.25466,0,1,0,0,0,0,0,0
0.03567,-0.49873,1.25,-0.014552,0.25448,0,1,0,0,0,0,0,0
0.042788,-0.49817,1.25,-0.018184,0.25424,0,1,0,0,0,0,0,0
0.049897,-0.4975,1.25,-0.021812,0.25396,0,1,0,0,0,0,0,0
0.056996,-0.49674,1.25,-0.025437,0.25362,0,1,0,0,0,0,0,0
0.064083,-0.49588,1.25,-0.029056,0.25323,0,1,0,0,0,0,0,0
0.071157,-0.49491,1.25,-0.032669,0.25279,0,1,0,0,0,0,0,0
0.078217,-0.49384,1.25,-0.036275,0.2523,0,1,0,0,0,0,0,0
0.085261,-0.49268,1.25,-0.039874,0.25175,0,1,0,0,0,0,0,0
0.092288,-0.49141,1.25,-0.043465,0.25116,0,1,0,0,0,0,0,0
0.099295,-0.49004,1.25,-0.047047,0.25051,0,1,0,0,0,0,0,0
0.10628,-0.48857,1.25,-0.050619,0.24982,0,1,0,0,0,0,0,0
0.11325,-0.48701,1.25,-0.054181,0.24907,0,1,0,0,0,0,0,0
0.12019,-0.48534,1.25,-0.057732,0.24827,0,1,0,0,0,0,0,0
0.12711,-0.48357,1.25,-0.061272,0.24742,0,1,0,0,0,0,0,0
0.134,-0.48171,1.25,-0.064798,0.24652,0,1,0,0,0,0,0,0
0.14087,-0.47975,1.25,-0.068312,0.24557,0,1,0,0,0,0,0,0
0.1477,-0.47769,1.25,-0.071812,0.24457,0,1,0,0,0,0,0,0
0.15451,-0.47553,1.25,-0.075296,0.24352,0,1,0,0,0,0,0,0
0.16128,-0.47327,1.25,-0.078766,0.24242,0,1,0,0,0,0,0,0
0.16802,-0.47092,1.25,-0.08222,0.24127,0,1,0,0,0,0,0,0
0.17473,-0.46847,1.25,-0.085656,0.24007,0,1,0,0,0,0,0,0
0.1814,-0.46593,1.25,-0.089076,0.23882,0,1,0,0,0,0,0,0
0.18804,-0.46329,1.25,-0.092477,0.23753,0,1,0,0,0,0,0,0
0.19464,-0.46056,1.25,-0.095859,0.23618,0,1,0,0,0,0,0,0
0.20119,-0.45774,1.25,-0.099222,0.23479,0,1,0,0,0,0,0,0
0.20771,-0.45482,1.25,-0.10256,0.23335,0,1,0,0,0,0,0,0
0.21418,-0.4518,1.25,-0.10589,0.23186,0,1,0,0,0,0,0,0
0.22061,-0.4487,1.25,-0.10919,0.23032,0,1,0,0,0,0,0,0
0.227,-0.4455,1.25,-0.11246,0.22874,0,1,0,0,0,0,0,0
0.23333,-0.44222,1.25,-0.11572,0.22711,0,1,0,0,0,0,0,0
0.23962,-0.43884,1.25,-0.11895,0.22544,0,1,0,0,0,0,0,0
0.24587,-0.43537,1.25,-0.12216,0.22371,0,1,0,0,0,0,0,0
0.25206,-0.43182,1.25,-0.12534,0.22195,0,1,0,0,0,0,0,0
0.2582,-0.42817,1.25,-0.1285,0.22013,0,1,0,0,0,0,0,0
0.26429,-0.42444,1.25,-0.13163,0.21828,0,1,0,0,0,0,0,0
0.27032,-0.42063,1.25,-0.13473,0.21638,0,1,0,0,0,0,0,0
0.2763,-0.41672,1.25,-0.13781,0.21443,0,1,0,0,0,0,0,0
0.28222,-0.41274,1.25,-0.14085,0.21244,0,1,0,0,0,0,0,0
0.28809,-0.40866,1.25,-0.14387,0.21041,0,1,0,0,0,0,0,0
0.29389,-0.40451,1.25,-0.14686,0.20833,0,1,0,0,0,0,0,0
0.29964,-0.40027,1.25,-0.14982,0.20621,0,1,0,0,0,0,0,0
0.30532,-0.39595,1.25,-0.15275,0.20405,0,1,0,0,0,0,0,0
0.31095,-0.39155,1.25,-0.15565,0.20185,0,1,0,0,0,0,0,0
0.31651,-0.38707,1.25,-0.15852,0.19961,0,1,0,0,0,0,0,0
0.322,-0.38251,1.25,-0.16135,0.19732,0,1,0,0,0,0,0,0
0.32743,-0.37787,1.25,-0.16415,0.195,0,1,0,0,0,0,0,0
0.33279,-0.37316,1.25,-0.16692,0.19263,0,1,0,0,0,0,0,0
0.33809,-0.36837,1.25,-0.16965,0.19023,0,1,0,0,0,0,0,0
0.34331,-0.36351,1.25,-0.17235,0.18779,0,1,0,0,0,0,0,0
0.34847,-0.35857,1.25,-0.17502,0.18531,0,1,0,0,0,0,0,0
0.35355,-0.35355,1.25,-0.17764,0.18279,0,1,0,0,0,0,0,0
0.35857,-0.34847,1.25,-0.18024,0.18024,0,1,0,0,0,0,0,0
0.36351,-0.34331,1.25,-0.18279,0.17764,0,1,0,0,0,0,0,0
0.36837,-0.33809,1.25,-0.18531,0.17502,0,1,0,0,0,0,0,0
0.37316,-0.33279,1.25,-0.18779,0.17235,0,1,0,0,0,0,0,0
0.37787,-0.32743,1.25,-0.19023,0.16965,0,1,0,0,0,0,0,0
0.38251,-0.322,1.25,-0.19263,0.16692,0,1,0,0,0,0,0,0
0.38707,-0.31651,1.25,-0.195,0.16415,0,1,0,0,0,0,0,0
0.39155,-0.31095,1.25,-0.19732,0.16135,0,1,0,0,0,0,0,0
0.39595,-0.30532,1.25,-0.19961,0.15852,0,1,0,0,0,0,0,0
0.40027,-0.29964,1.25,-0.20185,0.15565,0,1,0,0,0,0,0,0
0.40451,-0.29389,1.25,-0.20405,0.15275,0,1,0,0,0,0,0,0
0.40866,-0.28809,1.25,-0.20621,0.14982,0,1,0,0,0,0,0,0
0.41274,-0.28222,1.25,-0.20833,0.14686,0,1,0,0,0,0,0,0
0.41672,-0.2763,1.25,-0.21041,0.14387,0,1,0,0,0,0,0,0
0.42063,-0.27032,1.25,-0.21244,0.14085,0,1,0,0,0,0,0,0
0.42444,-0.26429,1.25,-0.21443,0.13781,0,1,0,0,0,0,0,0
0.42817,-0.2582,1.25,-0.21638,0.13473,0,1,0,0,0,0,0,0
0.43182,-0.25206,1.25,-0.21828,0.13163,0,1,0,0,0,0,0,0
0.43537,-0.24587,1.25,-0.22013,0.1285,0,1,0,0,0,0,0,0
0.43884,-0.23962,1.25,-0.22195,0.12534,0,1,0,0,0,0,0,0
0.44222,-0.23333,1.25,-0.22371,0.12216,0,1,0,0,0,0,0,0
0.4455,-0.227,1.25,-0.22544,0.11895,0,1,0,0,0,0,0,0
0.4487,-0.22061,1.25,-0.22711,0.11572,0,1,0,0,0,0,0,0
0.4518,-0.21418,1.25,-0.22874,0.11246,0,1,0,0,0,0,0,0
0.45482,-0.20771,1.25,-0.23032,0.10919,0,1,0,0,0,0,0,0
0.45774,-0.20119,1.25,-0.23186,0.10589,0,1,0,0,0,0,0,0
0.46056,-0.19464,1.25,-0.23335,0.10256,0,1,0,0,0,0,0,0
0.46329,-0.18804,1.25,-0.23479,0.099222,0,1,0,0,0,0,0,0
0.46593,-0.1814,1.25,-0.23618,0.095859,0,1,0,0,0,0,0,0
0.46847,-0.17473,1.25,-0.23753,0.092477,0,1,0,0,0,0,0,0
0.47092,-0.16802,1.25,-0.23882,0.089076,0,1,0,0,0,0,0,0
0.47327,-0.16128,1.25,-0.24007,0.085656,0,1,0,0,0,0,0,0
0.47553,-0.15451,1.25,-0.24127,0.08222,0,1,0,0,0,0,0,0
0.47769,-0.1477,1.25,-0.24242,0.078766,0,1,0,0,0,0,0,0
0.47975,-0.14087,1.25,-0.24352,0.075296,0,1,0,0,0,0,0,0
0.48171,-0.134,1.25,-0.24457,0.071812,0,1,0,0,0,0,0,0
0.48357,-0.12711,1.25,-0.24557,0.068312,0,1,0,0,0,0,0,0
0.48534,-0.12019,1.25,-0.24652,0.064798,0,1,0,0,0,0,0,0
0.48701,-0.11325,1.25,-0.24742,0.061272,0,1,0,0,0,0,0,0
0.48857,-0.10628,1.25,-0.24827,0.057732,0,1,0,0,0,0,0,0
0.49004,-0.099295,1.25,-0.24907,0.054181,0,1,0,0,0,0,0,0
0.49141,-0.092288,1.25,-0.24982,0.050619,0,1,0,0,0,0,0,0
0.49268,-0.085261,1.25,-0.25051,0.047047,0,1,0,0,0,0,0,0
0.49384,-0.078217,1.25,-0.25116,0.043465,0,1,0,0,0,0,0,0
0.49491,-0.071157,1.25,-0.25175,0.039874,0,1,0,0,0,0,0,0
0.49588,-0.064083,1.25,-0.2523,0.036275,0,1,0,0,0,0,0,0
0.49674,-0.056996,1.25,-0.25279,0.032669,0,1,0,0,0,0,0,0
0.4975,-0.049897,1.25,-0.25323,0.029056,0,1,0,0,0,0,0,0
0.49817,-0.042788,1.25,-0.25362,0.025437,0,1,0,0,0,0,0,0
0.49873,-0.03567,1.25,-0.25396,0.021812,0,1,0,0,0,0,0,0
0.49918,-0.028544,1.25,-0.25424,0.018184,0,1,0,0,0,0,0,0
0.49954,-0.021413,1.25,-0.25448,0.014552,0,1,0,0,0,0,0,0
0.4998,-0.014278,1.25,-0.25466,0.010916,0,1,0,0,0,0,0,0
0.49995,-0.0071397,1.25,-0.25479,0.0072787,0,1,0,0,0,0,0,0
0.5,-1.2246e-16,1.25,-0.25487,0.0036397,0,1,0,0,0,0,0,0
