0.5,0,0.75,-0.2549,-0,-0,6.1232e-17,0,-0,1,0,0,0
0.49995,0.0071397,0.75,-0.25487,-0.0036398,-0,-0.0071399,-0,0,0.99997,0,0,0.71399
0.4998,0.014278,0.75,-0.25479,-0.0072788,-0,-0.014279,-0,0,0.9999,-0,0,0.71399
0.49954,0.021413,0.75,-0.25466,-0.010916,-0,-0.021418,-0,0,0.99977,-0,0,0.71399
0.49918,0.028544,0.75,-0.25448,-0.014552,-0,-0.028556,-0,0,0.99959,-0,0,0.71399
0.49873,0.03567,0.75,-0.25425,-0.018184,-0,-0.035692,-0,0,0.99936,-0,0,0.71399
0.49817,0.042788,0.75,-0.25396,-0.021813,-0,-0.042827,-0,0,0.99908,-0,0,0.71399
0.4975,0.049897,0.75,-0.25362,-0.025437,-0,-0.049959,-0,0,0.99875,-0,0,0.71399
0.49674,0.056996,0.75,-0.25324,-0.029056,-0,-0.057089,-0,0,0.99837,-0,0,0.71399
0.49588,0.064083,0.75,-0.25279,-0.032669,-0,-0.064216,-0,0,0.99794,-0,0,0.71399
0.49491,0.071157,0.75,-0.2523,-0.036276,-0,-0.071339,-0,0,0.99745,-0,0,0.71399
0.49384,0.078217,0.75,-0.25176,-0.039875,-0,-0.078459,-0,0,0.99692,-0,0,0.71399
0.49268,0.085261,0.75,-0.25116,-0.043466,-0,-0.085575,-0,0,0.99633,-0,0,0.71399
0.49141,0.092288,0.75,-0.25052,-0.047048,-0,-0.092687,-0,0,0.9957,-0,0,0.71399
0.49004,0.099295,0.75,-0.24982,-0.05062,-0,-0.099793,-0,0,0.99501,-0,0,0.71399
0.48857,0.10628,0.75,-0.24907,-0.054182,-0,-0.1069,-0,0,0.99427,-0,0,0.71399
0.48701,0.11325,0.75,-0.24827,-0.057733,-0,-0.11399,-0,0,0.99348,-0,0,0.71399
0.48534,0.12019,0.75,-0.24742,-0.061273,-0,-0.12108,-0,0,0.99264,-0,0,0.71399
0.48357,0.12711,0.75,-0.24652,-0.064799,-0,-0.12817,-0,0,0.99175,-0,0,0.71399
0.48171,0.134,0.75,-0.24557,-0.068313,-0,-0.13524,-0,0,0.99081,-0,0,0.71399
0.47975,0.14087,0.75,-0.24457,-0.071813,-0,-0.14231,-0,0,0.98982,-0,0,0.71399
0.47769,0.1477,0.75,-0.24352,-0.075298,-0,-0.14938,-0,0,0.98878,-0,0,0.71399
0.47553,0.15451,0.75,-0.24242,-0.078767,-0,-0.15643,-0,0,0.98769,-0,0,0.71399
0.47327,0.16128,0.75,-0.24127,-0.082221,-0,-0.16348,-0,0,0.98655,-0,0,0.71399
0.47092,0.16802,0.75,-0.24007,-0.085658,-0,-0.17052,-0,0,0.98535,-0,0,0.71399
0.46847,0.17473,0.75,-0.23883,-0.089077,-0,-0.17755,-0,0,0.98411,-0,0,0.71399
0.46593,0.1814,0.75,-0.23753,-0.092479,-0,-0.18458,-0,0,0.98282,-0,0,0.71399
0.46329,0.18804,0.75,-0.23618,-0.095861,-0,-0.19159,-0,0,0.98148,-0,0,0.71399
0.46056,0.19464,0.75,-0.23479,-0.099224,-0,-0.19859,-0,0,0.98008,-0,0,0.71399
0.45774,0.20119,0.75,-0.23335,-0.10257,-0,-0.20558,-0,0,0.97864,-0,0,0.71399
0.45482,0.20771,0.75,-0.23186,-0.10589,-0,-0.21257,-0,0,0.97715,-0,0,0.71399
0.4518,0.21418,0.75,-0.23033,-0.10919,-0,-0.21954,-0,0,0.9756,-0,0,0.71399
0.4487,0.22061,0.75,-0.22874,-0.11247,-0,-0.2265,-0,0,0.97401,-0,0,0.71399
0.4455,0.227,0.75,-0.22711,-0.11572,-0,-0.23345,-0,0,0.97237,-0,0,0.71399
0.44222,0.23333,0.75,-0.22544,-0.11895,-0,-0.24038,-0,0,0.97068,-0,0,0.71399
0.43884,0.23962,0.75,-0.22372,-0.12216,-0,-0.24731,-0,0,0.96894,-0,0,0.71399
0.43537,0.24587,0.75,-0.22195,-0.12534,-0,-0.25422,-0,0,0.96715,-0,0,0.71399
0.43182,0.25206,0.75,-0.22014,-0.1285,-0,-0.26112,-0,0,0.96531,-0,0,0.71399
0.42817,0.2582,0.75,-0.21828,-0.13163,-0,-0.268,-0,0,0.96342,-0,0,0.71399
0.42444,0.26429,0.75,-0.21638,-0.13473,-0,-0.27487,-0,0,0.96148,-0,0,0.71399
0.42063,0.27032,0.75,-0.21443,-0.13781,-0,-0.28173,-0,0,0.95949,-0,0,0.71399
0.41672,0.2763,0.75,-0.21244,-0.14086,-0,-0.28858,-0,0,0.95746,-0,0,0.71399
0.41274,0.28222,0.75,-0.21041,-0.14387,-0,-0.2954,-0,0,0.95537,-0,0,0.71399
0.40866,0.28809,0.75,-0.20833,-0.14686,-0,-0.30222,-0,0,0.95324,-0,0,0.71399
0.40451,0.29389,0.75,-0.20622,-0.14982,-0,-0.30902,-0,0,0.95106,-0,0,0.71399
0.40027,0.29964,0.75,-0.20406,-0.15275,-0,-0.3158,-0,0,0.94883,-0,0,0.71399
0.39595,0.30532,0.75,-0.20185,-0.15565,-0,-0.32257,-0,0,0.94655,-0,0,0.71399
0.39155,0.31095,0.75,-0.19961,-0.15852,-0,-0.32932,-0,0,0.94422,-0,0,0.71399
0.38707,0.31651,0.75,-0.19733,-0.16135,-0,-0.33605,-0,0,0.94184,-0,0,0.71399
0.38251,0.322,0.75,-0.195,-0.16415,-0,-0.34277,-0,0,0.93942,-0,0,0.71399
0.37787,0.32743,0.75,-0.19264,-0.16692,-0,-0.34946,-0,0,0.93695,-0,0,0.71399
0.37316,0.33279,0.75,-0.19023,-0.16966,-0,-0.35615,-0,0,0.93443,-0,0,0.71399
0.36837,0.33809,0.75,-0.18779,-0.17235,-0,-0.36281,-0,0,0.93186,-0,0,0.71399
0.36351,0.34331,0.75,-0.18531,-0.17502,-0,-0.36945,-0,0,0.92925,-0,0,0.71399
0.35857,0.34847,0.75,-0.18279,-0.17765,-0,-0.37608,-0,0,0.92659,-0,0,0.71399
0.35355,0.35355,0.75,-0.18024,-0.18024,-0,-0.38268,-0,0,0.92388,-0,0,0.71399
0.34847,0.35857,0.75,-0.17765,-0.18279,-0,-0.38927,-0,0,0.92112,-0,0,0.71399
0.34331,0.36351,0.75,-0.17502,-0.18531,-0,-0.39584,-0,0,0.91832,-0,0,0.71399
0.33809,0.36837,0.75,-0.17235,-0.18779,-0,-0.40238,-0,0,0.91547,-0,0,0.71399
0.33279,0.37316,0.75,-0.16966,-0.19023,-0,-0.40891,-0,0,0.91257,-0,0,0.71399
0.32743,0.37787,0.75,-0.16692,-0.19264,-0,-0.41542,-0,0,0.90963,-0,0,0.71399
0.322,0.38251,0.75,-0.16415,-0.195,-0,-0.4219,-0,0,0.90664,-0,0,0.71399
0.31651,0.38707,0.75,-0.16135,-0.19733,-0,-0.42836,-0,0,0.90361,-0,0,0.71399
0.31095,0.39155,0.75,-0.15852,-0.19961,-0,-0.4348,-0,0,0.90053,-0,0,0.71399
0.30532,0.39595,0.75,-0.15565,-0.20185,-0,-0.44122,-0,0,0.8974,-0,0,0.71399
0.29964,0.40027,0.75,-0.15275,-0.20406,-0,-0.44762,-0,0,0.89423,-0,0,0.71399
0.29389,0.40451,0.75,-0.14982,-0.20622,-0,-0.45399,-0,0,0.89101,-0,0,0.71399
0.28809,0.40866,0.75,-0.14686,-0.20833,-0,-0.46034,-0,0,0.88774,-0,0,0.71399
0.28222,0.41274,0.75,-0.14387,-0.21041,-0,-0.46667,-0,0,0.88443,-0,0,0.71399
0.2763,0.41672,0.75,-0.14086,-0.21244,-0,-0.47297,-0,0,0.88108,-0,0,0.71399
0.27032,0.42063,0.75,-0.13781,-0.21443,-0,-0.47925,-0,0,0.87768,-0,0,0.71399
0.26429,0.42444,0.75,-0.13473,-0.21638,-0,-0.4855,-0,0,0.87423,-0,0,0.71399
0.2582,0.42817,0.75,-0.13163,-0.21828,-0,-0.49173,-0,0,0.87075,-0,0,0.71399
0.25206,0.43182,0.75,-0.1285,-0.22014,-0,-0.49794,-0,0,0.86721,-0,0,0.71399
0.24587,0.43537,0.75,-0.12534,-0.22195,-0,-0.50412,-0,0,0.86364,-0,0,0.71399
0.23962,0.43884,0.75,-0.12216,-0.22372,-0,-0.51027,-0,0,0.86001,-0,0,0.71399
0.23333,0.44222,0.75,-0.11895,-0.22544,-0,-0.5164,-0,0,0.85635,-0,0,0.71399
0.227,0.4455,0.75,-0.11572,-0.22711,-0,-0.5225,-0,0,0.85264,-0,0,0.71399
0.22061,0.4487,0.75,-0.11247,-0.22874,-0,-0.52857,-0,0,0.84889,-0,0,0.71399
0.21418,0.4518,0.75,-0.10919,-0.23033,-0,-0.53462,-0,0,0.84509,-0,0,0.71399
0.20771,0.45482,0.75,-0.10589,-0.23186,-0,-0.54064,-0,0,0.84125,-0,0,0.71399
0.20119,0.45774,0.75,-0.10257,-0.23335,-0,-0.54663,-0,0,0.83737,-0,0,0.71399
0.19464,0.46056,0.75,-0.099224,-0.23479,-0,-0.5526,-0,0,0.83345,-0,0,0.71399
0.18804,0.46329,0.75,-0.095861,-0.23618,-0,-0.55854,-0,0,0.82948,-0,0,0.71399
0.1814,0.46593,0.75,-0.092479,-0.23753,-0,-0.56444,-0,0,0.82547,-0,0,0.71399
0.17473,0.46847,0.75,-0.089077,-0.23883,-0,-0.57032,-0,0,0.82142,-0,0,0.71399
0.16802,0.47092,0.75,-0.085658,-0.24007,-0,-0.57617,-0,0,0.81733,-0,0,0.71399
0.16128,0.47327,0.75,-0.082221,-0.24127,-0,-0.58199,-0,0,0.81319,-0,0,0.71399
0.15451,0.47553,0.75,-0.078767,-0.24242,-0,-0.58779,-0,0,0.80902,-0,0,0.71399
0.1477,0.47769,0.75,-0.075298,-0.24352,-0,-0.59355,-0,0,0.8048,-0,0,0.71399
0.14087,0.47975,0.75,-0.071813,-0.24457,-0,-0.59928,-0,0,0.80054,-0,0,0.71399
0.134,0.48171,0.75,-0.068313,-0.24557,-0,-0.60498,-0,0,0.79624,-0,0,0.71399
0.12711,0.48357,0.75,-0.064799,-0.24652,-0,-0.61065,-0,0,0.7919,-0,0,0.71399
0.12019,0.48534,0.75,-0.061273,-0.24742,-0,-0.61629,-0,0,0.78752,-0,0,0.71399
0.11325,0.48701,0.75,-0.057733,-0.24827,-0,-0.62189,-0,0,0.7831,-0,0,0.71399
0.10628,0.48857,0.75,-0.054182,-0.24907,-0,-0.62747,-0,0,0.77864,-0,0,0.71399
0.099295,0.49004,0.75,-0.05062,-0.24982,-0,-0.63301,-0,0,0.77414,-0,0,0.71399
0.092288,0.49141,0.75,-0.047048,-0.25052,-0,-0.63852,-0,0,0.7696,-0,0,0.71399
0.085261,0.49268,0.75,-0.043466,-0.25116,-0,-0.644,-0,0,0.76502,-0,0,0.71399
0.078217,0.49384,0.75,-0.039875,-0.25176,-0,-0.64945,-0,0,0.76041,-0,0,0.71399
0.071157,0.49491,0.75,-0.036276,-0.2523,-0,-0.65486,-0,0,0.75575,-0,0,0.71399
0.064083,0.49588,0.75,-0.032669,-0.25279,-0,-0.66024,-0,0,0.75105,-0,0,0.71399
0.056996,0.49674,0.75,-0.029056,-0.25324,-0,-0.66559,-0,0,0.74632,-0,0,0.71399
0.049897,0.4975,0.75,-0.025437,-0.25362,-0,-0.6709,-0,0,0.74155,-0,0,0.71399
0.042788,0.49817,0.75,-0.021813,-0.25396,-0,-0.67617,-0,0,0.73674,-0,0,0.71399
0.03567,0.49873,0.75,-0.018184,-0.25425,-0,-0.68142,-0,0,0.73189,-0,0,0.71399
0.028544,0.49918,0.75,-0.014552,-0.25448,-0,-0.68663,-0,0,0.72701,-0,0,0.71399
0.021413,0.49954,0.75,-0.010916,-0.25466,-0,-0.6918,-0,0,0.72209,-0,0,0.71399
0.014278,0.4998,0.75,-0.0072788,-0.25479,-0,-0.69694,-0,0,0.71713,-0,0,0.71399
0.0071397,0.49995,0.75,-0.0036398,-0.25487,-0,-0.70204,-0,0,0.71214,-0,0,0.71399
3.0616e-17,0.5,0.75,-1.5608e-17,-0.2549,-0,-0.70711,-0,0,0.70711,-0,0,0.71399
-0.0071397,0.49995,0.75,0.0036398,-0.25487,-0,-0.71214,-0,0,0.70204,-0,0,0.71399
-0.014278,0.4998,0.75,0.0072788,-0.25479,-0,-0.71713,-0,0,0.69694,-0,0,0.71399
-0.021413,0.49954,0.75,0.010916,-0.25466,-0,-0.72209,-0,0,0.6918,-0,0,0.71399
-0.028544,0.49918,0.75,0.014552,-0.25448,-0,-0.72701,-0,0,0.68663,-0,0,0.71399
-0.03567,0.49873,0.75,0.018184,-0.25425,-0,-0.73189,-0,0,0.68142,-0,0,0.71399
-0.042788,0.49817,0.75,0.021813,-0.25396,-0,-0.73674,-0,0,0.67617,-0,0,0.71399
-0.049897,0.4975,0.75,0.025437,-0.25362,-0,-0.74155,-0,0,0.6709,-0,0,0.71399
-0.056996,0.49674,0.75,0.029056,-0.25324,-0,-0.74632,-0,0,0.66559,-0,0,0.71399
-0.064083,0.49588,0.75,0.032669,-0.25279,-0,-0.75105,-0,0,0.66024,-0,0,0.71399
-0.071157,0.49491,0.75,0.036276,-0.2523,-0,-0.75575,-0,0,0.65486,-0,0,0.71399
-0.078217,0.49384,0.75,0.039875,-0.25176,-0,-0.76041,-0,0,0.64945,-0,0,0.71399
-0.085261,0.49268,0.75,0.043466,-0.25116,-0,-0.76502,-0,0,0.644,-0,0,0.71399
-0.092288,0.49141,0.75,0.047048,-0.25052,-0,-0.7696,-0,0,0.63852,-0,0,0.71399
-0.099295,0.49004,0.75,0.05062,-0.24982,-0,-0.77414,-0,0,0.63301,-0,0,0.71399
-0.10628,0.48857,0.75,0.054182,-0.24907,-0,-0.77864,-0,0,0.62747,-0,0,0.71399
-0.11325,0.48701,0.75,0.057733,-0.24827,-0,-0.7831,-0,0,0.62189,-0,0,0.71399
-0.12019,0.48534,0.75,0.061273,-0.24742,-0,-0.78752,-0,0,0.61629,-0,0,0.71399
-0.12711,0.48357,0.75,0.064799,-0.24652,-0,-0.7919,-0,0,0.61065,-0,0,0.71399
-0.134,0.48171,0.75,0.068313,-0.24557,-0,-0.79624,-0,0,0.60498,-0,0,0.71399
-0.14087,0.47975,0.75,0.071813,-0.24457,-0,-0.80054,-0,0,0.59928,-0,0,0.71399
-0.1477,0.47769,0.75,0.075298,-0.24352,-0,-0.8048,-0,0,0.59355,-0,0,0.71399
-0.15451,0.47553,0.75,0.078767,-0.24242,-0,-0.80902,-0,0,0.58779,-0,0,0.71399
-0.16128,0.47327,0.75,0.082221,-0.24127,-0,-0.81319,-0,0,0.58199,-0,0,0.71399
-0.16802,0.47092,0.75,0.085658,-0.24007,-0,-0.81733,-0,0,0.57617,-0,0,0.71399
-0.17473,0.46847,0.75,0.089077,-0.23883,-0,-0.82142,-0,0,0.57032,-0,0,0.71399
-0.1814,0.46593,0.75,0.092479,-0.23753,-0,-0.82547,-0,0,0.56444,-0,0,0.71399
-0.18804,0.46329,0.75,0.095861,-0.23618,-0,-0.82948,-0,0,0.55854,-0,0,0.71399
-0.19464,0.46056,0.75,0.099224,-0.23479,-0,-0.83345,-0,0,0.5526,-0,0,0.71399
-0.20119,0.45774,0.75,0.10257,-0.23335,-0,-0.83737,-0,0,0.54663,-0,0,0.71399
-0.20771,0.45482,0.75,0.10589,-0.23186,-0,-0.84125,-0,0,0.54064,-0,0,0.71399
-0.21418,0.4518,0.75,0.10919,-0.23033,-0,-0.84509,-0,0,0.53462,-0,0,0.71399
-0.22061,0.4487,0.75,0.11247,-0.22874,-0,-0.84889,-0,0,0.52857,-0,0,0.71399
-0.227,0.4455,0.75,0.11572,-0.22711,-0,-0.85264,-0,0,0.5225,-0,0,0.71399
-0.23333,0.44222,0.75,0.11895,-0.22544,-0,-0.85635,-0,0,0.5164,-0,0,0.71399
-0.23962,0.43884,0.75,0.12216,-0.22372,-0,-0.86001,-0,0,0.51027,-0,0,0.71399
-0.24587,0.43537,0.75,0.12534,-0.22195,-0,-0.86364,-0,0,0.50412,-0,0,0.71399
-0.25206,0.43182,0.75,0.1285,-0.22014,-0,-0.86721,-0,0,0.49794,-0,0,0.71399
-0.2582,0.42817,0.75,0.13163,-0.21828,-0,-0.87075,-0,0,0.49173,-0,0,0.71399
-0.26429,0.42444,0.75,0.13473,-0.21638,-0,-0.87423,-0,0,0.4855,-0,0,0.71399
-0.27032,0.42063,0.75,0.13781,-0.21443,-0,-0.87768,-0,0,0.47925,-0,0,0.71399
-0.2763,0.41672,0.75,0.14086,-0.21244,-0,-0.88108,-0,0,0.47297,-0,0,0.71399
-0.28222,0.41274,0.75,0.14387,-0.21041,-0,-0.88443,-0,0,0.46667,-0,0,0.71399
-0.28809,0.40866,0.75,0.14686,-0.20833,-0,-0.88774,-0,0,0.46034,-0,0,0.71399
-0.29389,0.40451,0.75,0.14982,-0.20622,-0,-0.89101,-0,0,0.45399,-0,0,0.71399
-0.29964,0.40027,0.75,0.15275,-0.20406,-0,-0.89423,-0,0,0.44762,-0,0,0.71399
-0.30532,0.39595,0.75,0.15565,-0.20185,-0,-0.8974,-0,0,0.44122,-0,0,0.71399
-0.31095,0.39155,0.75,0.15852,-0.19961,-0,-0.90053,-0,0,0.4348,-0,0,0.71399
-0.31651,0.38707,0.75,0.16135,-0.19733,-0,-0.90361,-0,0,0.42836,-0,0,0.71399
-0.322,0.38251,0.75,0.16415,-0.195,-0,-0.90664,-0,0,0.4219,-0,0,0.71399
-0.32743,0.37787,0.75,0.16692,-0.19264,-0,-0.90963,-0,0,0.41542,-0,0,0.71399
-0.33279,0.37316,0.75,0.16966,-0.19023,-0,-0.91257,-0,0,0.40891,-0,0,0.71399
-0.33809,0.36837,0.75,0.17235,-0.18779,-0,-0.91547,-0,0,0.40238,-0,0,0.71399
-0.34331,0.36351,0.75,0.17502,-0.18531,-0,-0.91832,-0,0,0.39584,-0,0,0.71399
-0.34847,0.35857,0.75,0.17765,-0.18279,-0,-0.92112,-0,0,0.38927,-0,0,0.71399
-0.35355,0.35355,0.75,0.18024,-0.18024,-0,-0.92388,-0,0,0.38268,-0,0,0.71399
-0.35857,0.34847,0.75,0.18279,-0.17765,-0,-0.92659,-0,0,0.37608,-0,0,0.71399
-0.36351,0.34331,0.75,0.18531,-0.17502,-0,-0.92925,-0,0,0.36945,-0,0,0.71399
-0.36837,0.33809,0.75,0.18779,-0.17235,-0,-0.93186,-0,0,0.36281,-0,0,0.71399
-0.37316,0.33279,0.75,0.19023,-0.16966,-0,-0.93443,-0,0,0.35615,-0,0,0.71399
-0.37787,0.32743,0.75,0.19264,-0.16692,-0,-0.93695,-0,0,0.34946,-0,0,0.71399
-0.38251,0.322,0.75,0.195,-0.16415,-0,-0.93942,-0,0,0.34277,-0,0,0.71399
-0.38707,0.31651,0.75,0.19733,-0.16135,-0,-0.94184,-0,0,0.33605,-0,0,0.71399
-0.39155,0.31095,0.75,0.19961,-0.15852,-0,-0.94422,-0,0,0.32932,-0,0,0.71399
-0.39595,0.30532,0.75,0.20185,-0.15565,-0,-0.94655,-0,0,0.32257,-0,0,0.71399
-0.40027,0.29964,0.75,0.20406,-0.15275,-0,-0.94883,-0,0,0.3158,-0,0,0.71399
-0.40451,0.29389,0.75,0.20622,-0.14982,-0,-0.95106,-0,0,0.30902,-0,0,0.71399
-0.40866,0.28809,0.75,0.20833,-0.14686,-0,-0.95324,-0,0,0.30222,-0,0,0.71399
-0.41274,0.28222,0.75,0.21041,-0.14387,-0,-0.95537,-0,0,0.2954,-0,0,0.71399
-0.41672,0.2763,0.75,0.21244,-0.14086,-0,-0.95746,-0,0,0.28858,-0,0,0.71399
-0.42063,0.27032,0.75,0.21443,-0.13781,-0,-0.95949,-0,0,0.28173,-0,0,0.71399
-0.42444,0.26429,0.75,0.21638,-0.13473,-0,-0.96148,-0,0,0.27487,-0,0,0.71399
-0.42817,0.2582,0.75,0.21828,-0.13163,-0,-0.96342,-0,0,0.268,-0,0,0.71399
-0.43182,0.25206,0.75,0.22014,-0.1285,-0,-0.96531,-0,0,0.26112,-0,0,0.71399
-0.43537,0.24587,0.75,0.22195,-0.12534,-0,-0.96715,-0,0,0.25422,-0,0,0.71399
-0.43884,0.23962,0.75,0.22372,-0.12216,-0,-0.96894,-0,0,0.24731,-0,0,0.71399
-0.44222,0.23333,0.75,0.22544,-0.11895,-0,-0.97068,-0,0,0.24038,-0,0,0.71399
-0.4455,0.227,0.75,0.22711,-0.11572,-0,-0.97237,-0,0,0.23345,-0,0,0.71399
-0.4487,0.22061,0.75,0.22874,-0.11247,-0,-0.97401,-0,0,0.2265,-0,0,0.71399
-0.4518,0.21418,0.75,0.23033,-0.10919,-0,-0.9756,-0,0,0.21954,-0,0,0.71399
-0.45482,0.20771,0.75,0.23186,-0.10589,-0,-0.97715,-0,0,0.21257,-0,0,0.71399
-0.45774,0.20119,0.75,0.23335,-0.10257,-0,-0.97864,-0,0,0.20558,-0,0,0.71399
-0.46056,0.19464,0.75,0.23479,-0.099224,-0,-0.98008,-0,0,0.19859,-0,0,0.71399
-0.46329,0.18804,0.75,0.23618,-0.095861,-0,-0.98148,-0,0,0.19159,-0,0,0.71399
-0.46593,0.1814,0.75,0.23753,-0.092479,-0,-0.98282,-0,0,0.18458,-0,0,0.71399
-0.46847,0.17473,0.75,0.23883,-0.089077,-0,-0.98411,-0,0,0.17755,-0,0,0.71399
-0.47092,0.16802,0.75,0.24007,-0.085658,-0,-0.98535,-0,0,0.17052,-0,0,0.71399
-0.47327,0.16128,0.75,0.24127,-0.082221,-0,-0.98655,-0,0,0.16348,-0,0,0.71399
-0.47553,0.15451,0.75,0.24242,-0.078767,-0,-0.98769,-0,0,0.15643,-0,0,0.71399
-0.47769,0.1477,0.75,0.24352,-0.075298,-0,-0.98878,-0,0,0.14938,-0,0,0.71399
-0.47975,0.14087,0.75,0.24457,-0.071813,-0,-0.98982,-0,0,0.14231,-0,0,0.71399
-0.48171,0.134,0.75,0.24557,-0.068313,-0,-0.99081,-0,0,0.13524,-0,0,0.71399
-0.48357,0.12711,0.75,0.24652,-0.064799,-0,-0.99175,-0,0,0.12817,-0,0,0.71399
-0.48534,0.12019,0.75,0.24742,-0.061273,-0,-0.99264,-0,0,0.12108,-0,0,0.71399
-0.48701,0.11325,0.75,0.24827,-0.057733,-0,-0.99348,-0,0,0.11399,-0,0,0.71399
-0.48857,0.10628,0.75,0.24907,-0.054182,-0,-0.99427,-0,0,0.1069,-0,0,0.71399
-0.49004,0.099295,0.75,0.24982,-0.05062,-0,-0.99501,-0,0,0.099793,-0,0,0.71399
-0.49141,0.092288,0.75,0.25052,-0.047048,-0,-0.9957,-0,0,0.092687,-0,0,0.71399
-0.49268,0.085261,0.75,0.25116,-0.043466,-0,-0.99633,-0,0,0.085575,-0,0,0.71399
-0.49384,0.078217,0.75,0.25176,-0.039875,-0,-0.99692,-0,0,0.078459,-0,0,0.71399
-0.49491,0.071157,0.75,0.2523,-0.036276,-0,-0.99745,-0,0,0.071339,-0,0,0.71399
-0.49588,0.064083,0.75,0.25279,-0.032669,-0,-0.99794,-0,0,0.064216,-0,0,0.71399
-0.49674,0.056996,0.75,0.25324,-0.029056,-0,-0.99837,-0,0,0.057089,-0,0,0.71399
-0.4975,0.049897,0.75,0.25362,-0.025437,-0,-0.99875,-0,0,0.049959,-0,0,0.71399
-0.49817,0.042788,0.75,0.25396,-0.021813,-0,-0.99908,-0,0,0.042827,-0,0,0.71399
-0.49873,0.03567,0.75,0.25425,-0.018184,-0,-0.99936,-0,0,0.035692,-0,0,0.71399
-0.49918,0.028544,0.75,0.25448,-0.014552,-0,-0.99959,-0,0,0.028556,-0,0,0.71399
-0.49954,0.021413,0.75,0.25466,-0.010916,-0,-0.99977,-0,0,0.021418,-0,0,0.71399
-0.4998,0.014278,0.75,0.25479,-0.0072788,-0,-0.9999,-0,0,0.014279,-0,0,0.71399
-0.49995,0.0071397,0.75,0.25487,-0.0036398,-0,-0.99997,-0,0,0.0071399,-0,0,0.71399
-0.5,6.1232e-17,0.75,0.2549,-3.1216e-17,-0,-1,-0,0,1.2246e-16,-0,0,0.71399
-0.49995,-0.0071397,0.75,0.25487,0.0036398,0,-0.99997,0,0,-0.0071399,0,0,0.71399
-0.4998,-0.014278,0.75,0.25479,0.0072788,0,-0.9999,0,0,-0.014279,0,0,0.71399
-0.49954,-0.021413,0.75,0.25466,0.010916,0,-0.99977,0,0,-0.021418,0,0,0.71399
-0.49918,-0.028544,0.75,0.25448,0.014552,0,-0.99959,0,0,-0.028556,0,0,0.71399
-0.49873,-0.03567,0.75,0.25425,0.018184,0,-0.99936,0,0,-0.035692,0,0,0.71399
-0.49817,-0.042788,0.75,0.25396,0.021813,0,-0.99908,0,0,-0.042827,0,0,0.71399
-0.4975,-0.049897,0.75,0.25362,0.025437,0,-0.99875,0,0,-0.049959,0,0,0.71399
-0.49674,-0.056996,0.75,0.25324,0.029056,0,-0.99837,0,0,-0.057089,0,0,0.71399
-0.49588,-0.064083,0.75,0.25279,0.032669,0,-0.99794,0,0,-0.064216,0,0,0.71399
-0.49491,-0.071157,0.75,0.2523,0.036276,0,-0.99745,0,0,-0.071339,0,0,0.71399
-0.49384,-0.078217,0.75,0.25176,0.039875,0,-0.99692,0,0,-0.078459,0,0,0.71399
-0.49268,-0.085261,0.75,0.25116,0.043466,0,-0.99633,0,0,-0.085575,0,0,0.71399
-0.49141,-0.092288,0.75,0.25052,0.047048,0,-0.9957,0,0,-0.092687,0,0,0.71399
-0.49004,-0.099295,0.75,0.24982,0.05062,0,-0.99501,0,0,-0.099793,0,0,0.71399
-0.48857,-0.10628,0.75,0.24907,0.054182,0,-0.99427,0,0,-0.1069,0,0,0.71399
-0.48701,-0.11325,0.75,0.24827,0.057733,0,-0.99348,0,0,-0.11399,0,0,0.71399
-0.48534,-0.12019,0.75,0.24742,0.061273,0,-0.99264,0,0,-0.12108,0,0,0.71399
-0.48357,-0.12711,0.75,0.24652,0.064799,0,-0.99175,0,0,-0.12817,0,0,0.71399
-0.48171,-0.134,0.75,0.24557,0.068313,0,-0.99081,0,0,-0.13524,0,0,0.71399
-0.47975,-0.14087,0.75,0.24457,0.071813,0,-0.98982,0,0,-0.14231,0,0,0.71399
-0.47769,-0.1477,0.75,0.24352,0.075298,0,-0.98878,0,0,-0.14938,0,0,0.71399
-0.47553,-0.15451,0.75,0.24242,0.078767,0,-0.98769,0,0,-0.15643,0,0,0.71399
-0.47327,-0.16128,0.75,0.24127,0.082221,0,-0.98655,0,0,-0.16348,0,0,0.71399
-0.47092,-0.16802,0.75,0.24007,0.085658,0,-0.98535,0,0,-0.17052,0,0,0.71399
-0.46847,-0.17473,0.75,0.23883,0.089077,0,-0.98411,0,0,-0.17755,0,0,0.71399
-0.46593,-0.1814,0.75,0.23753,0.092479,0,-0.98282,0,0,-0.18458,0,0,0.71399
-0.46329,-0.18804,0.75,0.23618,0.095861,0,-0.98148,0,0,-0.19159,0,0,0.71399
-0.46056,-0.19464,0.75,0.23479,0.099224,0,-0.98008,0,0,-0.19859,0,0,0.71399
-0.45774,-0.20119,0.75,0.23335,0.10257,0,-0.97864,0,0,-0.20558,0,0,0.71399
-0.45482,-0.20771,0.75,0.23186,0.10589,0,-0.97715,0,0,-0.21257,0,0,0.71399
-0.4518,-0.21418,0.75,0.23033,0.10919,0,-0.9756,0,0,-0.21954,0,0,0.71399
-0.4487,-0.22061,0.75,0.22874,0.11247,0,-0.97401,0,0,-0.2265,0,0,0.71399
-0.4455,-0.227,0.75,0.22711,0.11572,0,-0.97237,0,0,-0.23345,0,0,0.71399
-0.44222,-0.23333,0.75,0.22544,0.11895,0,-0.97068,0,0,-0.24038,0,0,0.71399
-0.43884,-0.23962,0.75,0.22372,0.12216,0,-0.96894,0,0,-0.24731,0,0,0.71399
-0.43537,-0.24587,0.75,0.22195,0.12534,0,-0.96715,0,0,-0.25422,0,0,0.71399
-0.43182,-0.25206,0.75,0.22014,0.1285,0,-0.96531,0,0,-0.26112,0,0,0.71399
-0.42817,-0.2582,0.75,0.21828,0.13163,0,-0.96342,0,0,-0.268,0,0,0.71399
-0.42444,-0.26429,0.75,0.21638,0.13473,0,-0.96148,0,0,-0.27487,0,0,0.71399
-0.42063,-0.27032,0.75,0.21443,0.13781,0,-0.95949,0,0,-0.28173,0,0,0.71399
-0.41672,-0.2763,0.75,0.21244,0.14086,0,-0.95746,0,0,-0.28858,0,0,0.71399
-0.41274,-0.28222,0.75,0.21041,0.14387,0,-0.95537,0,0,-0.2954,0,0,0.71399
-0.40866,-0.28809,0.75,0.20833,0.14686,0,-0.95324,0,0,-0.30222,0,0,0.71399
-0.40451,-0.29389,0.75,0.20622,0.14982,0,-0.95106,0,0,-0.30902,0,0,0.71399
-0.40027,-0.29964,0.75,0.20406,0.15275,0,-0.94883,0,0,-0.3158,0,0,0.71399
-0.39595,-0.30532,0.75,0.20185,0.15565,0,-0.94655,0,0,-0.32257,0,0,0.71399
-0.39155,-0.31095,0.75,0.19961,0.15852,0,-0.94422,0,0,-0.32932,0,0,0.71399
-0.38707,-0.31651,0.75,0.19733,0.16135,0,-0.94184,0,0,-0.33605,0,0,0.71399
-0.38251,-0.322,0.75,0.195,0.16415,0,-0.93942,0,0,-0.34277,0,0,0.71399
-0.37787,-0.32743,0.75,0.19264,0.16692,0,-0.93695,0,0,-0.34946,0,0,0.71399
-0.37316,-0.33279,0.75,0.19023,0.16966,0,-0.93443,0,0,-0.35615,0,0,0.71399
-0.36837,-0.33809,0.75,0.18779,0.17235,0,-0.93186,0,0,-0.36281,0,0,0.71399
-0.36351,-0.34331,0.75,0.18531,0.17502,0,-0.92925,0,0,-0.36945,0,0,0.71399
-0.35857,-0.34847,0.75,0.18279,0.17765,0,-0.92659,0,0,-0.37608,0,0,0.71399
-0.35355,-0.35355,0.75,0.18024,0.18024,0,-0.92388,0,0,-0.38268,0,0,0.71399
-0.34847,-0.35857,0.75,0.17765,0.18279,0,-0.92112,0,0,-0.38927,0,0,0.71399
-0.34331,-0.36351,0.75,0.17502,0.18531,0,-0.91832,0,0,-0.39584,0,0,0.71399
-0.33809,-0.36837,0.75,0.17235,0.18779,0,-0.91547,0,0,-0.40238,0,0,0.71399
-0.33279,-0.37316,0.75,0.16966,0.19023,0,-0.91257,0,0,-0.40891,0,0,0.71399
-0.32743,-0.37787,0.75,0.16692,0.19264,0,-0.90963,0,0,-0.41542,0,0,0.71399
-0.322,-0.38251,0.75,0.16415,0.195,0,-0.90664,0,0,-0.4219,0,0,0.71399
-0.31651,-0.38707,0.75,0.16135,0.19733,0,-0.90361,0,0,-0.42836,0,0,0.71399
-0.31095,-0.39155,0.75,0.15852,0.19961,0,-0.90053,0,0,-0.4348,0,0,0.71399
-0.30532,-0.39595,0.75,0.15565,0.20185,0,-0.8974,0,0,-0.44122,0,0,0.71399
-0.29964,-0.40027,0.75,0.15275,0.20406,0,-0.89423,0,0,-0.44762,0,0,0.71399
-0.29389,-0.40451,0.75,0.14982,0.20622,0,-0.89101,0,0,-0.45399,0,0,0.71399
-0.28809,-0.40866,0.75,0.14686,0.20833,0,-0.88774,0,0,-0.46034,0,0,0.71399
-0.28222,-0.41274,0.75,0.14387,0.21041,0,-0.88443,0,0,-0.46667,0,0,0.71399
-0.2763,-0.41672,0.75,0.14086,0.21244,0,-0.88108,0,0,-0.47297,0,0,0.71399
-0.27032,-0.42063,0.75,0.13781,0.21443,0,-0.87768,0,0,-0.47925,0,0,0.71399
-0.26429,-0.42444,0.75,0.13473,0.21638,0,-0.87423,0,0,-0.4855,0,0,0.71399
-0.2582,-0.42817,0.75,0.13163,0.21828,0,-0.87075,0,0,-0.49173,0,0,0.71399
-0.25206,-0.43182,0.75,0.1285,0.22014,0,-0.86721,0,0,-0.49794,0,0,0.71399
-0.24587,-0.43537,0.75,0.12534,0.22195,0,-0.86364,0,0,-0.50412,0,0,0.71399
-0.23962,-0.43884,0.75,0.12216,0.22372,0,-0.86001,0,0,-0.51027,0,0,0.71399
-0.23333,-0.44222,0.75,0.11895,0.22544,0,-0.85635,0,0,-0.5164,0,0,0.71399
-0.227,-0.4455,0.75,0.11572,0.22711,0,-0.85264,0,0,-0.5225,0,0,0.71399
-0.22061,-0.4487,0.75,0.11247,0.22874,0,-0.84889,0,0,-0.52857,0,0,0.71399
-0.21418,-0.4518,0.75,0.10919,0.23033,0,-0.84509,0,0,-0.53462,0,0,0.71399
-0.20771,-0.45482,0.75,0.10589,0.23186,0,-0.84125,0,0,-0.54064,0,0,0.71399
-0.20119,-0.45774,0.75,0.10257,0.23335,0,-0.83737,0,0,-0.54663,0,0,0.71399
-0.19464,-0.46056,0.75,0.099224,0.23479,0,-0.83345,0,0,-0.5526,0,0,0.71399
-0.18804,-0.46329,0.75,0.095861,0.23618,0,-0.82948,0,0,-0.55854,0,0,0.71399
-0.1814,-0.46593,0.75,0.092479,0.23753,0,-0.82547,0,0,-0.56444,0,0,0.71399
-0.17473,-0.46847,0.75,0.089077,0.23883,0,-0.82142,0,0,-0.57032,0,0,0.71399
-0.16802,-0.47092,0.75,0.085658,0.24007,0,-0.81733,0,0,-0.57617,0,0,0.71399
-0.16128,-0.47327,0.75,0.082221,0.24127,0,-0.81319,0,0,-0.58199,0,0,0.71399
-0.15451,-0.47553,0.75,0.078767,0.24242,0,-0.80902,0,0,-0.58779,0,0,0.71399
-0.1477,-0.47769,0.75,0.075298,0.24352,0,-0.8048,0,0,-0.59355,0,0,0.71399
-0.14087,-0.47975,0.75,0.071813,0.24457,0,-0.80054,0,0,-0.59928,0,0,0.71399
-0.134,-0.48171,0.75,0.068313,0.24557,0,-0.79624,0,0,-0.60498,0,0,0.71399
-0.12711,-0.48357,0.75,0.064799,0.24652,0,-0.7919,0,0,-0.61065,0,0,0.71399
-0.12019,-0.48534,0.75,0.061273,0.24742,0,-0.78752,0,0,-0.61629,0,0,0.71399
-0.11325,-0.48701,0.75,0.057733,0.24827,0,-0.7831,0,0,-0.62189,0,0,0.71399
-0.10628,-0.48857,0.75,0.054182,0.24907,0,-0.77864,0,0,-0.62747,0,0,0.71399
-0.099295,-0.49004,0.75,0.05062,0.24982,0,-0.77414,0,0,-0.63301,0,0,0.71399
-0.092288,-0.49141,0.75,0.047048,0.25052,0,-0.7696,0,0,-0.63852,0,0,0.71399
-0.085261,-0.49268,0.75,0.043466,0.25116,0,-0.76502,0,0,-0.644,0,0,0.71399
-0.078217,-0.49384,0.75,0.039875,0.25176,0,-0.76041,0,0,-0.64945,0,0,0.71399
-0.071157,-0.49491,0.75,0.036276,0.2523,0,-0.75575,0,0,-0.65486,0,0,0.71399
-0.064083,-0.49588,0.75,0.032669,0.25279,0,-0.75105,0,0,-0.66024,0,0,0.71399
-0.056996,-0.49674,0.75,0.029056,0.25324,0,-0.74632,0,0,-0.66559,0,0,0.71399
-0.049897,-0.4975,0.75,0.025437,0.25362,0,-0.74155,0,0,-0.6709,0,0,0.71399
-0.042788,-0.49817,0.75,0.021813,0.25396,0,-0.73674,0,0,-0.67617,0,0,0.71399
-0.03567,-0.49873,0.75,0.018184,0.25425,0,-0.73189,0,0,-0.68142,0,0,0.71399
-0.028544,-0.49918,0.75,0.014552,0.25448,0,-0.72701,0,0,-0.68663,0,0,0.71399
-0.021413,-0.49954,0.75,0.010916,0.25466,0,-0.72209,0,0,-0.6918,0,0,0.71399
-0.014278,-0.4998,0.75,0.0072788,0.25479,0,-0.71713,0,0,-0.69694,0,0,0.71399
-0.0071397,-0.49995,0.75,0.0036398,0.25487,0,-0.71214,0,0,-0.70204,0,0,0.71399
-5.3594e-16,-0.5,0.75,2.7322e-16,0.2549,0,-0.70711,0,0,-0.70711,0,0,0.71399
0.0071397,-0.49995,0.75,-0.0036398,0.25487,0,-0.70204,0,0,-0.71214,0,0,0.71399
0.014278,-0.4998,0.75,-0.0072788,0.25479,0,-0.69694,0,0,-0.71713,0,0,0.71399
0.021413,-0.49954,0.75,-0.010916,0.25466,0,-0.6918,0,0,-0.72209,0,0,0.71399
0.028544,-0.49918,0.75,-0.014552,0.25448,0,-0.68663,0,0,-0.72701,0,0,0.71399
0.03567,-0.49873,0.75,-0.018184,0.25425,0,-0.68142,0,0,-0.73189,0,0,0.71399
0.042788,-0.49817,0.75,-0.021813,0.25396,0,-0.67617,0,0,-0.73674,0,0,0.71399
0.049897,-0.4975,0.75,-0.025437,0.25362,0,-0.6709,0,0,-0.74155,0,0,0.71399
0.056996,-0.49674,0.75,-0.029056,0.25324,0,-0.66559,0,0,-0.74632,0,0,0.71399
0.064083,-0.49588,0.75,-0.032669,0.25279,0,-0.66024,0,0,-0.75105,0,0,0.71399
0.071157,-0.49491,0.75,-0.036276,0.2523,0,-0.65486,0,0,-0.75575,0,0,0.71399
0.078217,-0.49384,0.75,-0.039875,0.25176,0,-0.64945,0,0,-0.76041,0,0,0.71399
0.085261,-0.49268,0.75,-0.043466,0.25116,0,-0.644,0,0,-0.76502,0,0,0.71399
0.092288,-0.49141,0.75,-0.047048,0.25052,0,-0.63852,0,0,-0.7696,0,0,0.71399
0.099295,-0.49004,0.75,-0.05062,0.24982,0,-0.63301,0,0,-0.77414,0,0,0.71399
0.10628,-0.48857,0.75,-0.054182,0.24907,0,-0.62747,0,0,-0.77864,0,0,0.71399
0.11325,-0.48701,0.75,-0.057733,0.24827,0,-0.62189,0,0,-0.7831,0,0,0.71399
0.12019,-0.48534,0.75,-0.061273,0.24742,0,-0.61629,0,0,-0.78752,0,0,0.71399
0.12711,-0.48357,0.75,-0.064799,0.24652,0,-0.61065,0,0,-0.7919,0,0,0.71399
0.134,-0.48171,0.75,-0.068313,0.24557,0,-0.60498,0,0,-0.79624,0,0,0.71399
0.14087,-0.47975,0.75,-0.071813,0.24457,0,-0.59928,0,0,-0.80054,0,0,0.71399
0.1477,-0.47769,0.75,-0.075298,0.24352,0,-0.59355,0,0,-0.8048,0,0,0.71399
0.15451,-0.47553,0.75,-0.078767,0.24242,0,-0.58779,0,0,-0.80902,0,0,0.71399
0.16128,-0.47327,0.75,-0.082221,0.24127,0,-0.58199,0,0,-0.81319,0,0,0.71399
0.16802,-0.47092,0.75,-0.085658,0.24007,0,-0.57617,0,0,-0.81733,0,0,0.71399
0.17473,-0.46847,0.75,-0.089077,0.23883,0,-0.57032,0,0,-0.82142,0,0,0.71399
0.1814,-0.46593,0.75,-0.092479,0.23753,0,-0.56444,0,0,-0.82547,0,0,0.71399
0.18804,-0.46329,0.75,-0.095861,0.23618,0,-0.55854,0,0,-0.82948,0,0,0.71399
0.19464,-0.46056,0.75,-0.099224,0.23479,0,-0.5526,0,0,-0.83345,0,0,0.71399
0.20119,-0.45774,0.75,-0.10257,0.23335,0,-0.54663,0,0,-0.83737,0,0,0.71399
0.20771,-0.45482,0.75,-0.10589,0.23186,0,-0.54064,0,0,-0.84125,0,0,0.71399
0.21418,-0.4518,0.75,-0.10919,0.23033,0,-0.53462,0,0,-0.84509,0,0,0.71399
0.22061,-0.4487,0.75,-0.11247,0.22874,0,-0.52857,0,0,-0.84889,0,0,0.71399
0.227,-0.4455,0.75,-0.11572,0.22711,0,-0.5225,0,0,-0.85264,0,0,0.71399
0.23333,-0.44222,0.75,-0.11895,0.22544,0,-0.5164,0,0,-0.85635,0,0,0.71399
0.23962,-0.43884,0.75,-0.12216,0.22372,0,-0.51027,0,0,-0.86001,0,0,0.71399
0.24587,-0.43537,0.75,-0.12534,0.22195,0,-0.50412,0,0,-0.86364,0,0,0.71399
0.25206,-0.43182,0.75,-0.1285,0.22014,0,-0.49794,0,0,-0.86721,0,0,0.71399
0.2582,-0.42817,0.75,-0.13163,0.21828,0,-0.49173,0,0,-0.87075,0,0,0.71399
0.26429,-0.42444,0.75,-0.13473,0.21638,0,-0.4855,0,0,-0.87423,0,0,0.71399
0.27032,-0.42063,0.75,-0.13781,0.21443,0,-0.47925,0,0,-0.87768,0,0,0.71399
0.2763,-0.41672,0.75,-0.14086,0.21244,0,-0.47297,0,0,-0.88108,0,0,0.71399
0.28222,-0.41274,0.75,-0.14387,0.21041,0,-0.46667,0,0,-0.88443,0,0,0.71399
0.28809,-0.40866,0.75,-0.14686,0.20833,0,-0.46034,0,0,-0.88774,0,0,0.71399
0.29389,-0.40451,0.75,-0.14982,0.20622,0,-0.45399,0,0,-0.89101,0,0,0.71399
0.29964,-0.40027,0.75,-0.15275,0.20406,0,-0.44762,0,0,-0.89423,0,0,0.71399
0.30532,-0.39595,0.75,-0.15565,0.20185,0,-0.44122,0,0,-0.8974,0,0,0.71399
0.31095,-0.39155,0.75,-0.15852,0.19961,0,-0.4348,0,0,-0.90053,0,0,0.71399
0.31651,-0.38707,0.75,-0.16135,0.19733,0,-0.42836,0,0,-0.90361,0,0,0.71399
0.322,-0.38251,0.75,-0.16415,0.195,0,-0.4219,0,0,-0.90664,0,0,0.71399
0.32743,-0.37787,0.75,-0.16692,0.19264,0,-0.41542,0,0,-0.90963,0,0,0.71399
0.33279,-0.37316,0.75,-0.16966,0.19023,0,-0.40891,0,0,-0.91257,0,0,0.71399
0.33809,-0.36837,0.75,-0.17235,0.18779,0,-0.40238,0,0,-0.91547,0,0,0.71399
0.34331,-0.36351,0.75,-0.17502,0.18531,0,-0.39584,0,0,-0.91832,0,0,0.71399
0.34847,-0.35857,0.75,-0.17765,0.18279,0,-0.38927,0,0,-0.92112,0,0,0.71399
0.35355,-0.35355,0.75,-0.18024,0.18024,0,-0.38268,0,0,-0.92388,0,0,0.71399
0.35857,-0.34847,0.75,-0.18279,0.17765,0,-0.37608,0,0,-0.92659,0,0,0.71399
0.36351,-0.34331,0.75,-0.18531,0.17502,0,-0.36945,0,0,-0.92925,0,0,0.71399
0.36837,-0.33809,0.75,-0.18779,0.17235,0,-0.36281,0,0,-0.93186,0,0,0.71399
0.37316,-0.33279,0.75,-0.19023,0.16966,0,-0.35615,0,0,-0.93443,0,0,0.71399
0.37787,-0.32743,0.75,-0.19264,0.16692,0,-0.34946,0,0,-0.93695,0,0,0.71399
0.38251,-0.322,0.75,-0.195,0.16415,0,-0.34277,0,0,-0.93942,0,0,0.71399
0.38707,-0.31651,0.75,-0.19733,0.16135,0,-0.33605,0,0,-0.94184,0,0,0.71399
0.39155,-0.31095,0.75,-0.19961,0.15852,0,-0.32932,0,0,-0.94422,0,0,0.71399
0.39595,-0.30532,0.75,-0.20185,0.15565,0,-0.32257,0,0,-0.94655,0,0,0.71399
0.40027,-0.29964,0.75,-0.20406,0.15275,0,-0.3158,0,0,-0.94883,0,0,0.71399
0.40451,-0.29389,0.75,-0.20622,0.14982,0,-0.30902,0,0,-0.95106,0,0,0.71399
0.40866,-0.28809,0.75,-0.20833,0.14686,0,-0.30222,0,0,-0.95324,0,0,0.71399
0.41274,-0.28222,0.75,-0.21041,0.14387,0,-0.2954,0,0,-0.95537,0,0,0.71399
0.41672,-0.2763,0.75,-0.21244,0.14086,0,-0.28858,0,0,-0.95746,0,0,0.71399
0.42063,-0.27032,0.75,-0.21443,0.13781,0,-0.28173,0,0,-0.95949,0,0,0.71399
0.42444,-0.26429,0.75,-0.21638,0.13473,0,-0.27487,0,0,-0.96148,0,0,0.71399
0.42817,-0.2582,0.75,-0.21828,0.13163,0,-0.268,0,0,-0.96342,0,0,0.71399
0.43182,-0.25206,0.75,-0.22014,0.1285,0,-0.26112,0,0,-0.96531,0,0,0.71399
0.43537,-0.24587,0.75,-0.22195,0.12534,0,-0.25422,0,0,-0.96715,0,0,0.71399
0.43884,-0.23962,0.75,-0.22372,0.12216,0,-0.24731,0,0,-0.96894,0,0,0.71399
0.44222,-0.23333,0.75,-0.22544,0.11895,0,-0.24038,0,0,-0.97068,0,0,0.71399
0.4455,-0.227,0.75,-0.22711,0.11572,0,-0.23345,0,0,-0.97237,0,0,0.71399
0.4487,-0.22061,0.75,-0.22874,0.11247,0,-0.2265,0,0,-0.97401,0,0,0.71399
0.4518,-0.21418,0.75,-0.23033,0.10919,0,-0.21954,0,0,-0.9756,0,0,0.71399
0.45482,-0.20771,0.75,-0.23186,0.10589,0,-0.21257,0,0,-0.97715,0,0,0.71399
0.45774,-0.20119,0.75,-0.23335,0.10257,0,-0.20558,0,0,-0.97864,0,0,0.71399
0.46056,-0.19464,0.75,-0.23479,0.099224,0,-0.19859,0,0,-0.98008,0,0,0.71399
0.46329,-0.18804,0.75,-0.23618,0.095861,0,-0.19159,0,0,-0.98148,0,0,0.71399
0.46593,-0.1814,0.75,-0.23753,0.092479,0,-0.18458,0,0,-0.98282,0,0,0.71399
0.46847,-0.17473,0.75,-0.23883,0.089077,0,-0.17755,0,0,-0.98411,0,0,0.71399
0.47092,-0.16802,0.75,-0.24007,0.085658,0,-0.17052,0,0,-0.98535,0,0,0.71399
0.47327,-0.16128,0.75,-0.24127,0.082221,0,-0.16348,0,0,-0.98655,0,0,0.71399
0.47553,-0.15451,0.75,-0.24242,0.078767,0,-0.15643,0,0,-0.98769,0,0,0.71399
0.47769,-0.1477,0.75,-0.24352,0.075298,0,-0.14938,0,0,-0.98878,0,0,0.71399
0.47975,-0.14087,0.75,-0.24457,0.071813,0,-0.14231,0,0,-0.98982,0,0,0.71399
0.48171,-0.134,0.75,-0.24557,0.068313,0,-0.13524,0,0,-0.99081,0,0,0.71399
0.48357,-0.12711,0.75,-0.24652,0.064799,0,-0.12817,0,0,-0.99175,0,0,0.71399
0.48534,-0.12019,0.75,-0.24742,0.061273,0,-0.12108,0,0,-0.99264,0,0,0.71399
0.48701,-0.11325,0.75,-0.24827,0.057733,0,-0.11399,0,0,-0.99348,0,0,0.71399
0.48857,-0.10628,0.75,-0.24907,0.054182,0,-0.1069,0,0,-0.99427,0,0,0.71399
0.49004,-0.099295,0.75,-0.24982,0.05062,0,-0.099793,0,0,-0.99501,0,0,0.71399
0.49141,-0.092288,0.75,-0.25052,0.047048,0,-0.092687,0,0,-0.9957,0,0,0.71399
0.49268,-0.085261,0.75,-0.25116,0.043466,0,-0.085575,0,0,-0.99633,0,0,0.71399
0.49384,-0.078217,0.75,-0.25176,0.039875,0,-0.078459,0,0,-0.99692,0,0,0.71399
0.49491,-0.071157,0.75,-0.2523,0.036276,0,-0.071339,0,0,-0.99745,0,0,0.71399
0.49588,-0.064083,0.75,-0.25279,0.032669,0,-0.064216,0,0,-0.99794,0,0,0.71399
0.49674,-0.056996,0.75,-0.25324,0.029056,0,-0.057089,0,0,-0.99837,0,0,0.71399
0.4975,-0.049897,0.75,-0.25362,0.025437,0,-0.049959,0,0,-0.99875,0,0,0.71399
0.49817,-0.042788,0.75,-0.25396,0.021813,0,-0.042827,0,0,-0.99908,0,0,0.71399
0.49873,-0.03567,0.75,-0.25425,0.018184,0,-0.035692,0,0,-0.99936,0,0,0.71399
0.49918,-0.028544,0.75,-0.25448,0.014552,0,-0.028556,0,0,-0.99959,0,0,0.71399
0.49954,-0.021413,0.75,-0.25466,0.010916,0,-0.021418,0,0,-0.99977,0,0,0.71399
0.4998,-0.014278,0.75,-0.25479,0.0072788,0,-0.014279,0,0,-0.9999,0,0,0.71399
0.49995,-0.0071397,0.75,-0.25487,0.0036398,0,-0.0071399,0,0,-0.99997,0,0,0.71399
0.5,-1.2246e-16,0.75,-0.2549,6.2432e-17,0,-1.837e-16,0,0,-1,0,0,0.71399
