0.5,0,0.75,-0.2549,-0,-0,1,0,0,0,0,0,0
0.49995,0.0071397,0.75,-0.25487,-0.0036398,-0,1,0,0,0,0,0,0
0.4998,0.014278,0.75,-0.25479,-0.0072788,-0,1,0,0,0,0,0,0
0.49954,0.021413,0.75,-0.25466,-0.010916,-0,1,0,0,0,0,0,0
0.49918,0.028544,0.75,-0.25448,-0.014552,-0,1,0,0,0,0,0,0
0.49873,0.03567,0.75,-0.25425,-0.018184,-0,1,0,0,0,0,0,0
0.49817,0.042788,0.75,-0.25396,-0.021813,-0,1,0,0,0,0,0,0
0.4975,0.049897,0.75,-0.25362,-0.025437,-0,1,0,0,0,0,0,0
0.49674,0.056996,0.75,-0.25324,-0.029056,-0,1,0,0,0,0,0,0
0.49588,0.064083,0.75,-0.25279,-0.032669,-0,1,0,0,0,0,0,0
0.49491,0.071157,0.75,-0.2523,-0.036276,-0,1,0,0,0,0,0,0
0.49384,0.078217,0.75,-0.25176,-0.039875,-0,1,0,0,0,0,0,0
0.49268,0.085261,0.75,-0.25116,-0.043466,-0,1,0,0,0,0,0,0
0.49141,0.092288,0.75,-0.25052,-0.047048,-0,1,0,0,0,0,0,0
0.49004,0.099295,0.75,-0.24982,-0.05062,-0,1,0,0,0,0,0,0
0.48857,0.10628,0.75,-0.24907,-0.054182,-0,1,0,0,0,0,0,0
0.48701,0.11325,0.75,-0.24827,-0.057733,-0,1,0,0,0,0,0,0
0.48534,0.12019,0.75,-0.24742,-0.061273,-0,1,0,0,0,0,0,0
0.48357,0.12711,0.75,-0.24652,-0.064799,-0,1,0,0,0,0,0,0
0.48171,0.134,0.75,-0.24557,-0.068313,-0,1,0,0,0,0,0,0
0.47975,0.14087,0.75,-0.24457,-0.071813,-0,1,0,0,0,0,0,0
0.47769,0.1477,0.75,-0.24352,-0.075298,-0,1,0,0,0,0,0,0
0.47553,0.15451,0.75,-0.24242,-0.078767,-0,1,0,0,0,0,0,0
0.47327,0.16128,0.75,-0.24127,-0.082221,-0,1,0,0,0,0,0,0
0.47092,0.16802,0.75,-0.24007,-0.085658,-0,1,0,0,0,0,0,0
0.46847,0.17473,0.75,-0.23883,-0.089077,-0,1,0,0,0,0,0,0
0.46593,0.1814,0.75,-0.23753,-0.092479,-0,1,0,0,0,0,0,0
0.46329,0.18804,0.75,-0.23618,-0.095861,-0,1,0,0,0,0,0,0
0.46056,0.19464,0.75,-0.23479,-0.099224,-0,1,0,0,0,0,0,0
0.45774,0.20119,0.75,-0.23335,-0.10257,-0,1,0,0,0,0,0,0
0.45482,0.20771,0.75,-0.23186,-0.10589,-0,1,0,0,0,0,0,0
0.4518,0.21418,0.75,-0.23033,-0.10919,-0,1,0,0,0,0,0,0
0.4487,0.22061,0.75,-0.22874,-0.11247,-0,1,0,0,0,0,0,0
0.4455,0.227,0.75,-0.22711,-0.11572,-0,1,0,0,0,0,0,0
0.44222,0.23333,0.75,-0.22544,-0.11895,-0,1,0,0,0,0,0,0
0.43884,0.23962,0.75,-0.22372,-0.12216,-0,1,0,0,0,0,0,0
0.43537,0.24587,0.75,-0.22195,-0.12534,-0,1,0,0,0,0,0,0
0.43182,0.25206,0.75,-0.22014,-0.1285,-0,1,0,0,0,0,0,0
0.42817,0.2582,0.75,-0.21828,-0.13163,-0,1,0,0,0,0,0,0
0.42444,0.26429,0.75,-0.21638,-0.13473,-0,1,0,0,0,0,0,0
0.42063,0.27032,0.75,-0.21443,-0.13781,-0,1,0,0,0,0,0,0
0.41672,0.2763,0.75,-0.21244,-0.14086,-0,1,0,0,0,0,0,0
0.41274,0.28222,0.75,-0.21041,-0.14387,-0,1,0,0,0,0,0,0
0.40866,0.28809,0.75,-0.20833,-0.14686,-0,1,0,0,0,0,0,0
0.40451,0.29389,0.75,-0.20622,-0.14982,-0,1,0,0,0,0,0,0
0.40027,0.29964,0.75,-0.20406,-0.15275,-0,1,0,0,0,0,0,0
0.39595,0.30532,0.75,-0.20185,-0.15565,-0,1,0,0,0,0,0,0
0.39155,0.31095,0.75,-0.19961,-0.15852,-0,1,0,0,0,0,0,0
0.38707,0.31651,0.75,-0.19733,-0.16135,-0,1,0,0,0,0,0,0
0.38251,0.322,0.75,-0.195,-0.16415,-0,1,0,0,0,0,0,0
0.37787,0.32743,0.75,-0.19264,-0.16692,-0,1,0,0,0,0,0,0
0.37316,0.33279,0.75,-0.19023,-0.16966,-0,1,0,0,0,0,0,0
0.36837,0.33809,0.75,-0.18779,-0.17235,-0,1,0,0,0,0,0,0
0.36351,0.34331,0.75,-0.18531,-0.17502,-0,1,0,0,0,0,0,0
0.35857,0.34847,0.75,-0.18279,-0.17765,-0,1,0,0,0,0,0,0
0.35355,0.35355,0.75,-0.18024,-0.18024,-0,1,0,0,0,0,0,0
0.34847,0.35857,0.75,-0.17765,-0.18279,-0,1,0,0,0,0,0,0
0.34331,0.36351,0.75,-0.17502,-0.18531,-0,1,0,0,0,0,0,0
0.33809,0.36837,0.75,-0.17235,-0.18779,-0,1,0,0,0,0,0,0
0.33279,0.37316,0.75,-0.16966,-0.19023,-0,1,0,0,0,0,0,0
0.32743,0.37787,0.75,-0.16692,-0.19264,-0,1,0,0,0,0,0,0
0.322,0.38251,0.75,-0.16415,-0.195,-0,1,0,0,0,0,0,0
0.31651,0.38707,0.75,-0.16135,-0.19733,-0,1,0,0,0,0,0,0
0.31095,0.39155,0.75,-0.15852,-0.19961,-0,1,0,0,0,0,0,0
0.30532,0.39595,0.75,-0.15565,-0.20185,-0,1,0,0,0,0,0,0
0.29964,0.40027,0.75,-0.15275,-0.20406,-0,1,0,0,0,0,0,0
0.29389,0.40451,0.75,-0.14982,-0.20622,-0,1,0,0,0,0,0,0
0.28809,0.40866,0.75,-0.14686,-0.20833,-0,1,0,0,0,0,0,0
0.28222,0.41274,0.75,-0.14387,-0.21041,-0,1,0,0,0,0,0,0
0.2763,0.41672,0.75,-0.14086,-0.21244,-0,1,0,0,0,0,0,0
0.27032,0.42063,0.75,-0.13781,-0.21443,-0,1,0,0,0,0,0,0
0.26429,0.42444,0.75,-0.13473,-0.21638,-0,1,0,0,0,0,0,0
0.2582,0.42817,0.75,-0.13163,-0.21828,-0,1,0,0,0,0,0,0
0.25206,0.43182,0.75,-0.1285,-0.22014,-0,1,0,0,0,0,0,0
0.24587,0.43537,0.75,-0.12534,-0.22195,-0,1,0,0,0,0,0,0
0.23962,0.43884,0.75,-0.12216,-0.22372,-0,1,0,0,0,0,0,0
0.23333,0.44222,0.75,-0.11895,-0.22544,-0,1,0,0,0,0,0,0
0.227,0.4455,0.75,-0.11572,-0.22711,-0,1,0,0,0,0,0,0
0.22061,0.4487,0.75,-0.11247,-0.22874,-0,1,0,0,0,0,0,0
0.21418,0.4518,0.75,-0.10919,-0.23033,-0,1,0,0,0,0,0,0
0.20771,0.45482,0.75,-0.10589,-0.23186,-0,1,0,0,0,0,0,0
0.20119,0.45774,0.75,-0.10257,-0.23335,-0,1,0,0,0,0,0,0
0.19464,0.46056,0.75,-0.099224,-0.23479,-0,1,0,0,0,0,0,0
0.18804,0.46329,0.75,-0.095861,-0.23618,-0,1,0,0,0,0,0,0
0.1814,0.46593,0.75,-0.092479,-0.23753,-0,1,0,0,0,0,0,0
0.17473,0.46847,0.75,-0.089077,-0.23883,-0,1,0,0,0,0,0,0
0.16802,0.47092,0.75,-0.085658,-0.24007,-0,1,0,0,0,0,0,0
0.16128,0.47327,0.75,-0.082221,-0.24127,-0,1,0,0,0,0,0,0
0.15451,0.47553,0.75,-0.078767,-0.24242,-0,1,0,0,0,0,0,0
0.1477,0.47769,0.75,-0.075298,-0.24352,-0,1,0,0,0,0,0,0
0.14087,0.47975,0.75,-0.071813,-0.24457,-0,1,0,0,0,0,0,0
0.134,0.48171,0.75,-0.068313,-0.24557,-0,1,0,0,0,0,0,0
0.12711,0.48357,0.75,-0.064799,-0.24652,-0,1,0,0,0,0,0,0
0.12019,0.48534,0.75,-0.061273,-0.24742,-0,1,0,0,0,0,0,0
0.11325,0.48701,0.75,-0.057733,-0.24827,-0,1,0,0,0,0,0,0
0.10628,0.48857,0.75,-0.054182,-0.24907,-0,1,0,0,0,0,0,0
0.099295,0.49004,0.75,-0.05062,-0.24982,-0,1,0,0,0,0,0,0
0.092288,0.49141,0.75,-0.047048,-0.25052,-0,1,0,0,0,0,0,0
0.085261,0.49268,0.75,-0.043466,-0.25116,-0,1,0,0,0,0,0,0
0.078217,0.49384,0.75,-0.039875,-0.25176,-0,1,0,0,0,0,0,0
0.071157,0.49491,0.75,-0.036276,-0.2523,-0,1,0,0,0,0,0,0
0.064083,0.49588,0.75,-0.032669,-0.25279,-0,1,0,0,0,0,0,0
0.056996,0.49674,0.75,-0.029056,-0.25324,-0,1,0,0,0,0,0,0
0.049897,0.4975,0.75,-0.025437,-0.25362,-0,1,0,0,0,0,0,0
0.042788,0.49817,0.75,-0.021813,-0.25396,-0,1,0,0,0,0,0,0
0.03567,0.49873,0.75,-0.018184,-0.25425,-0,1,0,0,0,0,0,0
0.028544,0.49918,0.75,-0.014552,-0.25448,-0,1,0,0,0,0,0,0
0.021413,0.49954,0.75,-0.010916,-0.25466,-0,1,0,0,0,0,0,0
0.014278,0.4998,0.75,-0.0072788,-0.25479,-0,1,0,0,0,0,0,0
0.0071397,0.49995,0.75,-0.0036398,-0.25487,-0,1,0,0,0,0,0,0
3.0616e-17,0.5,0.75,-1.5608e-17,-0.2549,-0,1,0,0,0,0,0,0
-0.0071397,0.49995,0.75,0.0036398,-0.25487,-0,1,0,0,0,0,0,0
-0.014278,0.4998,0.75,0.0072788,-0.25479,-0,1,0,0,0,0,0,0
-0.021413,0.49954,0.75,0.010916,-0.25466,-0,1,0,0,0,0,0,0
-0.028544,0.49918,0.75,0.014552,-0.25448,-0,1,0,0,0,0,0,0
-0.03567,0.49873,0.75,0.018184,-0.25425,-0,1,0,0,0,0,0,0
-0.042788,0.49817,0.75,0.021813,-0.25396,-0,1,0,0,0,0,0,0
-0.049897,0.4975,0.75,0.025437,-0.25362,-0,1,0,0,0,0,0,0
-0.056996,0.49674,0.75,0.029056,-0.25324,-0,1,0,0,0,0,0,0
-0.064083,0.49588,0.75,0.032669,-0.25279,-0,1,0,0,0,0,0,0
-0.071157,0.49491,0.75,0.036276,-0.2523,-0,1,0,0,0,0,0,0
-0.078217,0.49384,0.75,0.039875,-0.25176,-0,1,0,0,0,0,0,0
-0.085261,0.49268,0.75,0.043466,-0.25116,-0,1,0,0,0,0,0,0
-0.092288,0.49141,0.75,0.047048,-0.25052,-0,1,0,0,0,0,0,0
-0.099295,0.49004,0.75,0.05062,-0.24982,-0,1,0,0,0,0,0,0
-0.10628,0.48857,0.75,0.054182,-0.24907,-0,1,0,0,0,0,0,0
-0.11325,0.48701,0.75,0.057733,-0.24827,-0,1,0,0,0,0,0,0
-0.12019,0.48534,0.75,0.061273,-0.24742,-0,1,0,0,0,0,0,0
-0.12711,0.48357,0.75,0.064799,-0.24652,-0,1,0,0,0,0,0,0
-0.134,0.48171,0.75,0.068313,-0.24557,-0,1,0,0,0,0,0,0
-0.14087,0.47975,0.75,0.071813,-0.24457,-0,1,0,0,0,0,0,0
-0.1477,0.47769,0.75,0.075298,-0.24352,-0,1,0,0,0,0,0,0
-0.15451,0.47553,0.75,0.078767,-0.24242,-0,1,0,0,0,0,0,0
-0.16128,0.47327,0.75,0.082221,-0.24127,-0,1,0,0,0,0,0,0
-0.16802,0.47092,0.75,0.085658,-0.24007,-0,1,0,0,0,0,0,0
-0.17473,0.46847,0.75,0.089077,-0.23883,-0,1,0,0,0,0,0,0
-0.1814,0.46593,0.75,0.092479,-0.23753,-0,1,0,0,0,0,0,0
-0.18804,0.46329,0.75,0.095861,-0.23618,-0,1,0,0,0,0,0,0
-0.19464,0.46056,0.75,0.099224,-0.23479,-0,1,0,0,0,0,0,0
-0.20119,0.45774,0.75,0.10257,-0.23335,-0,1,0,0,0,0,0,0
-0.20771,0.45482,0.75,0.10589,-0.23186,-0,1,0,0,0,0,0,0
-0.21418,0.4518,0.75,0.10919,-0.23033,-0,1,0,0,0,0,0,0
-0.22061,0.4487,0.75,0.11247,-0.22874,-0,1,0,0,0,0,0,0
-0.227,0.4455,0.75,0.11572,-0.22711,-0,1,0,0,0,0,0,0
-0.23333,0.44222,0.75,0.11895,-0.22544,-0,1,0,0,0,0,0,0
-0.23962,0.43884,0.75,0.12216,-0.22372,-0,1,0,0,0,0,0,0
-0.24587,0.43537,0.75,0.12534,-0.22195,-0,1,0,0,0,0,0,0
-0.25206,0.43182,0.75,0.1285,-0.22014,-0,1,0,0,0,0,0,0
-0.2582,0.42817,0.75,0.13163,-0.21828,-0,1,0,0,0,0,0,0
-0.26429,0.42444,0.75,0.13473,-0.21638,-0,1,0,0,0,0,0,0
-0.27032,0.42063,0.75,0.13781,-0.21443,-0,1,0,0,0,0,0,0
-0.2763,0.41672,0.75,0.14086,-0.21244,-0,1,0,0,0,0,0,0
-0.28222,0.41274,0.75,0.14387,-0.21041,-0,1,0,0,0,0,0,0
-0.28809,0.40866,0.75,0.14686,-0.20833,-0,1,0,0,0,0,0,0
-0.29389,0.40451,0.75,0.14982,-0.20622,-0,1,0,0,0,0,0,0
-0.29964,0.40027,0.75,0.15275,-0.20406,-0,1,0,0,0,0,0,0
-0.30532,0.39595,0.75,0.15565,-0.20185,-0,1,0,0,0,0,0,0
-0.31095,0.39155,0.75,0.15852,-0.19961,-0,1,0,0,0,0,0,0
-0.31651,0.38707,0.75,0.16135,-0.19733,-0,1,0,0,0,0,0,0
-0.322,0.38251,0.75,0.16415,-0.195,-0,1,0,0,0,0,0,0
-0.32743,0.37787,0.75,0.16692,-0.19264,-0,1,0,0,0,0,0,0
-0.33279,0.37316,0.75,0.16966,-0.19023,-0,1,0,0,0,0,0,0
-0.33809,0.36837,0.75,0.17235,-0.18779,-0,1,0,0,0,0,0,0
-0.34331,0.36351,0.75,0.17502,-0.18531,-0,1,0,0,0,0,0,0
-0.34847,0.35857,0.75,0.17765,-0.18279,-0,1,0,0,0,0,0,0
-0.35355,0.35355,0.75,0.18024,-0.18024,-0,1,0,0,0,0,0,0
-0.35857,0.34847,0.75,0.18279,-0.17765,-0,1,0,0,0,0,0,0
-0.36351,0.34331,0.75,0.18531,-0.17502,-0,1,0,0,0,0,0,0
-0.36837,0.33809,0.75,0.18779,-0.17235,-0,1,0,0,0,0,0,0
-0.37316,0.33279,0.75,0.19023,-0.16966,-0,1,0,0,0,0,0,0
-0.37787,0.32743,0.75,0.19264,-0.16692,-0,1,0,0,0,0,0,0
-0.38251,0.322,0.75,0.195,-0.16415,-0,1,0,0,0,0,0,0
-0.38707,0.31651,0.75,0.19733,-0.16135,-0,1,0,0,0,0,0,0
-0.39155,0.31095,0.75,0.19961,-0.15852,-0,1,0,0,0,0,0,0
-0.39595,0.30532,0.75,0.20185,-0.15565,-0,1,0,0,0,0,0,0
-0.40027,0.29964,0.75,0.20406,-0.15275,-0,1,0,0,0,0,0,0
-0.40451,0.29389,0.75,0.20622,-0.14982,-0,1,0,0,0,0,0,0
-0.40866,0.28809,0.75,0.20833,-0.14686,-0,1,0,0,0,0,0,0
-0.41274,0.28222,0.75,0.21041,-0.14387,-0,1,0,0,0,0,0,0
-0.41672,0.2763,0.75,0.21244,-0.14086,-0,1,0,0,0,0,0,0
-0.42063,0.27032,0.75,0.21443,-0.13781,-0,1,0,0,0,0,0,0
-0.42444,0.26429,0.75,0.21638,-0.13473,-0,1,0,0,0,0,0,0
-0.42817,0.2582,0.75,0.21828,-0.13163,-0,1,0,0,0,0,0,0
-0.43182,0.25206,0.75,0.22014,-0.1285,-0,1,0,0,0,0,0,0
-0.43537,0.24587,0.75,0.22195,-0.12534,-0,1,0,0,0,0,0,0
-0.43884,0.23962,0.75,0.22372,-0.12216,-0,1,0,0,0,0,0,0
-0.44222,0.23333,0.75,0.22544,-0.11895,-0,1,0,0,0,0,0,0
-0.4455,0.227,0.75,0.22711,-0.11572,-0,1,0,0,0,0,0,0
-0.4487,0.22061,0.75,0.22874,-0.11247,-0,1,0,0,0,0,0,0
-0.4518,0.21418,0.75,0.23033,-0.10919,-0,1,0,0,0,0,0,0
-0.45482,0.20771,0.75,0.23186,-0.10589,-0,1,0,0,0,0,0,0
-0.45774,0.20119,0.75,0.23335,-0.10257,-0,1,0,0,0,0,0,0
-0.46056,0.19464,0.75,0.23479,-0.099224,-0,1,0,0,0,0,0,0
-0.46329,0.18804,0.75,0.23618,-0.095861,-0,1,0,0,0,0,0,0
-0.46593,0.1814,0.75,0.23753,-0.092479,-0,1,0,0,0,0,0,0
-0.46847,0.17473,0.75,0.23883,-0.089077,-0,1,0,0,0,0,0,0
-0.47092,0.16802,0.75,0.24007,-0.085658,-0,1,0,0,0,0,0,0
-0.47327,0.16128,0.75,0.24127,-0.082221,-0,1,0,0,0,0,0,0
-0.47553,0.15451,0.75,0.24242,-0.078767,-0,1,0,0,0,0,0,0
-0.47769,0.1477,0.75,0.24352,-0.075298,-0,1,0,0,0,0,0,0
-0.47975,0.14087,0.75,0.24457,-0.071813,-0,1,0,0,0,0,0,0
-0.48171,0.134,0.75,0.24557,-0.068313,-0,1,0,0,0,0,0,0
-0.48357,0.12711,0.75,0.24652,-0.064799,-0,1,0,0,0,0,0,0
-0.48534,0.12019,0.75,0.24742,-0.061273,-0,1,0,0,0,0,0,0
-0.48701,0.11325,0.75,0.24827,-0.057733,-0,1,0,0,0,0,0,0
-0.48857,0.10628,0.75,0.24907,-0.054182,-0,1,0,0,0,0,0,0
-0.49004,0.099295,0.75,0.24982,-0.05062,-0,1,0,0,0,0,0,0
-0.49141,0.092288,0.75,0.25052,-0.047048,-0,1,0,0,0,0,0,0
-0.49268,0.085261,0.75,0.25116,-0.043466,-0,1,0,0,0,0,0,0
-0.49384,0.078217,0.75,0.25176,-0.039875,-0,1,0,0,0,0,0,0
-0.49491,0.071157,0.75,0.2523,-0.036276,-0,1,0,0,0,0,0,0
-0.49588,0.064083,0.75,0.25279,-0.032669,-0,1,0,0,0,0,0,0
-0.49674,0.056996,0.75,0.25324,-0.029056,-0,1,0,0,0,0,0,0
-0.4975,0.049897,0.75,0.25362,-0.025437,-0,1,0,0,0,0,0,0
-0.49817,0.042788,0.75,0.25396,-0.021813,-0,1,0,0,0,0,0,0
-0.49873,0.03567,0.75,0.25425,-0.018184,-0,1,0,0,0,0,0,0
-0.49918,0.028544,0.75,0.25448,-0.014552,-0,1,0,0,0,0,0,0
-0.49954,0.021413,0.75,0.25466,-0.010916,-0,1,0,0,0,0,0,0
-0.4998,0.014278,0.75,0.25479,-0.0072788,-0,1,0,0,0,0,0,0
-0.49995,0.0071397,0.75,0.25487,-0.0036398,-0,1,0,0,0,0,0,0
-0.5,6.1232e-17,0.75,0.2549,-3.1216e-17,-0,1,0,0,0,0,0,0
-0.49995,-0.0071397,0.75,0.25487,0.0036398,0,1,0,0,0,0,0,0
-0.4998,-0.014278,0.75,0.25479,0.0072788,0,1,0,0,0,0,0,0
-0.49954,-0.021413,0.75,0.25466,0.010916,0,1,0,0,0,0,0,0
-0.49918,-0.028544,0.75,0.25448,0.014552,0,1,0,0,0,0,0,0
-0.49873,-0.03567,0.75,0.25425,0.018184,0,1,0,0,0,0,0,0
-0.49817,-0.042788,0.75,0.25396,0.021813,0,1,0,0,0,0,0,0
-0.4975,-0.049897,0.75,0.25362,0.025437,0,1,0,0,0,0,0,0
-0.49674,-0.056996,0.75,0.25324,0.029056,0,1,0,0,0,0,0,0
-0.49588,-0.064083,0.75,0.25279,0.032669,0,1,0,0,0,0,0,0
-0.49491,-0.071157,0.75,0.2523,0.036276,0,1,0,0,0,0,0,0
-0.49384,-0.078217,0.75,0.25176,0.039875,0,1,0,0,0,0,0,0
-0.49268,-0.085261,0.75,0.25116,0.043466,0,1,0,0,0,0,0,0
-0.49141,-0.092288,0.75,0.25052,0.047048,0,1,0,0,0,0,0,0
-0.49004,-0.099295,0.75,0.24982,0.05062,0,1,0,0,0,0,0,0
-0.48857,-0.10628,0.75,0.24907,0.054182,0,1,0,0,0,0,0,0
-0.48701,-0.11325,0.75,0.24827,0.057733,0,1,0,0,0,0,0,0
-0.48534,-0.12019,0.75,0.24742,0.061273,0,1,0,0,0,0,0,0
-0.48357,-0.12711,0.75,0.24652,0.064799,0,1,0,0,0,0,0,0
-0.48171,-0.134,0.75,0.24557,0.068313,0,1,0,0,0,0,0,0
-0.47975,-0.14087,0.75,0.24457,0.071813,0,1,0,0,0,0,0,0
-0.47769,-0.1477,0.75,0.24352,0.075298,0,1,0,0,0,0,0,0
-0.47553,-0.15451,0.75,0.24242,0.078767,0,1,0,0,0,0,0,0
-0.47327,-0.16128,0.75,0.24127,0.082221,0,1,0,0,0,0,0,0
-0.47092,-0.16802,0.75,0.24007,0.085658,0,1,0,0,0,0,0,0
-0.46847,-0.17473,0.75,0.23883,0.089077,0,1,0,0,0,0,0,0
-0.46593,-0.1814,0.75,0.23753,0.092479,0,1,0,0,0,0,0,0
-0.46329,-0.18804,0.75,0.23618,0.095861,0,1,0,0,0,0,0,0
-0.46056,-0.19464,0.75,0.23479,0.099224,0,1,0,0,0,0,0,0
-0.45774,-0.20119,0.75,0.23335,0.10257,0,1,0,0,0,0,0,0
-0.45482,-0.20771,0.75,0.23186,0.10589,0,1,0,0,0,0,0,0
-0.4518,-0.21418,0.75,0.23033,0.10919,0,1,0,0,0,0,0,0
-0.4487,-0.22061,0.75,0.22874,0.11247,0,1,0,0,0,0,0,0
-0.4455,-0.227,0.75,0.22711,0.11572,0,1,0,0,0,0,0,0
-0.44222,-0.23333,0.75,0.22544,0.11895,0,1,0,0,0,0,0,0
-0.43884,-0.23962,0.75,0.22372,0.12216,0,1,0,0,0,0,0,0
-0.43537,-0.24587,0.75,0.22195,0.12534,0,1,0,0,0,0,0,0
-0.43182,-0.25206,0.75,0.22014,0.1285,0,1,0,0,0,0,0,0
-0.42817,-0.2582,0.75,0.21828,0.13163,0,1,0,0,0,0,0,0
-0.42444,-0.26429,0.75,0.21638,0.13473,0,1,0,0,0,0,0,0
-0.42063,-0.27032,0.75,0.21443,0.13781,0,1,0,0,0,0,0,0
-0.41672,-0.2763,0.75,0.21244,0.14086,0,1,0,0,0,0,0,0
-0.41274,-0.28222,0.75,0.21041,0.14387,0,1,0,0,0,0,0,0
-0.40866,-0.28809,0.75,0.20833,0.14686,0,1,0,0,0,0,0,0
-0.40451,-0.29389,0.75,0.20622,0.14982,0,1,0,0,0,0,0,0
-0.40027,-0.29964,0.75,0.20406,0.15275,0,1,0,0,0,0,0,0
-0.39595,-0.30532,0.75,0.20185,0.15565,0,1,0,0,0,0,0,0
-0.39155,-0.31095,0.75,0.19961,0.15852,0,1,0,0,0,0,0,0
-0.38707,-0.31651,0.75,0.19733,0.16135,0,1,0,0,0,0,0,0
-0.38251,-0.322,0.75,0.195,0.16415,0,1,0,0,0,0,0,0
-0.37787,-0.32743,0.75,0.19264,0.16692,0,1,0,0,0,0,0,0
-0.37316,-0.33279,0.75,0.19023,0.16966,0,1,0,0,0,0,0,0
-0.36837,-0.33809,0.75,0.18779,0.17235,0,1,0,0,0,0,0,0
-0.36351,-0.34331,0.75,0.18531,0.17502,0,1,0,0,0,0,0,0
-0.35857,-0.34847,0.75,0.18279,0.17765,0,1,0,0,0,0,0,0
-0.35355,-0.35355,0.75,0.18024,0.18024,0,1,0,0,0,0,0,0
-0.34847,-0.35857,0.75,0.17765,0.18279,0,1,0,0,0,0,0,0
-0.34331,-0.36351,0.75,0.17502,0.18531,0,1,0,0,0,0,0,0
-0.33809,-0.36837,0.75,0.17235,0.18779,0,1,0,0,0,0,0,0
-0.33279,-0.37316,0.75,0.16966,0.19023,0,1,0,0,0,0,0,0
-0.32743,-0.37787,0.75,0.16692,0.19264,0,1,0,0,0,0,0,0
-0.322,-0.38251,0.75,0.16415,0.195,0,1,0,0,0,0,0,0
-0.31651,-0.38707,0.75,0.16135,0.19733,0,1,0,0,0,0,0,0
-0.31095,-0.39155,0.75,0.15852,0.19961,0,1,0,0,0,0,0,0
-0.30532,-0.39595,0.75,0.15565,0.20185,0,1,0,0,0,0,0,0
-0.29964,-0.40027,0.75,0.15275,0.20406,0,1,0,0,0,0,0,0
-0.29389,-0.40451,0.75,0.14982,0.20622,0,1,0,0,0,0,0,0
-0.28809,-0.40866,0.75,0.14686,0.20833,0,1,0,0,0,0,0,0
-0.28222,-0.41274,0.75,0.14387,0.21041,0,1,0,0,0,0,0,0
-0.2763,-0.41672,0.75,0.14086,0.21244,0,1,0,0,0,0,0,0
-0.27032,-0.42063,0.75,0.13781,0.21443,0,1,0,0,0,0,0,0
-0.26429,-0.42444,0.75,0.13473,0.21638,0,1,0,0,0,0,0,0
-0.2582,-0.42817,0.75,0.13163,0.21828,0,1,0,0,0,0,0,0
-0.25206,-0.43182,0.75,0.1285,0.22014,0,1,0,0,0,0,0,0
-0.24587,-0.43537,0.75,0.12534,0.22195,0,1,0,0,0,0,0,0
-0.23962,-0.43884,0.75,0.12216,0.22372,0,1,0,0,0,0,0,0
-0.23333,-0.44222,0.75,0.11895,0.22544,0,1,0,0,0,0,0,0
-0.227,-0.4455,0.75,0.11572,0.22711,0,1,0,0,0,0,0,0
-0.22061,-0.4487,0.75,0.11247,0.22874,0,1,0,0,0,0,0,0
-0.21418,-0.4518,0.75,0.10919,0.23033,0,1,0,0,0,0,0,0
-0.20771,-0.45482,0.75,0.10589,0.23186,0,1,0,0,0,0,0,0
-0.20119,-0.45774,0.75,0.10257,0.23335,0,1,0,0,0,0,0,0
-0.19464,-0.46056,0.75,0.099224,0.23479,0,1,0,0,0,0,0,0
-0.18804,-0.46329,0.75,0.095861,0.23618,0,1,0,0,0,0,0,0
-0.1814,-0.46593,0.75,0.092479,0.23753,0,1,0,0,0,0,0,0
-0.17473,-0.46847,0.75,0.089077,0.23883,0,1,0,0,0,0,0,0
-0.16802,-0.47092,0.75,0.085658,0.24007,0,1,0,0,0,0,0,0
-0.16128,-0.47327,0.75,0.082221,0.24127,0,1,0,0,0,0,0,0
-0.15451,-0.47553,0.75,0.078767,0.24242,0,1,0,0,0,0,0,0
-0.1477,-0.47769,0.75,0.075298,0.24352,0,1,0,0,0,0,0,0
-0.14087,-0.47975,0.75,0.071813,0.24457,0,1,0,0,0,0,0,0
-0.134,-0.48171,0.75,0.068313,0.24557,0,1,0,0,0,0,0,0
-0.12711,-0.48357,0.75,0.064799,0.24652,0,1,0,0,0,0,0,0
-0.12019,-0.48534,0.75,0.061273,0.24742,0,1,0,0,0,0,0,0
-0.11325,-0.48701,0.75,0.057733,0.24827,0,1,0,0,0,0,0,0
-0.10628,-0.48857,0.75,0.054182,0.24907,0,1,0,0,0,0,0,0
-0.099295,-0.49004,0.75,0.05062,0.24982,0,1,0,0,0,0,0,0
-0.092288,-0.49141,0.75,0.047048,0.25052,0,1,0,0,0,0,0,0
-0.085261,-0.49268,0.75,0.043466,0.25116,0,1,0,0,0,0,0,0
-0.078217,-0.49384,0.75,0.039875,0.25176,0,1,0,0,0,0,0,0
-0.071157,-0.49491,0.75,0.036276,0.2523,0,1,0,0,0,0,0,0
-0.064083,-0.49588,0.75,0.032669,0.25279,0,1,0,0,0,0,0,0
-0.056996,-0.49674,0.75,0.029056,0.25324,0,1,0,0,0,0,0,0
-0.049897,-0.4975,0.75,0.025437,0.25362,0,1,0,0,0,0,0,0
-0.042788,-0.49817,0.75,0.021813,0.25396,0,1,0,0,0,0,0,0
-0.03567,-0.49873,0.75,0.018184,0.25425,0,1,0,0,0,0,0,0
-0.028544,-0.49918,0.75,0.014552,0.25448,0,1,0,0,0,0,0,0
-0.021413,-0.49954,0.75,0.010916,0.25466,0,1,0,0,0,0,0,0
-0.014278,-0.4998,0.75,0.0072788,0.25479,0,1,0,0,0,0,0,0
-0.0071397,-0.49995,0.75,0.0036398,0.25487,0,1,0,0,0,0,0,0
-5.3594e-16,-0.5,0.75,2.7322e-16,0.2549,0,1,0,0,0,0,0,0
0.0071397,-0.49995,0.75,-0.0036398,0.25487,0,1,0,0,0,0,0,0
0.014278,-0.4998,0.75,-0.0072788,0.25479,0,1,0,0,0,0,0,0
0.021413,-0.49954,0.75,-0.010916,0.25466,0,1,0,0,0,0,0,0
0.028544,-0.49918,0.75,-0.014552,0.25448,0,1,0,0,0,0,0,0
0.03567,-0.49873,0.75,-0.018184,0.25425,0,1,0,0,0,0,0,0
0.042788,-0.49817,0.75,-0.021813,0.25396,0,1,0,0,0,0,0,0
0.049897,-0.4975,0.75,-0.025437,0.25362,0,1,0,0,0,0,0,0
0.056996,-0.49674,0.75,-0.029056,0.25324,0,1,0,0,0,0,0,0
0.064083,-0.49588,0.75,-0.032669,0.25279,0,1,0,0,0,0,0,0
0.071157,-0.49491,0.75,-0.036276,0.2523,0,1,0,0,0,0,0,0
0.078217,-0.49384,0.75,-0.039875,0.25176,0,1,0,0,0,0,0,0
0.085261,-0.49268,0.75,-0.043466,0.25116,0,1,0,0,0,0,0,0
0.092288,-0.49141,0.75,-0.047048,0.25052,0,1,0,0,0,0,0,0
0.099295,-0.49004,0.75,-0.05062,0.24982,0,1,0,0,0,0,0,0
0.10628,-0.48857,0.75,-0.054182,0.24907,0,1,0,0,0,0,0,0
0.11325,-0.48701,0.75,-0.057733,0.24827,0,1,0,0,0,0,0,0
0.12019,-0.48534,0.75,-0.061273,0.24742,0,1,0,0,0,0,0,0
0.12711,-0.48357,0.75,-0.064799,0.24652,0,1,0,0,0,0,0,0
0.134,-0.48171,0.75,-0.068313,0.24557,0,1,0,0,0,0,0,0
0.14087,-0.47975,0.75,-0.071813,0.24457,0,1,0,0,0,0,0,0
0.1477,-0.47769,0.75,-0.075298,0.24352,0,1,0,0,0,0,0,0
0.15451,-0.47553,0.75,-0.078767,0.24242,0,1,0,0,0,0,0,0
0.16128,-0.47327,0.75,-0.082221,0.24127,0,1,0,0,0,0,0,0
0.16802,-0.47092,0.75,-0.085658,0.24007,0,1,0,0,0,0,0,0
0.17473,-0.46847,0.75,-0.089077,0.23883,0,1,0,0,0,0,0,0
0.1814,-0.46593,0.75,-0.092479,0.23753,0,1,0,0,0,0,0,0
0.18804,-0.46329,0.75,-0.095861,0.23618,0,1,0,0,0,0,0,0
0.19464,-0.46056,0.75,-0.099224,0.23479,0,1,0,0,0,0,0,0
0.20119,-0.45774,0.75,-0.10257,0.23335,0,1,0,0,0,0,0,0
0.20771,-0.45482,0.75,-0.10589,0.23186,0,1,0,0,0,0,0,0
0.21418,-0.4518,0.75,-0.10919,0.23033,0,1,0,0,0,0,0,0
0.22061,-0.4487,0.75,-0.11247,0.22874,0,1,0,0,0,0,0,0
0.227,-0.4455,0.75,-0.11572,0.22711,0,1,0,0,0,0,0,0
0.23333,-0.44222,0.75,-0.11895,0.22544,0,1,0,0,0,0,0,0
0.23962,-0.43884,0.75,-0.12216,0.22372,0,1,0,0,0,0,0,0
0.24587,-0.43537,0.75,-0.12534,0.22195,0,1,0,0,0,0,0,0
0.25206,-0.43182,0.75,-0.1285,0.22014,0,1,0,0,0,0,0,0
0.2582,-0.42817,0.75,-0.13163,0.21828,0,1,0,0,0,0,0,0
0.26429,-0.42444,0.75,-0.13473,0.21638,0,1,0,0,0,0,0,0
0.27032,-0.42063,0.75,-0.13781,0.21443,0,1,0,0,0,0,0,0
0.2763,-0.41672,0.75,-0.14086,0.21244,0,1,0,0,0,0,0,0
0.28222,-0.41274,0.75,-0.14387,0.21041,0,1,0,0,0,0,0,0
0.28809,-0.40866,0.75,-0.14686,0.20833,0,1,0,0,0,0,0,0
0.29389,-0.40451,0.75,-0.14982,0.20622,0,1,0,0,0,0,0,0
0.29964,-0.40027,0.75,-0.15275,0.20406,0,1,0,0,0,0,0,0
0.30532,-0.39595,0.75,-0.15565,0.20185,0,1,0,0,0,0,0,0
0.31095,-0.39155,0.75,-0.15852,0.19961,0,1,0,0,0,0,0,0
0.31651,-0.38707,0.75,-0.16135,0.19733,0,1,0,0,0,0,0,0
0.322,-0.38251,0.75,-0.16415,0.195,0,1,0,0,0,0,0,0
0.32743,-0.37787,0.75,-0.16692,0.19264,0,1,0,0,0,0,0,0
0.33279,-0.37316,0.75,-0.16966,0.19023,0,1,0,0,0,0,0,0
0.33809,-0.36837,0.75,-0.17235,0.18779,0,1,0,0,0,0,0,0
0.34331,-0.36351,0.75,-0.17502,0.18531,0,1,0,0,0,0,0,0
0.34847,-0.35857,0.75,-0.17765,0.18279,0,1,0,0,0,0,0,0
0.35355,-0.35355,0.75,-0.18024,0.18024,0,1,0,0,0,0,0,0
0.35857,-0.34847,0.75,-0.18279,0.17765,0,1,0,0,0,0,0,0
0.36351,-0.34331,0.75,-0.18531,0.17502,0,1,0,0,0,0,0,0
0.36837,-0.33809,0.75,-0.18779,0.17235,0,1,0,0,0,0,0,0
0.37316,-0.33279,0.75,-0.19023,0.16966,0,1,0,0,0,0,0,0
0.37787,-0.32743,0.75,-0.19264,0.16692,0,1,0,0,0,0,0,0
0.38251,-0.322,0.75,-0.195,0.16415,0,1,0,0,0,0,0,0
0.38707,-0.31651,0.75,-0.19733,0.16135,0,1,0,0,0,0,0,0
0.39155,-0.31095,0.75,-0.19961,0.15852,0,1,0,0,0,0,0,0
0.39595,-0.30532,0.75,-0.20185,0.15565,0,1,0,0,0,0,0,0
0.40027,-0.29964,0.75,-0.20406,0.15275,0,1,0,0,0,0,0,0
0.40451,-0.29389,0.75,-0.20622,0.14982,0,1,0,0,0,0,0,0
0.40866,-0.28809,0.75,-0.20833,0.14686,0,1,0,0,0,0,0,0
0.41274,-0.28222,0.75,-0.21041,0.14387,0,1,0,0,0,0,0,0
0.41672,-0.2763,0.75,-0.21244,0.14086,0,1,0,0,0,0,0,0
0.42063,-0.27032,0.75,-0.21443,0.13781,0,1,0,0,0,0,0,0
0.42444,-0.26429,0.75,-0.21638,0.13473,0,1,0,0,0,0,0,0
0.42817,-0.2582,0.75,-0.21828,0.13163,0,1,0,0,0,0,0,0
0.43182,-0.25206,0.75,-0.22014,0.1285,0,1,0,0,0,0,0,0
0.43537,-0.24587,0.75,-0.22195,0.12534,0,1,0,0,0,0,0,0
0.43884,-0.23962,0.75,-0.22372,0.12216,0,1,0,0,0,0,0,0
0.44222,-0.23333,0.75,-0.22544,0.11895,0,1,0,0,0,0,0,0
0.4455,-0.227,0.75,-0.22711,0.11572,0,1,0,0,0,0,0,0
0.4487,-0.22061,0.75,-0.22874,0.11247,0,1,0,0,0,0,0,0
0.4518,-0.21418,0.75,-0.23033,0.10919,0,1,0,0,0,0,0,0
0.45482,-0.20771,0.75,-0.23186,0.10589,0,1,0,0,0,0,0,0
0.45774,-0.20119,0.75,-0.23335,0.10257,0,1,0,0,0,0,0,0
0.46056,-0.19464,0.75,-0.23479,0.099224,0,1,0,0,0,0,0,0
0.46329,-0.18804,0.75,-0.23618,0.095861,0,1,0,0,0,0,0,0
0.46593,-0.1814,0.75,-0.23753,0.092479,0,1,0,0,0,0,0,0
0.46847,-0.17473,0.75,-0.23883,0.089077,0,1,0,0,0,0,0,0
0.47092,-0.16802,0.75,-0.24007,0.085658,0,1,0,0,0,0,0,0
0.47327,-0.16128,0.75,-0.24127,0.082221,0,1,0,0,0,0,0,0
0.47553,-0.15451,0.75,-0.24242,0.078767,0,1,0,0,0,0,0,0
0.47769,-0.1477,0.75,-0.24352,0.075298,0,1,0,0,0,0,0,0
0.47975,-0.14087,0.75,-0.24457,0.071813,0,1,0,0,0,0,0,0
0.48171,-0.134,0.75,-0.24557,0.068313,0,1,0,0,0,0,0,0
0.48357,-0.12711,0.75,-0.24652,0.064799,0,1,0,0,0,0,0,0
0.48534,-0.12019,0.75,-0.24742,0.061273,0,1,0,0,0,0,0,0
0.48701,-0.11325,0.75,-0.24827,0.057733,0,1,0,0,0,0,0,0
0.48857,-0.10628,0.75,-0.24907,0.054182,0,1,0,0,0,0,0,0
0.49004,-0.099295,0.75,-0.24982,0.05062,0,1,0,0,0,0,0,0
0.49141,-0.092288,0.75,-0.25052,0.047048,0,1,0,0,0,0,0,0
0.49268,-0.085261,0.75,-0.25116,0.043466,0,1,0,0,0,0,0,0
0.49384,-0.078217,0.75,-0.25176,0.039875,0,1,0,0,0,0,0,0
0.49491,-0.071157,0.75,-0.2523,0.036276,0,1,0,0,0,0,0,0
0.49588,-0.064083,0.75,-0.25279,0.032669,0,1,0,0,0,0,0,0
0.49674,-0.056996,0.75,-0.25324,0.029056,0,1,0,0,0,0,0,0
0.4975,-0.049897,0.75,-0.25362,0.025437,0,1,0,0,0,0,0,0
0.49817,-0.042788,0.75,-0.25396,0.021813,0,1,0,0,0,0,0,0
0.49873,-0.03567,0.75,-0.25425,0.018184,0,1,0,0,0,0,0,0
0.49918,-0.028544,0.75,-0.25448,0.014552,0,1,0,0,0,0,0,0
0.49954,-0.021413,0.75,-0.25466,0.010916,0,1,0,0,0,0,0,0
0.4998,-0.014278,0.75,-0.25479,0.0072788,0,1,0,0,0,0,0,0
0.49995,-0.0071397,0.75,-0.25487,0.0036398,0,1,0,0,0,0,0,0
0.5,-1.2246e-16,0.75,-0.2549,6.2432e-17,0,1,0,0,0,0,0,0
