1,0,1.25,0,0,0,1,0,0,0,0,0,0
0.99986,0.0080912,1.2522,-0.35086,20.228,5.4201,1,0,0,0,0,0,0
0.99944,0.016177,1.2543,-0.70103,-0.014186,-0.0038011,1,0,0,0,0,0,0
0.99874,0.024251,1.2565,-0.69897,-0.028323,-0.0075891,1,0,0,0,0,0,0
0.99776,0.032308,1.2587,-0.69555,-0.042361,-0.011351,1,0,0,0,0,0,0
0.99651,0.040343,1.2608,-0.69078,-0.056254,-0.015073,1,0,0,0,0,0,0
0.99498,0.04835,1.263,-0.6847,-0.069953,-0.018744,1,0,0,0,0,0,0
0.99318,0.056323,1.2651,-0.67733,-0.083413,-0.022351,1,0,0,0,0,0,0
0.99111,0.064258,1.2672,-0.66873,-0.096592,-0.025882,1,0,0,0,0,0,0
0.98878,0.072149,1.2693,-0.65893,-0.10945,-0.029326,1,0,0,0,0,0,0
0.98619,0.079991,1.2714,-0.648,-0.12194,-0.032674,1,0,0,0,0,0,0
0.98334,0.087779,1.2735,-0.63598,-0.13403,-0.035914,1,0,0,0,0,0,0
0.98025,0.09551,1.2756,-0.62295,-0.1457,-0.03904,1,0,0,0,0,0,0
0.97691,0.10318,1.2776,-0.60896,-0.1569,-0.042041,1,0,0,0,0,0,0
0.97334,0.11078,1.2797,-0.5941,-0.16761,-0.044912,1,0,0,0,0,0,0
0.96953,0.11831,1.2817,-0.57844,-0.17782,-0.047646,1,0,0,0,0,0,0
0.9655,0.12576,1.2837,-0.56204,-0.18749,-0.050237,1,0,0,0,0,0,0
0.96125,0.13314,1.2857,-0.54499,-0.19661,-0.052682,1,0,0,0,0,0,0
0.95679,0.14043,1.2876,-0.52737,-0.20517,-0.054976,1,0,0,0,0,0,0
0.95213,0.14764,1.2896,-0.50926,-0.21317,-0.057118,1,0,0,0,0,0,0
0.94727,0.15476,1.2915,-0.49072,-0.22058,-0.059105,1,0,0,0,0,0,0
0.94222,0.16179,1.2934,-0.47184,-0.22742,-0.060937,1,0,0,0,0,0,0
0.93699,0.16872,1.2952,-0.4527,-0.23368,-0.062613,1,0,0,0,0,0,0
0.93159,0.17556,1.297,-0.43336,-0.23936,-0.064135,1,0,0,0,0,0,0
0.92602,0.18231,1.2988,-0.41389,-0.24446,-0.065504,1,0,0,0,0,0,0
0.92029,0.18895,1.3006,-0.39437,-0.24901,-0.066721,1,0,0,0,0,0,0
0.91442,0.19549,1.3024,-0.37485,-0.253,-0.067791,1,0,0,0,0,0,0
0.9084,0.20193,1.3041,-0.35541,-0.25645,-0.068716,1,0,0,0,0,0,0
0.90225,0.20826,1.3058,-0.33609,-0.25937,-0.069499,1,0,0,0,0,0,0
0.89597,0.21449,1.3075,-0.31695,-0.26179,-0.070146,1,0,0,0,0,0,0
0.88957,0.22062,1.3091,-0.29803,-0.26371,-0.070661,1,0,0,0,0,0,0
0.88306,0.22664,1.3107,-0.2794,-0.26516,-0.071049,1,0,0,0,0,0,0
0.87644,0.23255,1.3123,-0.26107,-0.26615,-0.071315,1,0,0,0,0,0,0
0.86973,0.23836,1.3139,-0.2431,-0.26671,-0.071465,1,0,0,0,0,0,0
0.86293,0.24406,1.3154,-0.22552,-0.26686,-0.071504,1,0,0,0,0,0,0
0.85604,0.24965,1.3169,-0.20835,-0.26661,-0.071438,1,0,0,0,0,0,0
0.84908,0.25513,1.3184,-0.19163,-0.266,-0.071273,1,0,0,0,0,0,0
0.84205,0.26051,1.3198,-0.17537,-0.26503,-0.071016,1,0,0,0,0,0,0
0.83495,0.26579,1.3212,-0.1596,-0.26375,-0.070671,1,0,0,0,0,0,0
0.8278,0.27096,1.3226,-0.14432,-0.26216,-0.070245,1,0,0,0,0,0,0
0.82059,0.27602,1.324,-0.12955,-0.26028,-0.069743,1,0,0,0,0,0,0
0.81334,0.28098,1.3253,-0.11531,-0.25815,-0.069171,1,0,0,0,0,0,0
0.80604,0.28584,1.3266,-0.10159,-0.25578,-0.068535,1,0,0,0,0,0,0
0.79872,0.2906,1.3279,-0.088401,-0.25318,-0.06784,1,0,0,0,0,0,0
0.79136,0.29526,1.3291,-0.075745,-0.25039,-0.067091,1,0,0,0,0,0,0
0.78397,0.29982,1.3303,-0.063621,-0.24741,-0.066294,1,0,0,0,0,0,0
0.77657,0.30428,1.3315,-0.052026,-0.24427,-0.065453,1,0,0,0,0,0,0
0.76915,0.30865,1.3327,-0.040955,-0.24099,-0.064573,1,0,0,0,0,0,0
0.76171,0.31292,1.3338,-0.030402,-0.23758,-0.063658,1,0,0,0,0,0,0
0.75427,0.31709,1.335,-0.02036,-0.23405,-0.062713,1,0,0,0,0,0,0
0.74683,0.32118,1.3361,-0.010819,-0.23042,-0.061741,1,0,0,0,0,0,0
0.73938,0.32517,1.3371,-0.0017706,-0.22671,-0.060747,1,0,0,0,0,0,0
0.73194,0.32908,1.3382,0.0067974,-0.22293,-0.059734,1,0,0,0,0,0,0
0.7245,0.33289,1.3392,0.014896,-0.21909,-0.058705,1,0,0,0,0,0,0
0.71707,0.33663,1.3402,0.022539,-0.2152,-0.057664,1,0,0,0,0,0,0
0.70965,0.34027,1.3412,0.029738,-0.21128,-0.056613,1,0,0,0,0,0,0
0.70225,0.34384,1.3421,0.036507,-0.20734,-0.055556,1,0,0,0,0,0,0
0.69487,0.34732,1.3431,0.042859,-0.20338,-0.054494,1,0,0,0,0,0,0
0.6875,0.35072,1.344,0.04881,-0.19941,-0.053431,1,0,0,0,0,0,0
0.68016,0.35404,1.3449,0.054373,-0.19544,-0.052368,1,0,0,0,0,0,0
0.67284,0.35729,1.3457,0.059562,-0.19148,-0.051308,1,0,0,0,0,0,0
0.66554,0.36046,1.3466,0.064392,-0.18754,-0.050251,1,0,0,0,0,0,0
0.65828,0.36356,1.3474,0.068877,-0.18362,-0.049201,1,0,0,0,0,0,0
0.65104,0.36659,1.3482,0.073031,-0.17973,-0.048158,1,0,0,0,0,0,0
0.64383,0.36955,1.349,0.076868,-0.17587,-0.047125,1,0,0,0,0,0,0
0.63666,0.37244,1.3498,0.080402,-0.17205,-0.046101,1,0,0,0,0,0,0
0.62952,0.37526,1.3505,0.083647,-0.16827,-0.045088,1,0,0,0,0,0,0
0.62241,0.37801,1.3513,0.086616,-0.16454,-0.044088,1,0,0,0,0,0,0
0.61534,0.3807,1.352,0.089321,-0.16086,-0.043101,1,0,0,0,0,0,0
0.6083,0.38333,1.3527,0.091776,-0.15722,-0.042128,1,0,0,0,0,0,0
0.60131,0.3859,1.3534,0.093992,-0.15365,-0.04117,1,0,0,0,0,0,0
0.59435,0.3884,1.3541,0.095982,-0.15013,-0.040227,1,0,0,0,0,0,0
0.58743,0.39085,1.3547,0.097756,-0.14667,-0.039299,1,0,0,0,0,0,0
0.58055,0.39324,1.3554,0.099328,-0.14327,-0.038388,1,0,0,0,0,0,0
0.57371,0.39557,1.356,0.10071,-0.13993,-0.037493,1,0,0,0,0,0,0
0.56692,0.39785,1.3566,0.1019,-0.13665,-0.036615,1,0,0,0,0,0,0
0.56016,0.40008,1.3572,0.10292,-0.13344,-0.035754,1,0,0,0,0,0,0
0.55344,0.40225,1.3578,0.10378,-0.13029,-0.03491,1,0,0,0,0,0,0
0.54677,0.40438,1.3584,0.10449,-0.1272,-0.034084,1,0,0,0,0,0,0
0.54014,0.40645,1.3589,0.10505,-0.12418,-0.033274,1,0,0,0,0,0,0
0.53355,0.40848,1.3595,0.10548,-0.12123,-0.032483,1,0,0,0,0,0,0
0.527,0.41045,1.36,0.10578,-0.11834,-0.031708,1,0,0,0,0,0,0
0.5205,0.41238,1.3605,0.10595,-0.11551,-0.030951,1,0,0,0,0,0,0
0.51403,0.41427,1.361,0.10602,-0.11275,-0.030211,1,0,0,0,0,0,0
0.50761,0.41611,1.3615,0.10597,-0.11005,-0.029488,1,0,0,0,0,0,0
0.50124,0.41791,1.362,0.10583,-0.10742,-0.028782,1,0,0,0,0,0,0
0.4949,0.41967,1.3625,0.1056,-0.10485,-0.028093,1,0,0,0,0,0,0
0.48861,0.42139,1.3629,0.10528,-0.10234,-0.027421,1,0,0,0,0,0,0
0.48236,0.42306,1.3634,0.10488,-0.099888,-0.026765,1,0,0,0,0,0,0
0.47615,0.4247,1.3638,0.1044,-0.0975,-0.026125,1,0,0,0,0,0,0
0.46998,0.4263,1.3642,0.10385,-0.095171,-0.025501,1,0,0,0,0,0,0
0.46385,0.42786,1.3646,0.10324,-0.092901,-0.024893,1,0,0,0,0,0,0
0.45777,0.42939,1.3651,0.10256,-0.090689,-0.0243,1,0,0,0,0,0,0
0.45172,0.43088,1.3655,0.10183,-0.088533,-0.023722,1,0,0,0,0,0,0
0.44572,0.43234,1.3658,0.10105,-0.086433,-0.02316,1,0,0,0,0,0,0
0.43975,0.43376,1.3662,0.10022,-0.084388,-0.022612,1,0,0,0,0,0,0
0.43383,0.43515,1.3666,0.09935,-0.082396,-0.022078,1,0,0,0,0,0,0
0.42794,0.4365,1.367,0.098435,-0.080456,-0.021558,1,0,0,0,0,0,0
0.4221,0.43783,1.3673,0.097483,-0.078568,-0.021052,1,0,0,0,0,0,0
0.41629,0.43913,1.3677,0.096497,-0.07673,-0.02056,1,0,0,0,0,0,0
0.41052,0.44039,1.368,0.09548,-0.074941,-0.020081,1,0,0,0,0,0,0
0.40479,0.44163,1.3683,0.094434,-0.073201,-0.019614,1,0,0,0,0,0,0
0.39909,0.44283,1.3687,0.093363,-0.071508,-0.01916,1,0,0,0,0,0,0
0.39343,0.44401,1.369,0.092268,-0.06986,-0.018719,1,0,0,0,0,0,0
0.38781,0.44517,1.3693,0.091152,-0.068258,-0.01829,1,0,0,0,0,0,0
0.38223,0.44629,1.3696,0.090017,-0.066699,-0.017872,1,0,0,0,0,0,0
0.37668,0.44739,1.3699,0.088865,-0.065183,-0.017466,1,0,0,0,0,0,0
0.37116,0.44846,1.3702,0.087699,-0.063709,-0.017071,1,0,0,0,0,0,0
0.36568,0.44951,1.3704,0.086519,-0.062276,-0.016687,1,0,0,0,0,0,0
0.36024,0.45054,1.3707,0.085328,-0.060882,-0.016313,1,0,0,0,0,0,0
0.35483,0.45154,1.371,0.084127,-0.059528,-0.01595,1,0,0,0,0,0,0
0.34945,0.45252,1.3713,0.082918,-0.058211,-0.015598,1,0,0,0,0,0,0
0.3441,0.45347,1.3715,0.081701,-0.056931,-0.015255,1,0,0,0,0,0,0
0.33879,0.4544,1.3718,0.080479,-0.055687,-0.014921,1,0,0,0,0,0,0
0.3335,0.45531,1.372,0.079252,-0.054478,-0.014597,1,0,0,0,0,0,0
0.32825,0.4562,1.3722,0.078022,-0.053303,-0.014283,1,0,0,0,0,0,0
0.32303,0.45707,1.3725,0.076789,-0.052162,-0.013977,1,0,0,0,0,0,0
0.31784,0.45792,1.3727,0.075555,-0.051052,-0.013679,1,0,0,0,0,0,0
0.31268,0.45875,1.3729,0.07432,-0.049975,-0.013391,1,0,0,0,0,0,0
0.30755,0.45955,1.3731,0.073085,-0.048928,-0.01311,1,0,0,0,0,0,0
0.30245,0.46034,1.3733,0.071851,-0.047911,-0.012838,1,0,0,0,0,0,0
0.29737,0.46111,1.3736,0.070619,-0.046923,-0.012573,1,0,0,0,0,0,0
0.29233,0.46187,1.3738,0.069389,-0.045964,-0.012316,1,0,0,0,0,0,0
0.28731,0.4626,1.374,0.068161,-0.045032,-0.012066,1,0,0,0,0,0,0
0.28232,0.46332,1.3741,0.066937,-0.044128,-0.011824,1,0,0,0,0,0,0
0.27735,0.46402,1.3743,0.065717,-0.043249,-0.011589,1,0,0,0,0,0,0
0.27241,0.4647,1.3745,0.064501,-0.042396,-0.01136,1,0,0,0,0,0,0
0.26749,0.46536,1.3747,0.06329,-0.041568,-0.011138,1,0,0,0,0,0,0
0.2626,0.46601,1.3749,0.062084,-0.040764,-0.010923,1,0,0,0,0,0,0
0.25774,0.46665,1.375,0.060883,-0.039984,-0.010714,1,0,0,0,0,0,0
0.2529,0.46726,1.3752,0.059688,-0.039227,-0.010511,1,0,0,0,0,0,0
0.24808,0.46787,1.3754,0.058499,-0.038493,-0.010314,1,0,0,0,0,0,0
0.24328,0.46845,1.3755,0.057316,-0.03778,-0.010123,1,0,0,0,0,0,0
0.23851,0.46902,1.3757,0.056139,-0.037088,-0.0099378,1,0,0,0,0,0,0
0.23376,0.46958,1.3758,0.054968,-0.036417,-0.009758,1,0,0,0,0,0,0
0.22903,0.47013,1.376,0.053805,-0.035767,-0.0095837,1,0,0,0,0,0,0
0.22432,0.47065,1.3761,0.052648,-0.035136,-0.0094147,1,0,0,0,0,0,0
0.21963,0.47117,1.3762,0.051497,-0.034524,-0.0092508,1,0,0,0,0,0,0
0.21496,0.47167,1.3764,0.050354,-0.033932,-0.0090919,1,0,0,0,0,0,0
0.21032,0.47216,1.3765,0.049218,-0.033357,-0.008938,1,0,0,0,0,0,0
0.20569,0.47264,1.3766,0.048089,-0.0328,-0.0087888,1,0,0,0,0,0,0
0.20108,0.4731,1.3768,0.046967,-0.032261,-0.0086443,1,0,0,0,0,0,0
0.19648,0.47355,1.3769,0.045852,-0.031738,-0.0085043,1,0,0,0,0,0,0
0.19191,0.47399,1.377,0.044744,-0.031233,-0.0083688,1,0,0,0,0,0,0
0.18735,0.47441,1.3771,0.043643,-0.030743,-0.0082376,1,0,0,0,0,0,0
0.18281,0.47482,1.3772,0.042549,-0.030269,-0.0081106,1,0,0,0,0,0,0
0.17829,0.47522,1.3773,0.041463,-0.029811,-0.0079878,1,0,0,0,0,0,0
0.17379,0.47561,1.3774,0.040383,-0.029367,-0.007869,1,0,0,0,0,0,0
0.16929,0.47599,1.3775,0.03931,-0.028939,-0.0077541,1,0,0,0,0,0,0
0.16482,0.47636,1.3776,0.038243,-0.028525,-0.0076431,1,0,0,0,0,0,0
0.16036,0.47671,1.3777,0.037184,-0.028124,-0.0075359,1,0,0,0,0,0,0
0.15591,0.47706,1.3778,0.036131,-0.027738,-0.0074324,1,0,0,0,0,0,0
0.15148,0.47739,1.3779,0.035084,-0.027365,-0.0073325,1,0,0,0,0,0,0
0.14706,0.47771,1.378,0.034044,-0.027005,-0.0072361,1,0,0,0,0,0,0
0.14265,0.47802,1.3781,0.03301,-0.026659,-0.0071432,1,0,0,0,0,0,0
0.13826,0.47832,1.3782,0.031982,-0.026325,-0.0070536,1,0,0,0,0,0,0
0.13388,0.47861,1.3782,0.03096,-0.026003,-0.0069674,1,0,0,0,0,0,0
0.12951,0.4789,1.3783,0.029945,-0.025693,-0.0068845,1,0,0,0,0,0,0
0.12516,0.47917,1.3784,0.028934,-0.025396,-0.0068047,1,0,0,0,0,0,0
0.12081,0.47943,1.3785,0.02793,-0.02511,-0.0067281,1,0,0,0,0,0,0
0.11648,0.47968,1.3785,0.026931,-0.024835,-0.0066545,1,0,0,0,0,0,0
0.11215,0.47992,1.3786,0.025937,-0.024572,-0.006584,1,0,0,0,0,0,0
0.10784,0.48015,1.3787,0.024948,-0.02432,-0.0065164,1,0,0,0,0,0,0
0.10353,0.48037,1.3787,0.023964,-0.024078,-0.0064518,1,0,0,0,0,0,0
0.099236,0.48058,1.3788,0.022985,-0.023848,-0.00639,1,0,0,0,0,0,0
0.094949,0.48078,1.3788,0.022011,-0.023628,-0.006331,1,0,0,0,0,0,0
0.090671,0.48097,1.3789,0.021041,-0.023418,-0.0062749,1,0,0,0,0,0,0
0.0864,0.48116,1.3789,0.020076,-0.023219,-0.0062214,1,0,0,0,0,0,0
0.082137,0.48133,1.379,0.019114,-0.023029,-0.0061706,1,0,0,0,0,0,0
0.077882,0.4815,1.379,0.018156,-0.02285,-0.0061225,1,0,0,0,0,0,0
0.073633,0.48165,1.3791,0.017203,-0.02268,-0.0060771,1,0,0,0,0,0,0
0.069391,0.4818,1.3791,0.016252,-0.02252,-0.0060342,1,0,0,0,0,0,0
0.065155,0.48194,1.3791,0.015305,-0.022369,-0.0059938,1,0,0,0,0,0,0
0.060925,0.48207,1.3792,0.014362,-0.022228,-0.005956,1,0,0,0,0,0,0
0.0567,0.48219,1.3792,0.013421,-0.022096,-0.0059207,1,0,0,0,0,0,0
0.05248,0.4823,1.3792,0.012483,-0.021974,-0.0058878,1,0,0,0,0,0,0
0.048264,0.4824,1.3793,0.011548,-0.02186,-0.0058574,1,0,0,0,0,0,0
0.044053,0.48249,1.3793,0.010615,-0.021756,-0.0058294,1,0,0,0,0,0,0
0.039846,0.48258,1.3793,0.0096844,-0.02166,-0.0058039,1,0,0,0,0,0,0
0.035642,0.48266,1.3793,0.0087559,-0.021574,-0.0057807,1,0,0,0,0,0,0
0.031442,0.48272,1.3793,0.0078292,-0.021496,-0.0057599,1,0,0,0,0,0,0
0.027244,0.48278,1.3794,0.0069042,-0.021427,-0.0057414,1,0,0,0,0,0,0
0.023049,0.48283,1.3794,0.0059807,-0.021367,-0.0057252,1,0,0,0,0,0,0
0.018855,0.48288,1.3794,0.0050584,-0.021315,-0.0057114,1,0,0,0,0,0,0
0.014663,0.48291,1.3794,0.0041372,-0.021273,-0.0057,1,0,0,0,0,0,0
0.010473,0.48294,1.3794,0.0032169,-0.021238,-0.0056908,1,0,0,0,0,0,0
0.0062834,0.48295,1.3794,0.0022973,-0.021213,-0.0056839,1,0,0,0,0,0,0
0.0020944,0.48296,1.3794,0.0013782,-0.021195,-0.0056793,1,0,0,0,0,0,0
-0.0020944,0.48296,1.3794,0.00045936,-0.021187,-0.005677,1,0,0,0,0,0,0
-0.0062834,0.48295,1.3794,-0.00045936,-0.021187,-0.005677,1,0,0,0,0,0,0
-0.010473,0.48294,1.3794,-0.0013782,-0.021195,-0.0056793,1,0,0,0,0,0,0
-0.014663,0.48291,1.3794,-0.0022973,-0.021213,-0.0056839,1,0,0,0,0,0,0
-0.018855,0.48288,1.3794,-0.0032169,-0.021238,-0.0056908,1,0,0,0,0,0,0
-0.023049,0.48283,1.3794,-0.0041372,-0.021273,-0.0057,1,0,0,0,0,0,0
-0.027244,0.48278,1.3794,-0.0050584,-0.021315,-0.0057114,1,0,0,0,0,0,0
-0.031442,0.48272,1.3793,-0.0059807,-0.021367,-0.0057252,1,0,0,0,0,0,0
-0.035642,0.48266,1.3793,-0.0069042,-0.021427,-0.0057414,1,0,0,0,0,0,0
-0.039846,0.48258,1.3793,-0.0078292,-0.021496,-0.0057599,1,0,0,0,0,0,0
-0.044053,0.48249,1.3793,-0.0087559,-0.021574,-0.0057807,1,0,0,0,0,0,0
-0.048264,0.4824,1.3793,-0.0096844,-0.02166,-0.0058039,1,0,0,0,0,0,0
-0.05248,0.4823,1.3792,-0.010615,-0.021756,-0.0058294,1,0,0,0,0,0,0
-0.0567,0.48219,1.3792,-0.011548,-0.02186,-0.0058574,1,0,0,0,0,0,0
-0.060925,0.48207,1.3792,-0.012483,-0.021974,-0.0058878,1,0,0,0,0,0,0
-0.065155,0.48194,1.3791,-0.013421,-0.022096,-0.0059207,1,0,0,0,0,0,0
-0.069391,0.4818,1.3791,-0.014362,-0.022228,-0.005956,1,0,0,0,0,0,0
-0.073633,0.48165,1.3791,-0.015305,-0.022369,-0.0059938,1,0,0,0,0,0,0
-0.077882,0.4815,1.379,-0.016252,-0.02252,-0.0060342,1,0,0,0,0,0,0
-0.082137,0.48133,1.379,-0.017203,-0.02268,-0.0060771,1,0,0,0,0,0,0
-0.0864,0.48116,1.3789,-0.018156,-0.02285,-0.0061225,1,0,0,0,0,0,0
-0.090671,0.48097,1.3789,-0.019114,-0.023029,-0.0061706,1,0,0,0,0,0,0
-0.094949,0.48078,1.3788,-0.020076,-0.023219,-0.0062214,1,0,0,0,0,0,0
-0.099236,0.48058,1.3788,-0.021041,-0.023418,-0.0062749,1,0,0,0,0,0,0
-0.10353,0.48037,1.3787,-0.022011,-0.023628,-0.006331,1,0,0,0,0,0,0
-0.10784,0.48015,1.3787,-0.022985,-0.023848,-0.00639,1,0,0,0,0,0,0
-0.11215,0.47992,1.3786,-0.023964,-0.024078,-0.0064518,1,0,0,0,0,0,0
-0.11648,0.47968,1.3785,-0.024948,-0.02432,-0.0065164,1,0,0,0,0,0,0
-0.12081,0.47943,1.3785,-0.025937,-0.024572,-0.006584,1,0,0,0,0,0,0
-0.12516,0.47917,1.3784,-0.026931,-0.024835,-0.0066545,1,0,0,0,0,0,0
-0.12951,0.4789,1.3783,-0.02793,-0.02511,-0.0067281,1,0,0,0,0,0,0
-0.13388,0.47861,1.3782,-0.028934,-0.025396,-0.0068047,1,0,0,0,0,0,0
-0.13826,0.47832,1.3782,-0.029945,-0.025693,-0.0068845,1,0,0,0,0,0,0
-0.14265,0.47802,1.3781,-0.03096,-0.026003,-0.0069674,1,0,0,0,0,0,0
-0.14706,0.47771,1.378,-0.031982,-0.026325,-0.0070536,1,0,0,0,0,0,0
-0.15148,0.47739,1.3779,-0.03301,-0.026659,-0.0071432,1,0,0,0,0,0,0
-0.15591,0.47706,1.3778,-0.034044,-0.027005,-0.0072361,1,0,0,0,0,0,0
-0.16036,0.47671,1.3777,-0.035084,-0.027365,-0.0073325,1,0,0,0,0,0,0
-0.16482,0.47636,1.3776,-0.036131,-0.027738,-0.0074324,1,0,0,0,0,0,0
-0.16929,0.47599,1.3775,-0.037184,-0.028124,-0.0075359,1,0,0,0,0,0,0
-0.17379,0.47561,1.3774,-0.038243,-0.028525,-0.0076431,1,0,0,0,0,0,0
-0.17829,0.47522,1.3773,-0.03931,-0.028939,-0.0077541,1,0,0,0,0,0,0
-0.18281,0.47482,1.3772,-0.040383,-0.029367,-0.007869,1,0,0,0,0,0,0
-0.18735,0.47441,1.3771,-0.041463,-0.029811,-0.0079878,1,0,0,0,0,0,0
-0.19191,0.47399,1.377,-0.042549,-0.030269,-0.0081106,1,0,0,0,0,0,0
-0.19648,0.47355,1.3769,-0.043643,-0.030743,-0.0082376,1,0,0,0,0,0,0
-0.20108,0.4731,1.3768,-0.044744,-0.031233,-0.0083688,1,0,0,0,0,0,0
-0.20569,0.47264,1.3766,-0.045852,-0.031738,-0.0085043,1,0,0,0,0,0,0
-0.21032,0.47216,1.3765,-0.046967,-0.032261,-0.0086443,1,0,0,0,0,0,0
-0.21496,0.47167,1.3764,-0.048089,-0.0328,-0.0087888,1,0,0,0,0,0,0
-0.21963,0.47117,1.3762,-0.049218,-0.033357,-0.008938,1,0,0,0,0,0,0
-0.22432,0.47065,1.3761,-0.050354,-0.033932,-0.0090919,1,0,0,0,0,0,0
-0.22903,0.47013,1.376,-0.051497,-0.034524,-0.0092508,1,0,0,0,0,0,0
-0.23376,0.46958,1.3758,-0.052648,-0.035136,-0.0094147,1,0,0,0,0,0,0
-0.23851,0.46902,1.3757,-0.053805,-0.035767,-0.0095837,1,0,0,0,0,0,0
-0.24328,0.46845,1.3755,-0.054968,-0.036417,-0.009758,1,0,0,0,0,0,0
-0.24808,0.46787,1.3754,-0.056139,-0.037088,-0.0099378,1,0,0,0,0,0,0
-0.2529,0.46726,1.3752,-0.057316,-0.03778,-0.010123,1,0,0,0,0,0,0
-0.25774,0.46665,1.375,-0.058499,-0.038493,-0.010314,1,0,0,0,0,0,0
-0.2626,0.46601,1.3749,-0.059688,-0.039227,-0.010511,1,0,0,0,0,0,0
-0.26749,0.46536,1.3747,-0.060883,-0.039984,-0.010714,1,0,0,0,0,0,0
-0.27241,0.4647,1.3745,-0.062084,-0.040764,-0.010923,1,0,0,0,0,0,0
-0.27735,0.46402,1.3743,-0.06329,-0.041568,-0.011138,1,0,0,0,0,0,0
-0.28232,0.46332,1.3741,-0.064501,-0.042396,-0.01136,1,0,0,0,0,0,0
-0.28731,0.4626,1.374,-0.065717,-0.043249,-0.011589,1,0,0,0,0,0,0
-0.29233,0.46187,1.3738,-0.066937,-0.044128,-0.011824,1,0,0,0,0,0,0
-0.29737,0.46111,1.3736,-0.068161,-0.045032,-0.012066,1,0,0,0,0,0,0
-0.30245,0.46034,1.3733,-0.069389,-0.045964,-0.012316,1,0,0,0,0,0,0
-0.30755,0.45955,1.3731,-0.070619,-0.046923,-0.012573,1,0,0,0,0,0,0
-0.31268,0.45875,1.3729,-0.071851,-0.047911,-0.012838,1,0,0,0,0,0,0
-0.31784,0.45792,1.3727,-0.073085,-0.048928,-0.01311,1,0,0,0,0,0,0
-0.32303,0.45707,1.3725,-0.07432,-0.049975,-0.013391,1,0,0,0,0,0,0
-0.32825,0.4562,1.3722,-0.075555,-0.051052,-0.013679,1,0,0,0,0,0,0
-0.3335,0.45531,1.372,-0.076789,-0.052162,-0.013977,1,0,0,0,0,0,0
-0.33879,0.4544,1.3718,-0.078022,-0.053303,-0.014283,1,0,0,0,0,0,0
-0.3441,0.45347,1.3715,-0.079252,-0.054478,-0.014597,1,0,0,0,0,0,0
-0.34945,0.45252,1.3713,-0.080479,-0.055687,-0.014921,1,0,0,0,0,0,0
-0.35483,0.45154,1.371,-0.081701,-0.056931,-0.015255,1,0,0,0,0,0,0
-0.36024,0.45054,1.3707,-0.082918,-0.058211,-0.015598,1,0,0,0,0,0,0
-0.36568,0.44951,1.3704,-0.084127,-0.059528,-0.01595,1,0,0,0,0,0,0
-0.37116,0.44846,1.3702,-0.085328,-0.060882,-0.016313,1,0,0,0,0,0,0
-0.37668,0.44739,1.3699,-0.086519,-0.062276,-0.016687,1,0,0,0,0,0,0
-0.38223,0.44629,1.3696,-0.087699,-0.063709,-0.017071,1,0,0,0,0,0,0
-0.38781,0.44517,1.3693,-0.088865,-0.065183,-0.017466,1,0,0,0,0,0,0
-0.39343,0.44401,1.369,-0.090017,-0.066699,-0.017872,1,0,0,0,0,0,0
-0.39909,0.44283,1.3687,-0.091152,-0.068258,-0.01829,1,0,0,0,0,0,0
-0.40479,0.44163,1.3683,-0.092268,-0.06986,-0.018719,1,0,0,0,0,0,0
-0.41052,0.44039,1.368,-0.093363,-0.071508,-0.01916,1,0,0,0,0,0,0
-0.41629,0.43913,1.3677,-0.094434,-0.073201,-0.019614,1,0,0,0,0,0,0
-0.4221,0.43783,1.3673,-0.09548,-0.074941,-0.020081,1,0,0,0,0,0,0
-0.42794,0.4365,1.367,-0.096497,-0.07673,-0.02056,1,0,0,0,0,0,0
-0.43383,0.43515,1.3666,-0.097483,-0.078568,-0.021052,1,0,0,0,0,0,0
-0.43975,0.43376,1.3662,-0.098435,-0.080456,-0.021558,1,0,0,0,0,0,0
-0.44572,0.43234,1.3658,-0.09935,-0.082396,-0.022078,1,0,0,0,0,0,0
-0.45172,0.43088,1.3655,-0.10022,-0.084388,-0.022612,1,0,0,0,0,0,0
-0.45777,0.42939,1.3651,-0.10105,-0.086433,-0.02316,1,0,0,0,0,0,0
-0.46385,0.42786,1.3646,-0.10183,-0.088533,-0.023722,1,0,0,0,0,0,0
-0.46998,0.4263,1.3642,-0.10256,-0.090689,-0.0243,1,0,0,0,0,0,0
-0.47615,0.4247,1.3638,-0.10324,-0.092901,-0.024893,1,0,0,0,0,0,0
-0.48236,0.42306,1.3634,-0.10385,-0.095171,-0.025501,1,0,0,0,0,0,0
-0.48861,0.42139,1.3629,-0.1044,-0.0975,-0.026125,1,0,0,0,0,0,0
-0.4949,0.41967,1.3625,-0.10488,-0.099888,-0.026765,1,0,0,0,0,0,0
-0.50124,0.41791,1.362,-0.10528,-0.10234,-0.027421,1,0,0,0,0,0,0
-0.50761,0.41611,1.3615,-0.1056,-0.10485,-0.028093,1,0,0,0,0,0,0
-0.51403,0.41427,1.361,-0.10583,-0.10742,-0.028782,1,0,0,0,0,0,0
-0.5205,0.41238,1.3605,-0.10597,-0.11005,-0.029488,1,0,0,0,0,0,0
-0.527,0.41045,1.36,-0.10602,-0.11275,-0.030211,1,0,0,0,0,0,0
-0.53355,0.40848,1.3595,-0.10595,-0.11551,-0.030951,1,0,0,0,0,0,0
-0.54014,0.40645,1.3589,-0.10578,-0.11834,-0.031708,1,0,0,0,0,0,0
-0.54677,0.40438,1.3584,-0.10548,-0.12123,-0.032483,1,0,0,0,0,0,0
-0.55344,0.40225,1.3578,-0.10505,-0.12418,-0.033274,1,0,0,0,0,0,0
-0.56016,0.40008,1.3572,-0.10449,-0.1272,-0.034084,1,0,0,0,0,0,0
-0.56692,0.39785,1.3566,-0.10378,-0.13029,-0.03491,1,0,0,0,0,0,0
-0.57371,0.39557,1.356,-0.10292,-0.13344,-0.035754,1,0,0,0,0,0,0
-0.58055,0.39324,1.3554,-0.1019,-0.13665,-0.036615,1,0,0,0,0,0,0
-0.58743,0.39085,1.3547,-0.10071,-0.13993,-0.037493,1,0,0,0,0,0,0
-0.59435,0.3884,1.3541,-0.099328,-0.14327,-0.038388,1,0,0,0,0,0,0
-0.60131,0.3859,1.3534,-0.097756,-0.14667,-0.039299,1,0,0,0,0,0,0
-0.6083,0.38333,1.3527,-0.095982,-0.15013,-0.040227,1,0,0,0,0,0,0
-0.61534,0.3807,1.352,-0.093992,-0.15365,-0.04117,1,0,0,0,0,0,0
-0.62241,0.37801,1.3513,-0.091776,-0.15722,-0.042128,1,0,0,0,0,0,0
-0.62952,0.37526,1.3505,-0.089321,-0.16086,-0.043101,1,0,0,0,0,0,0
-0.63666,0.37244,1.3498,-0.086616,-0.16454,-0.044088,1,0,0,0,0,0,0
-0.64383,0.36955,1.349,-0.083647,-0.16827,-0.045088,1,0,0,0,0,0,0
-0.65104,0.36659,1.3482,-0.080402,-0.17205,-0.046101,1,0,0,0,0,0,0
-0.65828,0.36356,1.3474,-0.076868,-0.17587,-0.047125,1,0,0,0,0,0,0
-0.66554,0.36046,1.3466,-0.073031,-0.17973,-0.048158,1,0,0,0,0,0,0
-0.67284,0.35729,1.3457,-0.068877,-0.18362,-0.049201,1,0,0,0,0,0,0
-0.68016,0.35404,1.3449,-0.064392,-0.18754,-0.050251,1,0,0,0,0,0,0
-0.6875,0.35072,1.344,-0.059562,-0.19148,-0.051308,1,0,0,0,0,0,0
-0.69487,0.34732,1.3431,-0.054373,-0.19544,-0.052368,1,0,0,0,0,0,0
-0.70225,0.34384,1.3421,-0.04881,-0.19941,-0.053431,1,0,0,0,0,0,0
-0.70965,0.34027,1.3412,-0.042859,-0.20338,-0.054494,1,0,0,0,0,0,0
-0.71707,0.33663,1.3402,-0.036507,-0.20734,-0.055556,1,0,0,0,0,0,0
-0.7245,0.33289,1.3392,-0.029738,-0.21128,-0.056613,1,0,0,0,0,0,0
-0.73194,0.32908,1.3382,-0.022539,-0.2152,-0.057664,1,0,0,0,0,0,0
-0.73938,0.32517,1.3371,-0.014896,-0.21909,-0.058705,1,0,0,0,0,0,0
-0.74683,0.32118,1.3361,-0.0067974,-0.22293,-0.059734,1,0,0,0,0,0,0
-0.75427,0.31709,1.335,0.0017706,-0.22671,-0.060747,1,0,0,0,0,0,0
-0.76171,0.31292,1.3338,0.010819,-0.23042,-0.061741,1,0,0,0,0,0,0
-0.76915,0.30865,1.3327,0.02036,-0.23405,-0.062713,1,0,0,0,0,0,0
-0.77657,0.30428,1.3315,0.030402,-0.23758,-0.063658,1,0,0,0,0,0,0
-0.78397,0.29982,1.3303,0.040955,-0.24099,-0.064573,1,0,0,0,0,0,0
-0.79136,0.29526,1.3291,0.052026,-0.24427,-0.065453,1,0,0,0,0,0,0
-0.79872,0.2906,1.3279,0.063621,-0.24741,-0.066294,1,0,0,0,0,0,0
-0.80604,0.28584,1.3266,0.075745,-0.25039,-0.067091,1,0,0,0,0,0,0
-0.81334,0.28098,1.3253,0.088401,-0.25318,-0.06784,1,0,0,0,0,0,0
-0.82059,0.27602,1.324,0.10159,-0.25578,-0.068535,1,0,0,0,0,0,0
-0.8278,0.27096,1.3226,0.11531,-0.25815,-0.069171,1,0,0,0,0,0,0
-0.83495,0.26579,1.3212,0.12955,-0.26028,-0.069743,1,0,0,0,0,0,0
-0.84205,0.26051,1.3198,0.14432,-0.26216,-0.070245,1,0,0,0,0,0,0
-0.84908,0.25513,1.3184,0.1596,-0.26375,-0.070671,1,0,0,0,0,0,0
-0.85604,0.24965,1.3169,0.17537,-0.26503,-0.071016,1,0,0,0,0,0,0
-0.86293,0.24406,1.3154,0.19163,-0.266,-0.071273,1,0,0,0,0,0,0
-0.86973,0.23836,1.3139,0.20835,-0.26661,-0.071438,1,0,0,0,0,0,0
-0.87644,0.23255,1.3123,0.22552,-0.26686,-0.071504,1,0,0,0,0,0,0
-0.88306,0.22664,1.3107,0.2431,-0.26671,-0.071465,1,0,0,0,0,0,0
-0.88957,0.22062,1.3091,0.26107,-0.26615,-0.071315,1,0,0,0,0,0,0
-0.89597,0.21449,1.3075,0.2794,-0.26516,-0.071049,1,0,0,0,0,0,0
-0.90225,0.20826,1.3058,0.29803,-0.26371,-0.070661,1,0,0,0,0,0,0
-0.9084,0.20193,1.3041,0.31695,-0.26179,-0.070146,1,0,0,0,0,0,0
-0.91442,0.19549,1.3024,0.33609,-0.25937,-0.069499,1,0,0,0,0,0,0
-0.92029,0.18895,1.3006,0.35541,-0.25645,-0.068716,1,0,0,0,0,0,0
-0.92602,0.18231,1.2988,0.37485,-0.253,-0.067791,1,0,0,0,0,0,0
-0.93159,0.17556,1.297,0.39437,-0.24901,-0.066721,1,0,0,0,0,0,0
-0.93699,0.16872,1.2952,0.41389,-0.24446,-0.065504,1,0,0,0,0,0,0
-0.94222,0.16179,1.2934,0.43336,-0.23936,-0.064135,1,0,0,0,0,0,0
-0.94727,0.15476,1.2915,0.4527,-0.23368,-0.062613,1,0,0,0,0,0,0
-0.95213,0.14764,1.2896,0.47184,-0.22742,-0.060937,1,0,0,0,0,0,0
-0.95679,0.14043,1.2876,0.49072,-0.22058,-0.059105,1,0,0,0,0,0,0
-0.96125,0.13314,1.2857,0.50926,-0.21317,-0.057118,1,0,0,0,0,0,0
-0.9655,0.12576,1.2837,0.52737,-0.20517,-0.054976,1,0,0,0,0,0,0
-0.96953,0.11831,1.2817,0.54499,-0.19661,-0.052682,1,0,0,0,0,0,0
-0.97334,0.11078,1.2797,0.56204,-0.18749,-0.050237,1,0,0,0,0,0,0
-0.97691,0.10318,1.2776,0.57844,-0.17782,-0.047646,1,0,0,0,0,0,0
-0.98025,0.09551,1.2756,0.5941,-0.16761,-0.044912,1,0,0,0,0,0,0
-0.98334,0.087779,1.2735,0.60896,-0.1569,-0.042041,1,0,0,0,0,0,0
-0.98619,0.079991,1.2714,0.62295,-0.1457,-0.03904,1,0,0,0,0,0,0
-0.98878,0.072149,1.2693,0.63598,-0.13403,-0.035914,1,0,0,0,0,0,0
-0.99111,0.064258,1.2672,0.648,-0.12194,-0.032674,1,0,0,0,0,0,0
-0.99318,0.056323,1.2651,0.65893,-0.10945,-0.029326,1,0,0,0,0,0,0
-0.99498,0.04835,1.263,0.66873,-0.096592,-0.025882,1,0,0,0,0,0,0
-0.99651,0.040343,1.2608,0.67733,-0.083413,-0.022351,1,0,0,0,0,0,0
-0.99776,0.032308,1.2587,0.6847,-0.069953,-0.018744,1,0,0,0,0,0,0
-0.99874,0.024251,1.2565,0.69078,-0.056254,-0.015073,1,0,0,0,0,0,0
-0.99944,0.016177,1.2543,0.69555,-0.042361,-0.011351,1,0,0,0,0,0,0
-0.99986,0.0080912,1.2522,0.69897,-0.028323,-0.0075891,1,0,0,0,0,0,0
-1,1.1829e-16,1.25,0.70103,-0.014186,-0.0038011,1,0,0,0,0,0,0
-0.99986,-0.0080912,1.2478,0.70172,-1.0714e-12,0,1,0,0,0,0,0,0
-0.99944,-0.016177,1.2457,0.70103,0.014186,0.0038011,1,0,0,0,0,0,0
-0.99874,-0.024251,1.2435,0.69897,0.028323,0.0075891,1,0,0,0,0,0,0
-0.99776,-0.032308,1.2413,0.69555,0.042361,0.011351,1,0,0,0,0,0,0
-0.99651,-0.040343,1.2392,0.69078,0.056254,0.015073,1,0,0,0,0,0,0
-0.99498,-0.04835,1.237,0.6847,0.069953,0.018744,1,0,0,0,0,0,0
-0.99318,-0.056323,1.2349,0.67733,0.083413,0.022351,1,0,0,0,0,0,0
-0.99111,-0.064258,1.2328,0.66873,0.096592,0.025882,1,0,0,0,0,0,0
-0.98878,-0.072149,1.2307,0.65893,0.10945,0.029326,1,0,0,0,0,0,0
-0.98619,-0.079991,1.2286,0.648,0.12194,0.032674,1,0,0,0,0,0,0
-0.98334,-0.087779,1.2265,0.63598,0.13403,0.035914,1,0,0,0,0,0,0
-0.98025,-0.09551,1.2244,0.62295,0.1457,0.03904,1,0,0,0,0,0,0
-0.97691,-0.10318,1.2224,0.60896,0.1569,0.042041,1,0,0,0,0,0,0
-0.97334,-0.11078,1.2203,0.5941,0.16761,0.044912,1,0,0,0,0,0,0
-0.96953,-0.11831,1.2183,0.57844,0.17782,0.047646,1,0,0,0,0,0,0
-0.9655,-0.12576,1.2163,0.56204,0.18749,0.050237,1,0,0,0,0,0,0
-0.96125,-0.13314,1.2143,0.54499,0.19661,0.052682,1,0,0,0,0,0,0
-0.95679,-0.14043,1.2124,0.52737,0.20517,0.054976,1,0,0,0,0,0,0
-0.95213,-0.14764,1.2104,0.50926,0.21317,0.057118,1,0,0,0,0,0,0
-0.94727,-0.15476,1.2085,0.49072,0.22058,0.059105,1,0,0,0,0,0,0
-0.94222,-0.16179,1.2066,0.47184,0.22742,0.060937,1,0,0,0,0,0,0
-0.93699,-0.16872,1.2048,0.4527,0.23368,0.062613,1,0,0,0,0,0,0
-0.93159,-0.17556,1.203,0.43336,0.23936,0.064135,1,0,0,0,0,0,0
-0.92602,-0.18231,1.2012,0.41389,0.24446,0.065504,1,0,0,0,0,0,0
-0.92029,-0.18895,1.1994,0.39437,0.24901,0.066721,1,0,0,0,0,0,0
-0.91442,-0.19549,1.1976,0.37485,0.253,0.067791,1,0,0,0,0,0,0
-0.9084,-0.20193,1.1959,0.35541,0.25645,0.068716,1,0,0,0,0,0,0
-0.90225,-0.20826,1.1942,0.33609,0.25937,0.069499,1,0,0,0,0,0,0
-0.89597,-0.21449,1.1925,0.31695,0.26179,0.070146,1,0,0,0,0,0,0
-0.88957,-0.22062,1.1909,0.29803,0.26371,0.070661,1,0,0,0,0,0,0
-0.88306,-0.22664,1.1893,0.2794,0.26516,0.071049,1,0,0,0,0,0,0
-0.87644,-0.23255,1.1877,0.26107,0.26615,0.071315,1,0,0,0,0,0,0
-0.86973,-0.23836,1.1861,0.2431,0.26671,0.071465,1,0,0,0,0,0,0
-0.86293,-0.24406,1.1846,0.22552,0.26686,0.071504,1,0,0,0,0,0,0
-0.85604,-0.24965,1.1831,0.20835,0.26661,0.071438,1,0,0,0,0,0,0
-0.84908,-0.25513,1.1816,0.19163,0.266,0.071273,1,0,0,0,0,0,0
-0.84205,-0.26051,1.1802,0.17537,0.26503,0.071016,1,0,0,0,0,0,0
-0.83495,-0.26579,1.1788,0.1596,0.26375,0.070671,1,0,0,0,0,0,0
-0.8278,-0.27096,1.1774,0.14432,0.26216,0.070245,1,0,0,0,0,0,0
-0.82059,-0.27602,1.176,0.12955,0.26028,0.069743,1,0,0,0,0,0,0
-0.81334,-0.28098,1.1747,0.11531,0.25815,0.069171,1,0,0,0,0,0,0
-0.80604,-0.28584,1.1734,0.10159,0.25578,0.068535,1,0,0,0,0,0,0
-0.79872,-0.2906,1.1721,0.088401,0.25318,0.06784,1,0,0,0,0,0,0
-0.79136,-0.29526,1.1709,0.075745,0.25039,0.067091,1,0,0,0,0,0,0
-0.78397,-0.29982,1.1697,0.063621,0.24741,0.066294,1,0,0,0,0,0,0
-0.77657,-0.30428,1.1685,0.052026,0.24427,0.065453,1,0,0,0,0,0,0
-0.76915,-0.30865,1.1673,0.040955,0.24099,0.064573,1,0,0,0,0,0,0
-0.76171,-0.31292,1.1662,0.030402,0.23758,0.063658,1,0,0,0,0,0,0
-0.75427,-0.31709,1.165,0.02036,0.23405,0.062713,1,0,0,0,0,0,0
-0.74683,-0.32118,1.1639,0.010819,0.23042,0.061741,1,0,0,0,0,0,0
-0.73938,-0.32517,1.1629,0.0017706,0.22671,0.060747,1,0,0,0,0,0,0
-0.73194,-0.32908,1.1618,-0.0067974,0.22293,0.059734,1,0,0,0,0,0,0
-0.7245,-0.33289,1.1608,-0.014896,0.21909,0.058705,1,0,0,0,0,0,0
-0.71707,-0.33663,1.1598,-0.022539,0.2152,0.057664,1,0,0,0,0,0,0
-0.70965,-0.34027,1.1588,-0.029738,0.21128,0.056613,1,0,0,0,0,0,0
-0.70225,-0.34384,1.1579,-0.036507,0.20734,0.055556,1,0,0,0,0,0,0
-0.69487,-0.34732,1.1569,-0.042859,0.20338,0.054494,1,0,0,0,0,0,0
-0.6875,-0.35072,1.156,-0.04881,0.19941,0.053431,1,0,0,0,0,0,0
-0.68016,-0.35404,1.1551,-0.054373,0.19544,0.052368,1,0,0,0,0,0,0
-0.67284,-0.35729,1.1543,-0.059562,0.19148,0.051308,1,0,0,0,0,0,0
-0.66554,-0.36046,1.1534,-0.064392,0.18754,0.050251,1,0,0,0,0,0,0
-0.65828,-0.36356,1.1526,-0.068877,0.18362,0.049201,1,0,0,0,0,0,0
-0.65104,-0.36659,1.1518,-0.073031,0.17973,0.048158,1,0,0,0,0,0,0
-0.64383,-0.36955,1.151,-0.076868,0.17587,0.047125,1,0,0,0,0,0,0
-0.63666,-0.37244,1.1502,-0.080402,0.17205,0.046101,1,0,0,0,0,0,0
-0.62952,-0.37526,1.1495,-0.083647,0.16827,0.045088,1,0,0,0,0,0,0
-0.62241,-0.37801,1.1487,-0.086616,0.16454,0.044088,1,0,0,0,0,0,0
-0.61534,-0.3807,1.148,-0.089321,0.16086,0.043101,1,0,0,0,0,0,0
-0.6083,-0.38333,1.1473,-0.091776,0.15722,0.042128,1,0,0,0,0,0,0
-0.60131,-0.3859,1.1466,-0.093992,0.15365,0.04117,1,0,0,0,0,0,0
-0.59435,-0.3884,1.1459,-0.095982,0.15013,0.040227,1,0,0,0,0,0,0
-0.58743,-0.39085,1.1453,-0.097756,0.14667,0.039299,1,0,0,0,0,0,0
-0.58055,-0.39324,1.1446,-0.099328,0.14327,0.038388,1,0,0,0,0,0,0
-0.57371,-0.39557,1.144,-0.10071,0.13993,0.037493,1,0,0,0,0,0,0
-0.56692,-0.39785,1.1434,-0.1019,0.13665,0.036615,1,0,0,0,0,0,0
-0.56016,-0.40008,1.1428,-0.10292,0.13344,0.035754,1,0,0,0,0,0,0
-0.55344,-0.40225,1.1422,-0.10378,0.13029,0.03491,1,0,0,0,0,0,0
-0.54677,-0.40438,1.1416,-0.10449,0.1272,0.034084,1,0,0,0,0,0,0
-0.54014,-0.40645,1.1411,-0.10505,0.12418,0.033274,1,0,0,0,0,0,0
-0.53355,-0.40848,1.1405,-0.10548,0.12123,0.032483,1,0,0,0,0,0,0
-0.527,-0.41045,1.14,-0.10578,0.11834,0.031708,1,0,0,0,0,0,0
-0.5205,-0.41238,1.1395,-0.10595,0.11551,0.030951,1,0,0,0,0,0,0
-0.51403,-0.41427,1.139,-0.10602,0.11275,0.030211,1,0,0,0,0,0,0
-0.50761,-0.41611,1.1385,-0.10597,0.11005,0.029488,1,0,0,0,0,0,0
-0.50124,-0.41791,1.138,-0.10583,0.10742,0.028782,1,0,0,0,0,0,0
-0.4949,-0.41967,1.1375,-0.1056,0.10485,0.028093,1,0,0,0,0,0,0
-0.48861,-0.42139,1.1371,-0.10528,0.10234,0.027421,1,0,0,0,0,0,0
-0.48236,-0.42306,1.1366,-0.10488,0.099888,0.026765,1,0,0,0,0,0,0
-0.47615,-0.4247,1.1362,-0.1044,0.0975,0.026125,1,0,0,0,0,0,0
-0.46998,-0.4263,1.1358,-0.10385,0.095171,0.025501,1,0,0,0,0,0,0
-0.46385,-0.42786,1.1354,-0.10324,0.092901,0.024893,1,0,0,0,0,0,0
-0.45777,-0.42939,1.1349,-0.10256,0.090689,0.0243,1,0,0,0,0,0,0
-0.45172,-0.43088,1.1345,-0.10183,0.088533,0.023722,1,0,0,0,0,0,0
-0.44572,-0.43234,1.1342,-0.10105,0.086433,0.02316,1,0,0,0,0,0,0
-0.43975,-0.43376,1.1338,-0.10022,0.084388,0.022612,1,0,0,0,0,0,0
-0.43383,-0.43515,1.1334,-0.09935,0.082396,0.022078,1,0,0,0,0,0,0
-0.42794,-0.4365,1.133,-0.098435,0.080456,0.021558,1,0,0,0,0,0,0
-0.4221,-0.43783,1.1327,-0.097483,0.078568,0.021052,1,0,0,0,0,0,0
-0.41629,-0.43913,1.1323,-0.096497,0.07673,0.02056,1,0,0,0,0,0,0
-0.41052,-0.44039,1.132,-0.09548,0.074941,0.020081,1,0,0,0,0,0,0
-0.40479,-0.44163,1.1317,-0.094434,0.073201,0.019614,1,0,0,0,0,0,0
-0.39909,-0.44283,1.1313,-0.093363,0.071508,0.01916,1,0,0,0,0,0,0
-0.39343,-0.44401,1.131,-0.092268,0.06986,0.018719,1,0,0,0,0,0,0
-0.38781,-0.44517,1.1307,-0.091152,0.068258,0.01829,1,0,0,0,0,0,0
-0.38223,-0.44629,1.1304,-0.090017,0.066699,0.017872,1,0,0,0,0,0,0
-0.37668,-0.44739,1.1301,-0.088865,0.065183,0.017466,1,0,0,0,0,0,0
-0.37116,-0.44846,1.1298,-0.087699,0.063709,0.017071,1,0,0,0,0,0,0
-0.36568,-0.44951,1.1296,-0.086519,0.062276,0.016687,1,0,0,0,0,0,0
-0.36024,-0.45054,1.1293,-0.085328,0.060882,0.016313,1,0,0,0,0,0,0
-0.35483,-0.45154,1.129,-0.084127,0.059528,0.01595,1,0,0,0,0,0,0
-0.34945,-0.45252,1.1287,-0.082918,0.058211,0.015598,1,0,0,0,0,0,0
-0.3441,-0.45347,1.1285,-0.081701,0.056931,0.015255,1,0,0,0,0,0,0
-0.33879,-0.4544,1.1282,-0.080479,0.055687,0.014921,1,0,0,0,0,0,0
-0.3335,-0.45531,1.128,-0.079252,0.054478,0.014597,1,0,0,0,0,0,0
-0.32825,-0.4562,1.1278,-0.078022,0.053303,0.014283,1,0,0,0,0,0,0
-0.32303,-0.45707,1.1275,-0.076789,0.052162,0.013977,1,0,0,0,0,0,0
-0.31784,-0.45792,1.1273,-0.075555,0.051052,0.013679,1,0,0,0,0,0,0
-0.31268,-0.45875,1.1271,-0.07432,0.049975,0.013391,1,0,0,0,0,0,0
-0.30755,-0.45955,1.1269,-0.073085,0.048928,0.01311,1,0,0,0,0,0,0
-0.30245,-0.46034,1.1267,-0.071851,0.047911,0.012838,1,0,0,0,0,0,0
-0.29737,-0.46111,1.1264,-0.070619,0.046923,0.012573,1,0,0,0,0,0,0
-0.29233,-0.46187,1.1262,-0.069389,0.045964,0.012316,1,0,0,0,0,0,0
-0.28731,-0.4626,1.126,-0.068161,0.045032,0.012066,1,0,0,0,0,0,0
-0.28232,-0.46332,1.1259,-0.066937,0.044128,0.011824,1,0,0,0,0,0,0
-0.27735,-0.46402,1.1257,-0.065717,0.043249,0.011589,1,0,0,0,0,0,0
-0.27241,-0.4647,1.1255,-0.064501,0.042396,0.01136,1,0,0,0,0,0,0
-0.26749,-0.46536,1.1253,-0.06329,0.041568,0.011138,1,0,0,0,0,0,0
-0.2626,-0.46601,1.1251,-0.062084,0.040764,0.010923,1,0,0,0,0,0,0
-0.25774,-0.46665,1.125,-0.060883,0.039984,0.010714,1,0,0,0,0,0,0
-0.2529,-0.46726,1.1248,-0.059688,0.039227,0.010511,1,0,0,0,0,0,0
-0.24808,-0.46787,1.1246,-0.058499,0.038493,0.010314,1,0,0,0,0,0,0
-0.24328,-0.46845,1.1245,-0.057316,0.03778,0.010123,1,0,0,0,0,0,0
-0.23851,-0.46902,1.1243,-0.056139,0.037088,0.0099378,1,0,0,0,0,0,0
-0.23376,-0.46958,1.1242,-0.054968,0.036417,0.009758,1,0,0,0,0,0,0
-0.22903,-0.47013,1.124,-0.053805,0.035767,0.0095837,1,0,0,0,0,0,0
-0.22432,-0.47065,1.1239,-0.052648,0.035136,0.0094147,1,0,0,0,0,0,0
-0.21963,-0.47117,1.1238,-0.051497,0.034524,0.0092508,1,0,0,0,0,0,0
-0.21496,-0.47167,1.1236,-0.050354,0.033932,0.0090919,1,0,0,0,0,0,0
-0.21032,-0.47216,1.1235,-0.049218,0.033357,0.008938,1,0,0,0,0,0,0
-0.20569,-0.47264,1.1234,-0.048089,0.0328,0.0087888,1,0,0,0,0,0,0
-0.20108,-0.4731,1.1232,-0.046967,0.032261,0.0086443,1,0,0,0,0,0,0
-0.19648,-0.47355,1.1231,-0.045852,0.031738,0.0085043,1,0,0,0,0,0,0
-0.19191,-0.47399,1.123,-0.044744,0.031233,0.0083688,1,0,0,0,0,0,0
-0.18735,-0.47441,1.1229,-0.043643,0.030743,0.0082376,1,0,0,0,0,0,0
-0.18281,-0.47482,1.1228,-0.042549,0.030269,0.0081106,1,0,0,0,0,0,0
-0.17829,-0.47522,1.1227,-0.041463,0.029811,0.0079878,1,0,0,0,0,0,0
-0.17379,-0.47561,1.1226,-0.040383,0.029367,0.007869,1,0,0,0,0,0,0
-0.16929,-0.47599,1.1225,-0.03931,0.028939,0.0077541,1,0,0,0,0,0,0
-0.16482,-0.47636,1.1224,-0.038243,0.028525,0.0076431,1,0,0,0,0,0,0
-0.16036,-0.47671,1.1223,-0.037184,0.028124,0.0075359,1,0,0,0,0,0,0
-0.15591,-0.47706,1.1222,-0.036131,0.027738,0.0074324,1,0,0,0,0,0,0
-0.15148,-0.47739,1.1221,-0.035084,0.027365,0.0073325,1,0,0,0,0,0,0
-0.14706,-0.47771,1.122,-0.034044,0.027005,0.0072361,1,0,0,0,0,0,0
-0.14265,-0.47802,1.1219,-0.03301,0.026659,0.0071432,1,0,0,0,0,0,0
-0.13826,-0.47832,1.1218,-0.031982,0.026325,0.0070536,1,0,0,0,0,0,0
-0.13388,-0.47861,1.1218,-0.03096,0.026003,0.0069674,1,0,0,0,0,0,0
-0.12951,-0.4789,1.1217,-0.029945,0.025693,0.0068845,1,0,0,0,0,0,0
-0.12516,-0.47917,1.1216,-0.028934,0.025396,0.0068047,1,0,0,0,0,0,0
-0.12081,-0.47943,1.1215,-0.02793,0.02511,0.0067281,1,0,0,0,0,0,0
-0.11648,-0.47968,1.1215,-0.026931,0.024835,0.0066545,1,0,0,0,0,0,0
-0.11215,-0.47992,1.1214,-0.025937,0.024572,0.006584,1,0,0,0,0,0,0
-0.10784,-0.48015,1.1213,-0.024948,0.02432,0.0065164,1,0,0,0,0,0,0
-0.10353,-0.48037,1.1213,-0.023964,0.024078,0.0064518,1,0,0,0,0,0,0
-0.099236,-0.48058,1.1212,-0.022985,0.023848,0.00639,1,0,0,0,0,0,0
-0.094949,-0.48078,1.1212,-0.022011,0.023628,0.006331,1,0,0,0,0,0,0
-0.090671,-0.48097,1.1211,-0.021041,0.023418,0.0062749,1,0,0,0,0,0,0
-0.0864,-0.48116,1.1211,-0.020076,0.023219,0.0062214,1,0,0,0,0,0,0
-0.082137,-0.48133,1.121,-0.019114,0.023029,0.0061706,1,0,0,0,0,0,0
-0.077882,-0.4815,1.121,-0.018156,0.02285,0.0061225,1,0,0,0,0,0,0
-0.073633,-0.48165,1.1209,-0.017203,0.02268,0.0060771,1,0,0,0,0,0,0
-0.069391,-0.4818,1.1209,-0.016252,0.02252,0.0060342,1,0,0,0,0,0,0
-0.065155,-0.48194,1.1209,-0.015305,0.022369,0.0059938,1,0,0,0,0,0,0
-0.060925,-0.48207,1.1208,-0.014362,0.022228,0.005956,1,0,0,0,0,0,0
-0.0567,-0.48219,1.1208,-0.013421,0.022096,0.0059207,1,0,0,0,0,0,0
-0.05248,-0.4823,1.1208,-0.012483,0.021974,0.0058878,1,0,0,0,0,0,0
-0.048264,-0.4824,1.1207,-0.011548,0.02186,0.0058574,1,0,0,0,0,0,0
-0.044053,-0.48249,1.1207,-0.010615,0.021756,0.0058294,1,0,0,0,0,0,0
-0.039846,-0.48258,1.1207,-0.0096844,0.02166,0.0058039,1,0,0,0,0,0,0
-0.035642,-0.48266,1.1207,-0.0087559,0.021574,0.0057807,1,0,0,0,0,0,0
-0.031442,-0.48272,1.1207,-0.0078292,0.021496,0.0057599,1,0,0,0,0,0,0
-0.027244,-0.48278,1.1206,-0.0069042,0.021427,0.0057414,1,0,0,0,0,0,0
-0.023049,-0.48283,1.1206,-0.0059807,0.021367,0.0057252,1,0,0,0,0,0,0
-0.018855,-0.48288,1.1206,-0.0050584,0.021315,0.0057114,1,0,0,0,0,0,0
-0.014663,-0.48291,1.1206,-0.0041372,0.021273,0.0057,1,0,0,0,0,0,0
-0.010473,-0.48294,1.1206,-0.0032169,0.021238,0.0056908,1,0,0,0,0,0,0
-0.0062834,-0.48295,1.1206,-0.0022973,0.021213,0.0056839,1,0,0,0,0,0,0
-0.0020944,-0.48296,1.1206,-0.0013782,0.021195,0.0056793,1,0,0,0,0,0,0
0.0020944,-0.48296,1.1206,-0.00045936,0.021187,0.005677,1,0,0,0,0,0,0
0.0062834,-0.48295,1.1206,0.00045936,0.021187,0.005677,1,0,0,0,0,0,0
0.010473,-0.48294,1.1206,0.0013782,0.021195,0.0056793,1,0,0,0,0,0,0
0.014663,-0.48291,1.1206,0.0022973,0.021213,0.0056839,1,0,0,0,0,0,0
0.018855,-0.48288,1.1206,0.0032169,0.021238,0.0056908,1,0,0,0,0,0,0
0.023049,-0.48283,1.1206,0.0041372,0.021273,0.0057,1,0,0,0,0,0,0
0.027244,-0.48278,1.1206,0.0050584,0.021315,0.0057114,1,0,0,0,0,0,0
0.031442,-0.48272,1.1207,0.0059807,0.021367,0.0057252,1,0,0,0,0,0,0
0.035642,-0.48266,1.1207,0.0069042,0.021427,0.0057414,1,0,0,0,0,0,0
0.039846,-0.48258,1.1207,0.0078292,0.021496,0.0057599,1,0,0,0,0,0,0
0.044053,-0.48249,1.1207,0.0087559,0.021574,0.0057807,1,0,0,0,0,0,0
0.048264,-0.4824,1.1207,0.0096844,0.02166,0.0058039,1,0,0,0,0,0,0
0.05248,-0.4823,1.1208,0.010615,0.021756,0.0058294,1,0,0,0,0,0,0
0.0567,-0.48219,1.1208,0.011548,0.02186,0.0058574,1,0,0,0,0,0,0
0.060925,-0.48207,1.1208,0.012483,0.021974,0.0058878,1,0,0,0,0,0,0
0.065155,-0.48194,1.1209,0.013421,0.022096,0.0059207,1,0,0,0,0,0,0
0.069391,-0.4818,1.1209,0.014362,0.022228,0.005956,1,0,0,0,0,0,0
0.073633,-0.48165,1.1209,0.015305,0.022369,0.0059938,1,0,0,0,0,0,0
0.077882,-0.4815,1.121,0.016252,0.02252,0.0060342,1,0,0,0,0,0,0
0.082137,-0.48133,1.121,0.017203,0.02268,0.0060771,1,0,0,0,0,0,0
0.0864,-0.48116,1.1211,0.018156,0.02285,0.0061225,1,0,0,0,0,0,0
0.090671,-0.48097,1.1211,0.019114,0.023029,0.0061706,1,0,0,0,0,0,0
0.094949,-0.48078,1.1212,0.020076,0.023219,0.0062214,1,0,0,0,0,0,0
0.099236,-0.48058,1.1212,0.021041,0.023418,0.0062749,1,0,0,0,0,0,0
0.10353,-0.48037,1.1213,0.022011,0.023628,0.006331,1,0,0,0,0,0,0
0.10784,-0.48015,1.1213,0.022985,0.023848,0.00639,1,0,0,0,0,0,0
0.11215,-0.47992,1.1214,0.023964,0.024078,0.0064518,1,0,0,0,0,0,0
0.11648,-0.47968,1.1215,0.024948,0.02432,0.0065164,1,0,0,0,0,0,0
0.12081,-0.47943,1.1215,0.025937,0.024572,0.006584,1,0,0,0,0,0,0
0.12516,-0.47917,1.1216,0.026931,0.024835,0.0066545,1,0,0,0,0,0,0
0.12951,-0.4789,1.1217,0.02793,0.02511,0.0067281,1,0,0,0,0,0,0
0.13388,-0.47861,1.1218,0.028934,0.025396,0.0068047,1,0,0,0,0,0,0
0.13826,-0.47832,1.1218,0.029945,0.025693,0.0068845,1,0,0,0,0,0,0
0.14265,-0.47802,1.1219,0.03096,0.026003,0.0069674,1,0,0,0,0,0,0
0.14706,-0.47771,1.122,0.031982,0.026325,0.0070536,1,0,0,0,0,0,0
0.15148,-0.47739,1.1221,0.03301,0.026659,0.0071432,1,0,0,0,0,0,0
0.15591,-0.47706,1.1222,0.034044,0.027005,0.0072361,1,0,0,0,0,0,0
0.16036,-0.47671,1.1223,0.035084,0.027365,0.0073325,1,0,0,0,0,0,0
0.16482,-0.47636,1.1224,0.036131,0.027738,0.0074324,1,0,0,0,0,0,0
0.16929,-0.47599,1.1225,0.037184,0.028124,0.0075359,1,0,0,0,0,0,0
0.17379,-0.47561,1.1226,0.038243,0.028525,0.0076431,1,0,0,0,0,0,0
0.17829,-0.47522,1.1227,0.03931,0.028939,0.0077541,1,0,0,0,0,0,0
0.18281,-0.47482,1.1228,0.040383,0.029367,0.007869,1,0,0,0,0,0,0
0.18735,-0.47441,1.1229,0.041463,0.029811,0.0079878,1,0,0,0,0,0,0
0.19191,-0.47399,1.123,0.042549,0.030269,0.0081106,1,0,0,0,0,0,0
0.19648,-0.47355,1.1231,0.043643,0.030743,0.0082376,1,0,0,0,0,0,0
0.20108,-0.4731,1.1232,0.044744,0.031233,0.0083688,1,0,0,0,0,0,0
0.20569,-0.47264,1.1234,0.045852,0.031738,0.0085043,1,0,0,0,0,0,0
0.21032,-0.47216,1.1235,0.046967,0.032261,0.0086443,1,0,0,0,0,0,0
0.21496,-0.47167,1.1236,0.048089,0.0328,0.0087888,1,0,0,0,0,0,0
0.21963,-0.47117,1.1238,0.049218,0.033357,0.008938,1,0,0,0,0,0,0
0.22432,-0.47065,1.1239,0.050354,0.033932,0.0090919,1,0,0,0,0,0,0
0.22903,-0.47013,1.124,0.051497,0.034524,0.0092508,1,0,0,0,0,0,0
0.23376,-0.46958,1.1242,0.052648,0.035136,0.0094147,1,0,0,0,0,0,0
0.23851,-0.46902,1.1243,0.053805,0.035767,0.0095837,1,0,0,0,0,0,0
0.24328,-0.46845,1.1245,0.054968,0.036417,0.009758,1,0,0,0,0,0,0
0.24808,-0.46787,1.1246,0.056139,0.037088,0.0099378,1,0,0,0,0,0,0
0.2529,-0.46726,1.1248,0.057316,0.03778,0.010123,1,0,0,0,0,0,0
0.25774,-0.46665,1.125,0.058499,0.038493,0.010314,1,0,0,0,0,0,0
0.2626,-0.46601,1.1251,0.059688,0.039227,0.010511,1,0,0,0,0,0,0
0.26749,-0.46536,1.1253,0.060883,0.039984,0.010714,1,0,0,0,0,0,0
0.27241,-0.4647,1.1255,0.062084,0.040764,0.010923,1,0,0,0,0,0,0
0.27735,-0.46402,1.1257,0.06329,0.041568,0.011138,1,0,0,0,0,0,0
0.28232,-0.46332,1.1259,0.064501,0.042396,0.01136,1,0,0,0,0,0,0
0.28731,-0.4626,1.126,0.065717,0.043249,0.011589,1,0,0,0,0,0,0
0.29233,-0.46187,1.1262,0.066937,0.044128,0.011824,1,0,0,0,0,0,0
0.29737,-0.46111,1.1264,0.068161,0.045032,0.012066,1,0,0,0,0,0,0
0.30245,-0.46034,1.1267,0.069389,0.045964,0.012316,1,0,0,0,0,0,0
0.30755,-0.45955,1.1269,0.070619,0.046923,0.012573,1,0,0,0,0,0,0
0.31268,-0.45875,1.1271,0.071851,0.047911,0.012838,1,0,0,0,0,0,0
0.31784,-0.45792,1.1273,0.073085,0.048928,0.01311,1,0,0,0,0,0,0
0.32303,-0.45707,1.1275,0.07432,0.049975,0.013391,1,0,0,0,0,0,0
0.32825,-0.4562,1.1278,0.075555,0.051052,0.013679,1,0,0,0,0,0,0
0.3335,-0.45531,1.128,0.076789,0.052162,0.013977,1,0,0,0,0,0,0
0.33879,-0.4544,1.1282,0.078022,0.053303,0.014283,1,0,0,0,0,0,0
0.3441,-0.45347,1.1285,0.079252,0.054478,0.014597,1,0,0,0,0,0,0
0.34945,-0.45252,1.1287,0.080479,0.055687,0.014921,1,0,0,0,0,0,0
0.35483,-0.45154,1.129,0.081701,0.056931,0.015255,1,0,0,0,0,0,0
0.36024,-0.45054,1.1293,0.082918,0.058211,0.015598,1,0,0,0,0,0,0
0.36568,-0.44951,1.1296,0.084127,0.059528,0.01595,1,0,0,0,0,0,0
0.37116,-0.44846,1.1298,0.085328,0.060882,0.016313,1,0,0,0,0,0,0
0.37668,-0.44739,1.1301,0.086519,0.062276,0.016687,1,0,0,0,0,0,0
0.38223,-0.44629,1.1304,0.087699,0.063709,0.017071,1,0,0,0,0,0,0
0.38781,-0.44517,1.1307,0.088865,0.065183,0.017466,1,0,0,0,0,0,0
0.39343,-0.44401,1.131,0.090017,0.066699,0.017872,1,0,0,0,0,0,0
0.39909,-0.44283,1.1313,0.091152,0.068258,0.01829,1,0,0,0,0,0,0
0.40479,-0.44163,1.1317,0.092268,0.06986,0.018719,1,0,0,0,0,0,0
0.41052,-0.44039,1.132,0.093363,0.071508,0.01916,1,0,0,0,0,0,0
0.41629,-0.43913,1.1323,0.094434,0.073201,0.019614,1,0,0,0,0,0,0
0.4221,-0.43783,1.1327,0.09548,0.074941,0.020081,1,0,0,0,0,0,0
0.42794,-0.4365,1.133,0.096497,0.07673,0.02056,1,0,0,0,0,0,0
0.43383,-0.43515,1.1334,0.097483,0.078568,0.021052,1,0,0,0,0,0,0
0.43975,-0.43376,1.1338,0.098435,0.080456,0.021558,1,0,0,0,0,0,0
0.44572,-0.43234,1.1342,0.09935,0.082396,0.022078,1,0,0,0,0,0,0
0.45172,-0.43088,1.1345,0.10022,0.084388,0.022612,1,0,0,0,0,0,0
0.45777,-0.42939,1.1349,0.10105,0.086433,0.02316,1,0,0,0,0,0,0
0.46385,-0.42786,1.1354,0.10183,0.088533,0.023722,1,0,0,0,0,0,0
0.46998,-0.4263,1.1358,0.10256,0.090689,0.0243,1,0,0,0,0,0,0
0.47615,-0.4247,1.1362,0.10324,0.092901,0.024893,1,0,0,0,0,0,0
0.48236,-0.42306,1.1366,0.10385,0.095171,0.025501,1,0,0,0,0,0,0
0.48861,-0.42139,1.1371,0.1044,0.0975,0.026125,1,0,0,0,0,0,0
0.4949,-0.41967,1.1375,0.10488,0.099888,0.026765,1,0,0,0,0,0,0
0.50124,-0.41791,1.138,0.10528,0.10234,0.027421,1,0,0,0,0,0,0
0.50761,-0.41611,1.1385,0.1056,0.10485,0.028093,1,0,0,0,0,0,0
0.51403,-0.41427,1.139,0.10583,0.10742,0.028782,1,0,0,0,0,0,0
0.5205,-0.41238,1.1395,0.10597,0.11005,0.029488,1,0,0,0,0,0,0
0.527,-0.41045,1.14,0.10602,0.11275,0.030211,1,0,0,0,0,0,0
0.53355,-0.40848,1.1405,0.10595,0.11551,0.030951,1,0,0,0,0,0,0
0.54014,-0.40645,1.1411,0.10578,0.11834,0.031708,1,0,0,0,0,0,0
0.54677,-0.40438,1.1416,0.10548,0.12123,0.032483,1,0,0,0,0,0,0
0.55344,-0.40225,1.1422,0.10505,0.12418,0.033274,1,0,0,0,0,0,0
0.56016,-0.40008,1.1428,0.10449,0.1272,0.034084,1,0,0,0,0,0,0
0.56692,-0.39785,1.1434,0.10378,0.13029,0.03491,1,0,0,0,0,0,0
0.57371,-0.39557,1.144,0.10292,0.13344,0.035754,1,0,0,0,0,0,0
0.58055,-0.39324,1.1446,0.1019,0.13665,0.036615,1,0,0,0,0,0,0
0.58743,-0.39085,1.1453,0.10071,0.13993,0.037493,1,0,0,0,0,0,0
0.59435,-0.3884,1.1459,0.099328,0.14327,0.038388,1,0,0,0,0,0,0
0.60131,-0.3859,1.1466,0.097756,0.14667,0.039299,1,0,0,0,0,0,0
0.6083,-0.38333,1.1473,0.095982,0.15013,0.040227,1,0,0,0,0,0,0
0.61534,-0.3807,1.148,0.093992,0.15365,0.04117,1,0,0,0,0,0,0
0.62241,-0.37801,1.1487,0.091776,0.15722,0.042128,1,0,0,0,0,0,0
0.62952,-0.37526,1.1495,0.089321,0.16086,0.043101,1,0,0,0,0,0,0
0.63666,-0.37244,1.1502,0.086616,0.16454,0.044088,1,0,0,0,0,0,0
0.64383,-0.36955,1.151,0.083647,0.16827,0.045088,1,0,0,0,0,0,0
0.65104,-0.36659,1.1518,0.080402,0.17205,0.046101,1,0,0,0,0,0,0
0.65828,-0.36356,1.1526,0.076868,0.17587,0.047125,1,0,0,0,0,0,0
0.66554,-0.36046,1.1534,0.073031,0.17973,0.048158,1,0,0,0,0,0,0
0.67284,-0.35729,1.1543,0.068877,0.18362,0.049201,1,0,0,0,0,0,0
0.68016,-0.35404,1.1551,0.064392,0.18754,0.050251,1,0,0,0,0,0,0
0.6875,-0.35072,1.156,0.059562,0.19148,0.051308,1,0,0,0,0,0,0
0.69487,-0.34732,1.1569,0.054373,0.19544,0.052368,1,0,0,0,0,0,0
0.70225,-0.34384,1.1579,0.04881,0.19941,0.053431,1,0,0,0,0,0,0
0.70965,-0.34027,1.1588,0.042859,0.20338,0.054494,1,0,0,0,0,0,0
0.71707,-0.33663,1.1598,0.036507,0.20734,0.055556,1,0,0,0,0,0,0
0.7245,-0.33289,1.1608,0.029738,0.21128,0.056613,1,0,0,0,0,0,0
0.73194,-0.32908,1.1618,0.022539,0.2152,0.057664,1,0,0,0,0,0,0
0.73938,-0.32517,1.1629,0.014896,0.21909,0.058705,1,0,0,0,0,0,0
0.74683,-0.32118,1.1639,0.0067974,0.22293,0.059734,1,0,0,0,0,0,0
0.75427,-0.31709,1.165,-0.0017706,0.22671,0.060747,1,0,0,0,0,0,0
0.76171,-0.31292,1.1662,-0.010819,0.23042,0.061741,1,0,0,0,0,0,0
0.76915,-0.30865,1.1673,-0.02036,0.23405,0.062713,1,0,0,0,0,0,0
0.77657,-0.30428,1.1685,-0.030402,0.23758,0.063658,1,0,0,0,0,0,0
0.78397,-0.29982,1.1697,-0.040955,0.24099,0.064573,1,0,0,0,0,0,0
0.79136,-0.29526,1.1709,-0.052026,0.24427,0.065453,1,0,0,0,0,0,0
0.79872,-0.2906,1.1721,-0.063621,0.24741,0.066294,1,0,0,0,0,0,0
0.80604,-0.28584,1.1734,-0.075745,0.25039,0.067091,1,0,0,0,0,0,0
0.81334,-0.28098,1.1747,-0.088401,0.25318,0.06784,1,0,0,0,0,0,0
0.82059,-0.27602,1.176,-0.10159,0.25578,0.068535,1,0,0,0,0,0,0
0.8278,-0.27096,1.1774,-0.11531,0.25815,0.069171,1,0,0,0,0,0,0
0.83495,-0.26579,1.1788,-0.12955,0.26028,0.069743,1,0,0,0,0,0,0
0.84205,-0.26051,1.1802,-0.14432,0.26216,0.070245,1,0,0,0,0,0,0
0.84908,-0.25513,1.1816,-0.1596,0.26375,0.070671,1,0,0,0,0,0,0
0.85604,-0.24965,1.1831,-0.17537,0.26503,0.071016,1,0,0,0,0,0,0
0.86293,-0.24406,1.1846,-0.19163,0.266,0.071273,1,0,0,0,0,0,0
0.86973,-0.23836,1.1861,-0.20835,0.26661,0.071438,1,0,0,0,0,0,0
0.87644,-0.23255,1.1877,-0.22552,0.26686,0.071504,1,0,0,0,0,0,0
0.88306,-0.22664,1.1893,-0.2431,0.26671,0.071465,1,0,0,0,0,0,0
0.88957,-0.22062,1.1909,-0.26107,0.26615,0.071315,1,0,0,0,0,0,0
0.89597,-0.21449,1.1925,-0.2794,0.26516,0.071049,1,0,0,0,0,0,0
0.90225,-0.20826,1.1942,-0.29803,0.26371,0.070661,1,0,0,0,0,0,0
0.9084,-0.20193,1.1959,-0.31695,0.26179,0.070146,1,0,0,0,0,0,0
0.91442,-0.19549,1.1976,-0.33609,0.25937,0.069499,1,0,0,0,0,0,0
0.92029,-0.18895,1.1994,-0.35541,0.25645,0.068716,1,0,0,0,0,0,0
0.92602,-0.18231,1.2012,-0.37485,0.253,0.067791,1,0,0,0,0,0,0
0.93159,-0.17556,1.203,-0.39437,0.24901,0.066721,1,0,0,0,0,0,0
0.93699,-0.16872,1.2048,-0.41389,0.24446,0.065504,1,0,0,0,0,0,0
0.94222,-0.16179,1.2066,-0.43336,0.23936,0.064135,1,0,0,0,0,0,0
0.94727,-0.15476,1.2085,-0.4527,0.23368,0.062613,1,0,0,0,0,0,0
0.95213,-0.14764,1.2104,-0.47184,0.22742,0.060937,1,0,0,0,0,0,0
0.95679,-0.14043,1.2124,-0.49072,0.22058,0.059105,1,0,0,0,0,0,0
0.96125,-0.13314,1.2143,-0.50926,0.21317,0.057118,1,0,0,0,0,0,0
0.9655,-0.12576,1.2163,-0.52737,0.20517,0.054976,1,0,0,0,0,0,0
0.96953,-0.11831,1.2183,-0.54499,0.19661,0.052682,1,0,0,0,0,0,0
0.97334,-0.11078,1.2203,-0.56204,0.18749,0.050237,1,0,0,0,0,0,0
0.97691,-0.10318,1.2224,-0.57844,0.17782,0.047646,1,0,0,0,0,0,0
0.98025,-0.09551,1.2244,-0.5941,0.16761,0.044912,1,0,0,0,0,0,0
0.98334,-0.087779,1.2265,-0.60896,0.1569,0.042041,1,0,0,0,0,0,0
0.98619,-0.079991,1.2286,-0.62295,0.1457,0.03904,1,0,0,0,0,0,0
0.98878,-0.072149,1.2307,-0.63598,0.13403,0.035914,1,0,0,0,0,0,0
0.99111,-0.064258,1.2328,-0.648,0.12194,0.032674,1,0,0,0,0,0,0
0.99318,-0.056323,1.2349,-0.65893,0.10945,0.029326,1,0,0,0,0,0,0
0.99498,-0.04835,1.237,-0.66873,0.096592,0.025882,1,0,0,0,0,0,0
0.99651,-0.040343,1.2392,-0.67733,0.083413,0.022351,1,0,0,0,0,0,0
0.99776,-0.032308,1.2413,-0.6847,0.069953,0.018744,1,0,0,0,0,0,0
0.99874,-0.024251,1.2435,-0.69078,0.056254,0.015073,1,0,0,0,0,0,0
0.99944,-0.016177,1.2457,-0.69555,0.042361,0.011351,1,0,0,0,0,0,0
0.99986,-0.0080912,1.2478,-0.69897,0.028323,0.0075891,1,0,0,0,0,0,0
1,-2.3658e-16,1.25,-0.70103,0.014186,0.0038011,1,0,0,0,0,0,0
