1,0,1.25,0,0,0,0.9763,-0.21644,0,0,0,0,0
0.99995,0.0045554,1.2521,-0.12632,11.389,5.3106,0.9763,-0.21644,0,0,0,0,0
0.9998,0.0091097,1.2542,-0.25256,-0.0028767,-0.0013414,0.9763,-0.21644,0,0,0,0,0
0.99955,0.013662,1.2564,-0.25229,-0.0057497,-0.0026811,0.9763,-0.21644,0,0,0,0,0
0.99919,0.01821,1.2585,-0.25184,-0.0086156,-0.0040175,0.9763,-0.21644,0,0,0,0,0
0.99874,0.022754,1.2606,-0.25122,-0.011471,-0.0053489,0.9763,-0.21644,0,0,0,0,0
0.99818,0.027292,1.2627,-0.25042,-0.014311,-0.0066736,0.9763,-0.21644,0,0,0,0,0
0.99753,0.031824,1.2648,-0.24945,-0.017134,-0.0079899,0.9763,-0.21644,0,0,0,0,0
0.99678,0.036347,1.2669,-0.24831,-0.019936,-0.0092964,0.9763,-0.21644,0,0,0,0,0
0.99593,0.040861,1.2691,-0.24699,-0.022713,-0.010591,0.9763,-0.21644,0,0,0,0,0
0.99498,0.045365,1.2712,-0.24551,-0.025462,-0.011873,0.9763,-0.21644,0,0,0,0,0
0.99393,0.049858,1.2732,-0.24386,-0.02818,-0.013141,0.9763,-0.21644,0,0,0,0,0
0.99278,0.054339,1.2753,-0.24206,-0.030864,-0.014392,0.9763,-0.21644,0,0,0,0,0
0.99154,0.058806,1.2774,-0.24009,-0.03351,-0.015626,0.9763,-0.21644,0,0,0,0,0
0.99021,0.063258,1.2795,-0.23798,-0.036116,-0.016841,0.9763,-0.21644,0,0,0,0,0
0.98878,0.067696,1.2816,-0.23571,-0.038679,-0.018036,0.9763,-0.21644,0,0,0,0,0
0.98726,0.072116,1.2836,-0.2333,-0.041196,-0.01921,0.9763,-0.21644,0,0,0,0,0
0.98564,0.076519,1.2857,-0.23075,-0.043664,-0.020361,0.9763,-0.21644,0,0,0,0,0
0.98393,0.080904,1.2877,-0.22806,-0.046082,-0.021488,0.9763,-0.21644,0,0,0,0,0
0.98214,0.08527,1.2898,-0.22525,-0.048446,-0.022591,0.9763,-0.21644,0,0,0,0,0
0.98025,0.089615,1.2918,-0.2223,-0.050755,-0.023667,0.9763,-0.21644,0,0,0,0,0
0.97828,0.093939,1.2938,-0.21924,-0.053006,-0.024717,0.9763,-0.21644,0,0,0,0,0
0.97622,0.09824,1.2958,-0.21607,-0.055198,-0.025739,0.9763,-0.21644,0,0,0,0,0
0.97407,0.10252,1.2978,-0.21279,-0.057329,-0.026733,0.9763,-0.21644,0,0,0,0,0
0.97184,0.10677,1.2998,-0.2094,-0.059397,-0.027697,0.9763,-0.21644,0,0,0,0,0
0.96953,0.11101,1.3018,-0.20592,-0.061401,-0.028632,0.9763,-0.21644,0,0,0,0,0
0.96714,0.11521,1.3037,-0.20235,-0.063339,-0.029536,0.9763,-0.21644,0,0,0,0,0
0.96467,0.11939,1.3057,-0.19869,-0.065211,-0.030408,0.9763,-0.21644,0,0,0,0,0
0.96212,0.12354,1.3076,-0.19496,-0.067015,-0.03125,0.9763,-0.21644,0,0,0,0,0
0.95949,0.12767,1.3095,-0.19115,-0.068751,-0.032059,0.9763,-0.21644,0,0,0,0,0
0.95679,0.13176,1.3114,-0.18727,-0.070417,-0.032836,0.9763,-0.21644,0,0,0,0,0
0.95402,0.13583,1.3133,-0.18334,-0.072014,-0.033581,0.9763,-0.21644,0,0,0,0,0
0.95117,0.13987,1.3152,-0.17935,-0.073541,-0.034293,0.9763,-0.21644,0,0,0,0,0
0.94826,0.14388,1.3171,-0.17532,-0.074997,-0.034971,0.9763,-0.21644,0,0,0,0,0
0.94527,0.14786,1.3189,-0.17124,-0.076382,-0.035618,0.9763,-0.21644,0,0,0,0,0
0.94222,0.1518,1.3208,-0.16712,-0.077697,-0.036231,0.9763,-0.21644,0,0,0,0,0
0.9391,0.15572,1.3226,-0.16297,-0.078942,-0.036811,0.9763,-0.21644,0,0,0,0,0
0.93592,0.1596,1.3244,-0.1588,-0.080116,-0.037359,0.9763,-0.21644,0,0,0,0,0
0.93268,0.16345,1.3262,-0.15461,-0.08122,-0.037874,0.9763,-0.21644,0,0,0,0,0
0.92938,0.16727,1.328,-0.15041,-0.082255,-0.038356,0.9763,-0.21644,0,0,0,0,0
0.92602,0.17105,1.3298,-0.14619,-0.083222,-0.038807,0.9763,-0.21644,0,0,0,0,0
0.9226,0.17481,1.3315,-0.14197,-0.08412,-0.039226,0.9763,-0.21644,0,0,0,0,0
0.91913,0.17852,1.3332,-0.13776,-0.084951,-0.039613,0.9763,-0.21644,0,0,0,0,0
0.9156,0.1822,1.335,-0.13354,-0.085716,-0.03997,0.9763,-0.21644,0,0,0,0,0
0.91203,0.18585,1.3367,-0.12934,-0.086415,-0.040296,0.9763,-0.21644,0,0,0,0,0
0.9084,0.18947,1.3383,-0.12516,-0.087049,-0.040592,0.9763,-0.21644,0,0,0,0,0
0.90472,0.19304,1.34,-0.12099,-0.087621,-0.040858,0.9763,-0.21644,0,0,0,0,0
0.901,0.19659,1.3417,-0.11684,-0.08813,-0.041096,0.9763,-0.21644,0,0,0,0,0
0.89723,0.20009,1.3433,-0.11273,-0.088579,-0.041305,0.9763,-0.21644,0,0,0,0,0
0.89342,0.20357,1.3449,-0.10864,-0.088968,-0.041486,0.9763,-0.21644,0,0,0,0,0
0.88957,0.207,1.3465,-0.10459,-0.089299,-0.041641,0.9763,-0.21644,0,0,0,0,0
0.88567,0.2104,1.3481,-0.10058,-0.089573,-0.041769,0.9763,-0.21644,0,0,0,0,0
0.88174,0.21377,1.3497,-0.096604,-0.089792,-0.041871,0.9763,-0.21644,0,0,0,0,0
0.87777,0.2171,1.3512,-0.092675,-0.089957,-0.041948,0.9763,-0.21644,0,0,0,0,0
0.87377,0.22039,1.3528,-0.088793,-0.09007,-0.042,0.9763,-0.21644,0,0,0,0,0
0.86973,0.22364,1.3543,-0.08496,-0.090133,-0.042029,0.9763,-0.21644,0,0,0,0,0
0.86566,0.22686,1.3558,-0.081179,-0.090146,-0.042036,0.9763,-0.21644,0,0,0,0,0
0.86156,0.23005,1.3573,-0.077453,-0.090111,-0.042019,0.9763,-0.21644,0,0,0,0,0
0.85742,0.2332,1.3587,-0.073782,-0.09003,-0.041982,0.9763,-0.21644,0,0,0,0,0
0.85326,0.23631,1.3602,-0.070169,-0.089906,-0.041924,0.9763,-0.21644,0,0,0,0,0
0.84908,0.23939,1.3616,-0.066616,-0.089738,-0.041845,0.9763,-0.21644,0,0,0,0,0
0.84487,0.24243,1.363,-0.063124,-0.089529,-0.041748,0.9763,-0.21644,0,0,0,0,0
0.84063,0.24543,1.3644,-0.059695,-0.089281,-0.041632,0.9763,-0.21644,0,0,0,0,0
0.83637,0.2484,1.3658,-0.05633,-0.088994,-0.041499,0.9763,-0.21644,0,0,0,0,0
0.83209,0.25133,1.3672,-0.05303,-0.088672,-0.041348,0.9763,-0.21644,0,0,0,0,0
0.8278,0.25423,1.3686,-0.049796,-0.088314,-0.041182,0.9763,-0.21644,0,0,0,0,0
0.82348,0.2571,1.3699,-0.046629,-0.087923,-0.040999,0.9763,-0.21644,0,0,0,0,0
0.81914,0.25992,1.3712,-0.043529,-0.087501,-0.040802,0.9763,-0.21644,0,0,0,0,0
0.81479,0.26272,1.3725,-0.040498,-0.087048,-0.040591,0.9763,-0.21644,0,0,0,0,0
0.81042,0.26548,1.3738,-0.037534,-0.086567,-0.040367,0.9763,-0.21644,0,0,0,0,0
0.80604,0.2682,1.3751,-0.03464,-0.086058,-0.04013,0.9763,-0.21644,0,0,0,0,0
0.80165,0.27089,1.3763,-0.031814,-0.085524,-0.03988,0.9763,-0.21644,0,0,0,0,0
0.79725,0.27355,1.3776,-0.029057,-0.084965,-0.03962,0.9763,-0.21644,0,0,0,0,0
0.79283,0.27617,1.3788,-0.02637,-0.084383,-0.039349,0.9763,-0.21644,0,0,0,0,0
0.78841,0.27876,1.38,-0.023751,-0.08378,-0.039067,0.9763,-0.21644,0,0,0,0,0
0.78397,0.28132,1.3812,-0.021201,-0.083156,-0.038776,0.9763,-0.21644,0,0,0,0,0
0.77953,0.28384,1.3824,-0.018719,-0.082514,-0.038477,0.9763,-0.21644,0,0,0,0,0
0.77509,0.28633,1.3835,-0.016305,-0.081853,-0.038169,0.9763,-0.21644,0,0,0,0,0
0.77063,0.28879,1.3847,-0.013959,-0.081176,-0.037853,0.9763,-0.21644,0,0,0,0,0
0.76618,0.29121,1.3858,-0.01168,-0.080484,-0.03753,0.9763,-0.21644,0,0,0,0,0
0.76171,0.2936,1.3869,-0.009467,-0.079778,-0.037201,0.9763,-0.21644,0,0,0,0,0
0.75725,0.29597,1.388,-0.0073199,-0.079058,-0.036866,0.9763,-0.21644,0,0,0,0,0
0.75278,0.2983,1.3891,-0.0052378,-0.078327,-0.036524,0.9763,-0.21644,0,0,0,0,0
0.74832,0.3006,1.3902,-0.00322,-0.077585,-0.036178,0.9763,-0.21644,0,0,0,0,0
0.74385,0.30286,1.3912,-0.0012657,-0.076833,-0.035828,0.9763,-0.21644,0,0,0,0,0
0.73938,0.3051,1.3923,0.00062606,-0.076071,-0.035473,0.9763,-0.21644,0,0,0,0,0
0.73491,0.30731,1.3933,0.0024561,-0.075302,-0.035114,0.9763,-0.21644,0,0,0,0,0
0.73045,0.30949,1.3943,0.0042253,-0.074526,-0.034752,0.9763,-0.21644,0,0,0,0,0
0.72599,0.31164,1.3953,0.0059346,-0.073744,-0.034387,0.9763,-0.21644,0,0,0,0,0
0.72153,0.31376,1.3963,0.0075852,-0.072956,-0.03402,0.9763,-0.21644,0,0,0,0,0
0.71707,0.31585,1.3973,0.0091779,-0.072164,-0.033651,0.9763,-0.21644,0,0,0,0,0
0.71262,0.31791,1.3982,0.010714,-0.071368,-0.033279,0.9763,-0.21644,0,0,0,0,0
0.70817,0.31994,1.3992,0.012194,-0.070569,-0.032907,0.9763,-0.21644,0,0,0,0,0
0.70373,0.32195,1.4001,0.01362,-0.069767,-0.032533,0.9763,-0.21644,0,0,0,0,0
0.6993,0.32393,1.4011,0.014991,-0.068964,-0.032159,0.9763,-0.21644,0,0,0,0,0
0.69487,0.32588,1.402,0.016311,-0.06816,-0.031784,0.9763,-0.21644,0,0,0,0,0
0.69044,0.3278,1.4029,0.017579,-0.067356,-0.031408,0.9763,-0.21644,0,0,0,0,0
0.68603,0.3297,1.4037,0.018797,-0.066551,-0.031033,0.9763,-0.21644,0,0,0,0,0
0.68162,0.33157,1.4046,0.019965,-0.065748,-0.030659,0.9763,-0.21644,0,0,0,0,0
0.67723,0.33342,1.4055,0.021086,-0.064946,-0.030285,0.9763,-0.21644,0,0,0,0,0
0.67284,0.33524,1.4063,0.02216,-0.064145,-0.029911,0.9763,-0.21644,0,0,0,0,0
0.66846,0.33703,1.4072,0.023188,-0.063347,-0.029539,0.9763,-0.21644,0,0,0,0,0
0.66409,0.3388,1.408,0.024171,-0.062552,-0.029168,0.9763,-0.21644,0,0,0,0,0
0.65973,0.34055,1.4088,0.02511,-0.061759,-0.028799,0.9763,-0.21644,0,0,0,0,0
0.65538,0.34227,1.4096,0.026007,-0.060971,-0.028431,0.9763,-0.21644,0,0,0,0,0
0.65104,0.34396,1.4104,0.026863,-0.060186,-0.028065,0.9763,-0.21644,0,0,0,0,0
0.64671,0.34564,1.4112,0.027678,-0.059405,-0.027701,0.9763,-0.21644,0,0,0,0,0
0.64239,0.34729,1.4119,0.028454,-0.058629,-0.027339,0.9763,-0.21644,0,0,0,0,0
0.63809,0.34891,1.4127,0.029192,-0.057858,-0.02698,0.9763,-0.21644,0,0,0,0,0
0.6338,0.35051,1.4134,0.029893,-0.057092,-0.026623,0.9763,-0.21644,0,0,0,0,0
0.62952,0.35209,1.4142,0.030557,-0.056332,-0.026268,0.9763,-0.21644,0,0,0,0,0
0.62525,0.35365,1.4149,0.031187,-0.055577,-0.025916,0.9763,-0.21644,0,0,0,0,0
0.62099,0.35519,1.4156,0.031782,-0.054829,-0.025567,0.9763,-0.21644,0,0,0,0,0
0.61675,0.3567,1.4163,0.032344,-0.054086,-0.025221,0.9763,-0.21644,0,0,0,0,0
0.61252,0.3582,1.417,0.032874,-0.05335,-0.024878,0.9763,-0.21644,0,0,0,0,0
0.6083,0.35967,1.4177,0.033373,-0.052621,-0.024538,0.9763,-0.21644,0,0,0,0,0
0.6041,0.36112,1.4184,0.033841,-0.051898,-0.024201,0.9763,-0.21644,0,0,0,0,0
0.59991,0.36255,1.4191,0.034281,-0.051182,-0.023867,0.9763,-0.21644,0,0,0,0,0
0.59574,0.36396,1.4197,0.034691,-0.050474,-0.023536,0.9763,-0.21644,0,0,0,0,0
0.59158,0.36535,1.4204,0.035074,-0.049772,-0.023209,0.9763,-0.21644,0,0,0,0,0
0.58743,0.36673,1.421,0.035431,-0.049078,-0.022885,0.9763,-0.21644,0,0,0,0,0
0.5833,0.36808,1.4216,0.035762,-0.048391,-0.022565,0.9763,-0.21644,0,0,0,0,0
0.57918,0.36941,1.4223,0.036067,-0.047712,-0.022248,0.9763,-0.21644,0,0,0,0,0
0.57508,0.37072,1.4229,0.036349,-0.04704,-0.021935,0.9763,-0.21644,0,0,0,0,0
0.57099,0.37202,1.4235,0.036607,-0.046376,-0.021625,0.9763,-0.21644,0,0,0,0,0
0.56692,0.3733,1.4241,0.036842,-0.045719,-0.021319,0.9763,-0.21644,0,0,0,0,0
0.56286,0.37456,1.4247,0.037056,-0.045071,-0.021017,0.9763,-0.21644,0,0,0,0,0
0.55881,0.3758,1.4252,0.037249,-0.04443,-0.020718,0.9763,-0.21644,0,0,0,0,0
0.55478,0.37702,1.4258,0.037421,-0.043797,-0.020423,0.9763,-0.21644,0,0,0,0,0
0.55077,0.37823,1.4264,0.037573,-0.043172,-0.020131,0.9763,-0.21644,0,0,0,0,0
0.54677,0.37942,1.4269,0.037707,-0.042554,-0.019843,0.9763,-0.21644,0,0,0,0,0
0.54279,0.38059,1.4275,0.037822,-0.041945,-0.019559,0.9763,-0.21644,0,0,0,0,0
0.53882,0.38175,1.428,0.037919,-0.041343,-0.019279,0.9763,-0.21644,0,0,0,0,0
0.53486,0.38289,1.4285,0.038,-0.04075,-0.019002,0.9763,-0.21644,0,0,0,0,0
0.53092,0.38401,1.4291,0.038064,-0.040164,-0.018729,0.9763,-0.21644,0,0,0,0,0
0.527,0.38512,1.4296,0.038112,-0.039586,-0.018459,0.9763,-0.21644,0,0,0,0,0
0.52309,0.38621,1.4301,0.038145,-0.039016,-0.018194,0.9763,-0.21644,0,0,0,0,0
0.5192,0.38729,1.4306,0.038164,-0.038454,-0.017931,0.9763,-0.21644,0,0,0,0,0
0.51532,0.38835,1.4311,0.038168,-0.037899,-0.017673,0.9763,-0.21644,0,0,0,0,0
0.51146,0.3894,1.4316,0.038159,-0.037353,-0.017418,0.9763,-0.21644,0,0,0,0,0
0.50761,0.39043,1.4321,0.038136,-0.036814,-0.017167,0.9763,-0.21644,0,0,0,0,0
0.50378,0.39145,1.4325,0.038102,-0.036282,-0.016919,0.9763,-0.21644,0,0,0,0,0
0.49997,0.39245,1.433,0.038055,-0.035759,-0.016675,0.9763,-0.21644,0,0,0,0,0
0.49616,0.39344,1.4335,0.037996,-0.035243,-0.016434,0.9763,-0.21644,0,0,0,0,0
0.49238,0.39442,1.4339,0.037927,-0.034734,-0.016197,0.9763,-0.21644,0,0,0,0,0
0.48861,0.39538,1.4344,0.037847,-0.034233,-0.015963,0.9763,-0.21644,0,0,0,0,0
0.48485,0.39633,1.4348,0.037757,-0.033739,-0.015733,0.9763,-0.21644,0,0,0,0,0
0.48111,0.39726,1.4352,0.037657,-0.033253,-0.015506,0.9763,-0.21644,0,0,0,0,0
0.47738,0.39818,1.4357,0.037547,-0.032774,-0.015283,0.9763,-0.21644,0,0,0,0,0
0.47367,0.39909,1.4361,0.037429,-0.032302,-0.015063,0.9763,-0.21644,0,0,0,0,0
0.46998,0.39999,1.4365,0.037302,-0.031837,-0.014846,0.9763,-0.21644,0,0,0,0,0
0.4663,0.40087,1.4369,0.037167,-0.031379,-0.014632,0.9763,-0.21644,0,0,0,0,0
0.46263,0.40174,1.4373,0.037024,-0.030929,-0.014422,0.9763,-0.21644,0,0,0,0,0
0.45898,0.4026,1.4377,0.036873,-0.030485,-0.014215,0.9763,-0.21644,0,0,0,0,0
0.45534,0.40345,1.4381,0.036716,-0.030048,-0.014012,0.9763,-0.21644,0,0,0,0,0
0.45172,0.40429,1.4385,0.036551,-0.029618,-0.013811,0.9763,-0.21644,0,0,0,0,0
0.44811,0.40511,1.4389,0.03638,-0.029194,-0.013614,0.9763,-0.21644,0,0,0,0,0
0.44452,0.40592,1.4393,0.036203,-0.028778,-0.013419,0.9763,-0.21644,0,0,0,0,0
0.44094,0.40672,1.4397,0.03602,-0.028368,-0.013228,0.9763,-0.21644,0,0,0,0,0
0.43738,0.40751,1.44,0.035831,-0.027964,-0.01304,0.9763,-0.21644,0,0,0,0,0
0.43383,0.40829,1.4404,0.035637,-0.027567,-0.012854,0.9763,-0.21644,0,0,0,0,0
0.43029,0.40906,1.4407,0.035437,-0.027176,-0.012672,0.9763,-0.21644,0,0,0,0,0
0.42677,0.40981,1.4411,0.035233,-0.026791,-0.012493,0.9763,-0.21644,0,0,0,0,0
0.42326,0.41056,1.4414,0.035025,-0.026412,-0.012316,0.9763,-0.21644,0,0,0,0,0
0.41977,0.4113,1.4418,0.034812,-0.02604,-0.012143,0.9763,-0.21644,0,0,0,0,0
0.41629,0.41202,1.4421,0.034594,-0.025673,-0.011972,0.9763,-0.21644,0,0,0,0,0
0.41282,0.41274,1.4425,0.034373,-0.025313,-0.011804,0.9763,-0.21644,0,0,0,0,0
0.40937,0.41344,1.4428,0.034149,-0.024958,-0.011638,0.9763,-0.21644,0,0,0,0,0
0.40593,0.41414,1.4431,0.03392,-0.024609,-0.011476,0.9763,-0.21644,0,0,0,0,0
0.4025,0.41483,1.4434,0.033689,-0.024266,-0.011315,0.9763,-0.21644,0,0,0,0,0
0.39909,0.4155,1.4438,0.033454,-0.023929,-0.011158,0.9763,-0.21644,0,0,0,0,0
0.39569,0.41617,1.4441,0.033217,-0.023597,-0.011003,0.9763,-0.21644,0,0,0,0,0
0.39231,0.41683,1.4444,0.032977,-0.02327,-0.010851,0.9763,-0.21644,0,0,0,0,0
0.38893,0.41748,1.4447,0.032734,-0.022949,-0.010701,0.9763,-0.21644,0,0,0,0,0
0.38557,0.41811,1.445,0.032489,-0.022633,-0.010554,0.9763,-0.21644,0,0,0,0,0
0.38223,0.41875,1.4453,0.032241,-0.022322,-0.010409,0.9763,-0.21644,0,0,0,0,0
0.37889,0.41937,1.4456,0.031992,-0.022017,-0.010267,0.9763,-0.21644,0,0,0,0,0
0.37557,0.41998,1.4458,0.03174,-0.021716,-0.010127,0.9763,-0.21644,0,0,0,0,0
0.37226,0.42058,1.4461,0.031487,-0.021421,-0.0099888,0.9763,-0.21644,0,0,0,0,0
0.36897,0.42118,1.4464,0.031232,-0.021131,-0.0098533,0.9763,-0.21644,0,0,0,0,0
0.36568,0.42177,1.4467,0.030976,-0.020845,-0.0097202,0.9763,-0.21644,0,0,0,0,0
0.36241,0.42235,1.4469,0.030718,-0.020564,-0.0095892,0.9763,-0.21644,0,0,0,0,0
0.35915,0.42292,1.4472,0.030459,-0.020288,-0.0094605,0.9763,-0.21644,0,0,0,0,0
0.35591,0.42348,1.4475,0.030199,-0.020017,-0.0093339,0.9763,-0.21644,0,0,0,0,0
0.35267,0.42404,1.4477,0.029938,-0.01975,-0.0092095,0.9763,-0.21644,0,0,0,0,0
0.34945,0.42459,1.448,0.029676,-0.019487,-0.0090871,0.9763,-0.21644,0,0,0,0,0
0.34624,0.42513,1.4482,0.029413,-0.01923,-0.0089669,0.9763,-0.21644,0,0,0,0,0
0.34304,0.42566,1.4485,0.029149,-0.018976,-0.0088486,0.9763,-0.21644,0,0,0,0,0
0.33985,0.42618,1.4487,0.028884,-0.018727,-0.0087324,0.9763,-0.21644,0,0,0,0,0
0.33667,0.4267,1.449,0.028619,-0.018482,-0.0086182,0.9763,-0.21644,0,0,0,0,0
0.3335,0.42721,1.4492,0.028354,-0.018241,-0.0085059,0.9763,-0.21644,0,0,0,0,0
0.33035,0.42771,1.4494,0.028088,-0.018004,-0.0083955,0.9763,-0.21644,0,0,0,0,0
0.32721,0.42821,1.4497,0.027822,-0.017771,-0.008287,0.9763,-0.21644,0,0,0,0,0
0.32407,0.4287,1.4499,0.027555,-0.017543,-0.0081803,0.9763,-0.21644,0,0,0,0,0
0.32095,0.42918,1.4501,0.027289,-0.017318,-0.0080755,0.9763,-0.21644,0,0,0,0,0
0.31784,0.42965,1.4504,0.027022,-0.017097,-0.0079725,0.9763,-0.21644,0,0,0,0,0
0.31474,0.43012,1.4506,0.026755,-0.01688,-0.0078713,0.9763,-0.21644,0,0,0,0,0
0.31165,0.43058,1.4508,0.026488,-0.016667,-0.0077717,0.9763,-0.21644,0,0,0,0,0
0.30858,0.43104,1.451,0.026222,-0.016457,-0.007674,0.9763,-0.21644,0,0,0,0,0
0.30551,0.43149,1.4512,0.025955,-0.016251,-0.0075779,0.9763,-0.21644,0,0,0,0,0
0.30245,0.43193,1.4514,0.025689,-0.016048,-0.0074834,0.9763,-0.21644,0,0,0,0,0
0.2994,0.43237,1.4516,0.025423,-0.015849,-0.0073906,0.9763,-0.21644,0,0,0,0,0
0.29636,0.4328,1.4518,0.025157,-0.015654,-0.0072994,0.9763,-0.21644,0,0,0,0,0
0.29334,0.43322,1.452,0.024891,-0.015462,-0.0072098,0.9763,-0.21644,0,0,0,0,0
0.29032,0.43364,1.4522,0.024626,-0.015273,-0.0071218,0.9763,-0.21644,0,0,0,0,0
0.28731,0.43405,1.4524,0.024362,-0.015087,-0.0070353,0.9763,-0.21644,0,0,0,0,0
0.28431,0.43445,1.4526,0.024097,-0.014905,-0.0069503,0.9763,-0.21644,0,0,0,0,0
0.28132,0.43485,1.4528,0.023834,-0.014726,-0.0068668,0.9763,-0.21644,0,0,0,0,0
0.27834,0.43525,1.453,0.02357,-0.01455,-0.0067848,0.9763,-0.21644,0,0,0,0,0
0.27537,0.43563,1.4531,0.023308,-0.014377,-0.0067042,0.9763,-0.21644,0,0,0,0,0
0.27241,0.43602,1.4533,0.023046,-0.014207,-0.006625,0.9763,-0.21644,0,0,0,0,0
0.26946,0.43639,1.4535,0.022784,-0.01404,-0.0065472,0.9763,-0.21644,0,0,0,0,0
0.26651,0.43676,1.4537,0.022524,-0.013877,-0.0064708,0.9763,-0.21644,0,0,0,0,0
0.26358,0.43713,1.4538,0.022264,-0.013716,-0.0063957,0.9763,-0.21644,0,0,0,0,0
0.26066,0.43749,1.454,0.022004,-0.013558,-0.006322,0.9763,-0.21644,0,0,0,0,0
0.25774,0.43784,1.4542,0.021745,-0.013402,-0.0062496,0.9763,-0.21644,0,0,0,0,0
0.25483,0.43819,1.4543,0.021488,-0.01325,-0.0061785,0.9763,-0.21644,0,0,0,0,0
0.25193,0.43854,1.4545,0.02123,-0.0131,-0.0061086,0.9763,-0.21644,0,0,0,0,0
0.24904,0.43888,1.4547,0.020974,-0.012953,-0.00604,0.9763,-0.21644,0,0,0,0,0
0.24616,0.43921,1.4548,0.020718,-0.012808,-0.0059727,0.9763,-0.21644,0,0,0,0,0
0.24328,0.43954,1.455,0.020464,-0.012667,-0.0059065,0.9763,-0.21644,0,0,0,0,0
0.24042,0.43986,1.4551,0.02021,-0.012527,-0.0058416,0.9763,-0.21644,0,0,0,0,0
0.23756,0.44018,1.4553,0.019957,-0.012391,-0.0057778,0.9763,-0.21644,0,0,0,0,0
0.23471,0.4405,1.4554,0.019704,-0.012256,-0.0057152,0.9763,-0.21644,0,0,0,0,0
0.23186,0.4408,1.4556,0.019453,-0.012124,-0.0056537,0.9763,-0.21644,0,0,0,0,0
0.22903,0.44111,1.4557,0.019203,-0.011995,-0.0055934,0.9763,-0.21644,0,0,0,0,0
0.2262,0.44141,1.4558,0.018953,-0.011868,-0.0055341,0.9763,-0.21644,0,0,0,0,0
0.22338,0.4417,1.456,0.018704,-0.011743,-0.0054759,0.9763,-0.21644,0,0,0,0,0
0.22057,0.44199,1.4561,0.018456,-0.011621,-0.0054189,0.9763,-0.21644,0,0,0,0,0
0.21776,0.44228,1.4562,0.01821,-0.011501,-0.0053628,0.9763,-0.21644,0,0,0,0,0
0.21496,0.44256,1.4564,0.017963,-0.011383,-0.0053079,0.9763,-0.21644,0,0,0,0,0
0.21217,0.44284,1.4565,0.017718,-0.011267,-0.0052539,0.9763,-0.21644,0,0,0,0,0
0.20939,0.44311,1.4566,0.017474,-0.011153,-0.0052009,0.9763,-0.21644,0,0,0,0,0
0.20661,0.44338,1.4567,0.017231,-0.011042,-0.005149,0.9763,-0.21644,0,0,0,0,0
0.20384,0.44364,1.4569,0.016989,-0.010933,-0.005098,0.9763,-0.21644,0,0,0,0,0
0.20108,0.4439,1.457,0.016747,-0.010826,-0.005048,0.9763,-0.21644,0,0,0,0,0
0.19832,0.44415,1.4571,0.016507,-0.01072,-0.004999,0.9763,-0.21644,0,0,0,0,0
0.19557,0.4444,1.4572,0.016267,-0.010617,-0.0049509,0.9763,-0.21644,0,0,0,0,0
0.19282,0.44465,1.4573,0.016028,-0.010516,-0.0049037,0.9763,-0.21644,0,0,0,0,0
0.19009,0.44489,1.4575,0.01579,-0.010417,-0.0048574,0.9763,-0.21644,0,0,0,0,0
0.18735,0.44513,1.4576,0.015554,-0.010319,-0.004812,0.9763,-0.21644,0,0,0,0,0
0.18463,0.44536,1.4577,0.015318,-0.010224,-0.0047675,0.9763,-0.21644,0,0,0,0,0
0.18191,0.44559,1.4578,0.015083,-0.010131,-0.0047239,0.9763,-0.21644,0,0,0,0,0
0.1792,0.44582,1.4579,0.014848,-0.010039,-0.0046812,0.9763,-0.21644,0,0,0,0,0
0.17649,0.44604,1.458,0.014615,-0.009949,-0.0046393,0.9763,-0.21644,0,0,0,0,0
0.17379,0.44626,1.4581,0.014383,-0.0098609,-0.0045982,0.9763,-0.21644,0,0,0,0,0
0.17109,0.44647,1.4582,0.014151,-0.0097747,-0.004558,0.9763,-0.21644,0,0,0,0,0
0.1684,0.44668,1.4583,0.013921,-0.0096902,-0.0045186,0.9763,-0.21644,0,0,0,0,0
0.16571,0.44689,1.4584,0.013691,-0.0096074,-0.00448,0.9763,-0.21644,0,0,0,0,0
0.16303,0.44709,1.4585,0.013462,-0.0095263,-0.0044422,0.9763,-0.21644,0,0,0,0,0
0.16036,0.44729,1.4586,0.013234,-0.0094469,-0.0044051,0.9763,-0.21644,0,0,0,0,0
0.15769,0.44748,1.4587,0.013007,-0.0093691,-0.0043689,0.9763,-0.21644,0,0,0,0,0
0.15502,0.44768,1.4588,0.012781,-0.009293,-0.0043334,0.9763,-0.21644,0,0,0,0,0
0.15236,0.44786,1.4588,0.012555,-0.0092185,-0.0042987,0.9763,-0.21644,0,0,0,0,0
0.14971,0.44805,1.4589,0.01233,-0.0091456,-0.0042647,0.9763,-0.21644,0,0,0,0,0
0.14706,0.44823,1.459,0.012107,-0.0090743,-0.0042314,0.9763,-0.21644,0,0,0,0,0
0.14442,0.4484,1.4591,0.011883,-0.0090045,-0.0041989,0.9763,-0.21644,0,0,0,0,0
0.14177,0.44858,1.4592,0.011661,-0.0089363,-0.0041671,0.9763,-0.21644,0,0,0,0,0
0.13914,0.44875,1.4593,0.01144,-0.0088696,-0.004136,0.9763,-0.21644,0,0,0,0,0
0.13651,0.44891,1.4593,0.011219,-0.0088044,-0.0041056,0.9763,-0.21644,0,0,0,0,0
0.13388,0.44907,1.4594,0.010999,-0.0087407,-0.0040759,0.9763,-0.21644,0,0,0,0,0
0.13126,0.44923,1.4595,0.01078,-0.0086784,-0.0040468,0.9763,-0.21644,0,0,0,0,0
0.12864,0.44939,1.4596,0.010562,-0.0086176,-0.0040185,0.9763,-0.21644,0,0,0,0,0
0.12603,0.44954,1.4596,0.010344,-0.0085583,-0.0039908,0.9763,-0.21644,0,0,0,0,0
0.12342,0.44969,1.4597,0.010127,-0.0085003,-0.0039638,0.9763,-0.21644,0,0,0,0,0
0.12081,0.44983,1.4598,0.0099105,-0.0084438,-0.0039374,0.9763,-0.21644,0,0,0,0,0
0.11821,0.44998,1.4598,0.009695,-0.0083886,-0.0039117,0.9763,-0.21644,0,0,0,0,0
0.11561,0.45012,1.4599,0.0094801,-0.0083348,-0.0038866,0.9763,-0.21644,0,0,0,0,0
0.11302,0.45025,1.46,0.0092659,-0.0082824,-0.0038621,0.9763,-0.21644,0,0,0,0,0
0.11042,0.45038,1.46,0.0090523,-0.0082313,-0.0038383,0.9763,-0.21644,0,0,0,0,0
0.10784,0.45051,1.4601,0.0088394,-0.0081815,-0.0038151,0.9763,-0.21644,0,0,0,0,0
0.10525,0.45064,1.4601,0.0086271,-0.008133,-0.0037925,0.9763,-0.21644,0,0,0,0,0
0.10267,0.45076,1.4602,0.0084154,-0.0080859,-0.0037705,0.9763,-0.21644,0,0,0,0,0
0.10009,0.45088,1.4602,0.0082044,-0.00804,-0.0037491,0.9763,-0.21644,0,0,0,0,0
0.09752,0.45099,1.4603,0.0079939,-0.0079954,-0.0037283,0.9763,-0.21644,0,0,0,0,0
0.094949,0.45111,1.4604,0.0077841,-0.0079521,-0.0037081,0.9763,-0.21644,0,0,0,0,0
0.092381,0.45122,1.4604,0.0075747,-0.00791,-0.0036885,0.9763,-0.21644,0,0,0,0,0
0.089816,0.45132,1.4605,0.007366,-0.0078691,-0.0036694,0.9763,-0.21644,0,0,0,0,0
0.087254,0.45143,1.4605,0.0071578,-0.0078295,-0.003651,0.9763,-0.21644,0,0,0,0,0
0.084694,0.45153,1.4605,0.0069501,-0.0077911,-0.0036331,0.9763,-0.21644,0,0,0,0,0
0.082137,0.45162,1.4606,0.0067429,-0.007754,-0.0036157,0.9763,-0.21644,0,0,0,0,0
0.079583,0.45172,1.4606,0.0065363,-0.007718,-0.003599,0.9763,-0.21644,0,0,0,0,0
0.077032,0.45181,1.4607,0.0063301,-0.0076832,-0.0035827,0.9763,-0.21644,0,0,0,0,0
0.074482,0.4519,1.4607,0.0061244,-0.0076496,-0.0035671,0.9763,-0.21644,0,0,0,0,0
0.071936,0.45198,1.4608,0.0059191,-0.0076171,-0.0035519,0.9763,-0.21644,0,0,0,0,0
0.069391,0.45206,1.4608,0.0057143,-0.0075858,-0.0035373,0.9763,-0.21644,0,0,0,0,0
0.066849,0.45214,1.4608,0.0055099,-0.0075557,-0.0035233,0.9763,-0.21644,0,0,0,0,0
0.064308,0.45222,1.4609,0.0053059,-0.0075267,-0.0035098,0.9763,-0.21644,0,0,0,0,0
0.06177,0.45229,1.4609,0.0051023,-0.0074989,-0.0034968,0.9763,-0.21644,0,0,0,0,0
0.059234,0.45236,1.4609,0.0048992,-0.0074722,-0.0034843,0.9763,-0.21644,0,0,0,0,0
0.0567,0.45242,1.461,0.0046963,-0.0074466,-0.0034724,0.9763,-0.21644,0,0,0,0,0
0.054167,0.45249,1.461,0.0044939,-0.0074221,-0.003461,0.9763,-0.21644,0,0,0,0,0
0.051636,0.45255,1.461,0.0042917,-0.0073987,-0.0034501,0.9763,-0.21644,0,0,0,0,0
0.049107,0.45261,1.4611,0.00409,-0.0073765,-0.0034397,0.9763,-0.21644,0,0,0,0,0
0.046579,0.45266,1.4611,0.0038885,-0.0073553,-0.0034298,0.9763,-0.21644,0,0,0,0,0
0.044053,0.45271,1.4611,0.0036873,-0.0073353,-0.0034205,0.9763,-0.21644,0,0,0,0,0
0.041529,0.45276,1.4611,0.0034864,-0.0073163,-0.0034116,0.9763,-0.21644,0,0,0,0,0
0.039005,0.45281,1.4611,0.0032857,-0.0072984,-0.0034033,0.9763,-0.21644,0,0,0,0,0
0.036483,0.45285,1.4612,0.0030853,-0.0072816,-0.0033954,0.9763,-0.21644,0,0,0,0,0
0.033962,0.45289,1.4612,0.0028852,-0.0072658,-0.0033881,0.9763,-0.21644,0,0,0,0,0
0.031442,0.45293,1.4612,0.0026852,-0.0072511,-0.0033813,0.9763,-0.21644,0,0,0,0,0
0.028923,0.45296,1.4612,0.0024855,-0.0072375,-0.0033749,0.9763,-0.21644,0,0,0,0,0
0.026405,0.453,1.4612,0.0022859,-0.007225,-0.0033691,0.9763,-0.21644,0,0,0,0,0
0.023887,0.45302,1.4612,0.0020866,-0.0072135,-0.0033637,0.9763,-0.21644,0,0,0,0,0
0.021371,0.45305,1.4613,0.0018874,-0.007203,-0.0033588,0.9763,-0.21644,0,0,0,0,0
0.018855,0.45307,1.4613,0.0016883,-0.0071936,-0.0033544,0.9763,-0.21644,0,0,0,0,0
0.01634,0.45309,1.4613,0.0014894,-0.0071853,-0.0033506,0.9763,-0.21644,0,0,0,0,0
0.013825,0.45311,1.4613,0.0012906,-0.007178,-0.0033472,0.9763,-0.21644,0,0,0,0,0
0.011311,0.45312,1.4613,0.0010919,-0.0071717,-0.0033442,0.9763,-0.21644,0,0,0,0,0
0.008797,0.45314,1.4613,0.00089322,-0.0071665,-0.0033418,0.9763,-0.21644,0,0,0,0,0
0.0062834,0.45314,1.4613,0.00069465,-0.0071624,-0.0033399,0.9763,-0.21644,0,0,0,0,0
0.00377,0.45315,1.4613,0.00049614,-0.0071593,-0.0033384,0.9763,-0.21644,0,0,0,0,0
0.0012566,0.45315,1.4613,0.00029767,-0.0071572,-0.0033374,0.9763,-0.21644,0,0,0,0,0
-0.0012566,0.45315,1.4613,9.9221e-05,-0.0071561,-0.003337,0.9763,-0.21644,0,0,0,0,0
-0.00377,0.45315,1.4613,-9.9221e-05,-0.0071561,-0.003337,0.9763,-0.21644,0,0,0,0,0
-0.0062834,0.45314,1.4613,-0.00029767,-0.0071572,-0.0033374,0.9763,-0.21644,0,0,0,0,0
-0.008797,0.45314,1.4613,-0.00049614,-0.0071593,-0.0033384,0.9763,-0.21644,0,0,0,0,0
-0.011311,0.45312,1.4613,-0.00069465,-0.0071624,-0.0033399,0.9763,-0.21644,0,0,0,0,0
-0.013825,0.45311,1.4613,-0.00089322,-0.0071665,-0.0033418,0.9763,-0.21644,0,0,0,0,0
-0.01634,0.45309,1.4613,-0.0010919,-0.0071717,-0.0033442,0.9763,-0.21644,0,0,0,0,0
-0.018855,0.45307,1.4613,-0.0012906,-0.007178,-0.0033472,0.9763,-0.21644,0,0,0,0,0
-0.021371,0.45305,1.4613,-0.0014894,-0.0071853,-0.0033506,0.9763,-0.21644,0,0,0,0,0
-0.023887,0.45302,1.4612,-0.0016883,-0.0071936,-0.0033544,0.9763,-0.21644,0,0,0,0,0
-0.026405,0.453,1.4612,-0.0018874,-0.007203,-0.0033588,0.9763,-0.21644,0,0,0,0,0
-0.028923,0.45296,1.4612,-0.0020866,-0.0072135,-0.0033637,0.9763,-0.21644,0,0,0,0,0
-0.031442,0.45293,1.4612,-0.0022859,-0.007225,-0.0033691,0.9763,-0.21644,0,0,0,0,0
-0.033962,0.45289,1.4612,-0.0024855,-0.0072375,-0.0033749,0.9763,-0.21644,0,0,0,0,0
-0.036483,0.45285,1.4612,-0.0026852,-0.0072511,-0.0033813,0.9763,-0.21644,0,0,0,0,0
-0.039005,0.45281,1.4611,-0.0028852,-0.0072658,-0.0033881,0.9763,-0.21644,0,0,0,0,0
-0.041529,0.45276,1.4611,-0.0030853,-0.0072816,-0.0033954,0.9763,-0.21644,0,0,0,0,0
-0.044053,0.45271,1.4611,-0.0032857,-0.0072984,-0.0034033,0.9763,-0.21644,0,0,0,0,0
-0.046579,0.45266,1.4611,-0.0034864,-0.0073163,-0.0034116,0.9763,-0.21644,0,0,0,0,0
-0.049107,0.45261,1.4611,-0.0036873,-0.0073353,-0.0034205,0.9763,-0.21644,0,0,0,0,0
-0.051636,0.45255,1.461,-0.0038885,-0.0073553,-0.0034298,0.9763,-0.21644,0,0,0,0,0
-0.054167,0.45249,1.461,-0.00409,-0.0073765,-0.0034397,0.9763,-0.21644,0,0,0,0,0
-0.0567,0.45242,1.461,-0.0042917,-0.0073987,-0.0034501,0.9763,-0.21644,0,0,0,0,0
-0.059234,0.45236,1.4609,-0.0044939,-0.0074221,-0.003461,0.9763,-0.21644,0,0,0,0,0
-0.06177,0.45229,1.4609,-0.0046963,-0.0074466,-0.0034724,0.9763,-0.21644,0,0,0,0,0
-0.064308,0.45222,1.4609,-0.0048992,-0.0074722,-0.0034843,0.9763,-0.21644,0,0,0,0,0
-0.066849,0.45214,1.4608,-0.0051023,-0.0074989,-0.0034968,0.9763,-0.21644,0,0,0,0,0
-0.069391,0.45206,1.4608,-0.0053059,-0.0075267,-0.0035098,0.9763,-0.21644,0,0,0,0,0
-0.071936,0.45198,1.4608,-0.0055099,-0.0075557,-0.0035233,0.9763,-0.21644,0,0,0,0,0
-0.074482,0.4519,1.4607,-0.0057143,-0.0075858,-0.0035373,0.9763,-0.21644,0,0,0,0,0
-0.077032,0.45181,1.4607,-0.0059191,-0.0076171,-0.0035519,0.9763,-0.21644,0,0,0,0,0
-0.079583,0.45172,1.4606,-0.0061244,-0.0076496,-0.0035671,0.9763,-0.21644,0,0,0,0,0
-0.082137,0.45162,1.4606,-0.0063301,-0.0076832,-0.0035827,0.9763,-0.21644,0,0,0,0,0
-0.084694,0.45153,1.4605,-0.0065363,-0.007718,-0.003599,0.9763,-0.21644,0,0,0,0,0
-0.087254,0.45143,1.4605,-0.0067429,-0.007754,-0.0036157,0.9763,-0.21644,0,0,0,0,0
-0.089816,0.45132,1.4605,-0.0069501,-0.0077911,-0.0036331,0.9763,-0.21644,0,0,0,0,0
-0.092381,0.45122,1.4604,-0.0071578,-0.0078295,-0.003651,0.9763,-0.21644,0,0,0,0,0
-0.094949,0.45111,1.4604,-0.007366,-0.0078691,-0.0036694,0.9763,-0.21644,0,0,0,0,0
-0.09752,0.45099,1.4603,-0.0075747,-0.00791,-0.0036885,0.9763,-0.21644,0,0,0,0,0
-0.10009,0.45088,1.4602,-0.0077841,-0.0079521,-0.0037081,0.9763,-0.21644,0,0,0,0,0
-0.10267,0.45076,1.4602,-0.0079939,-0.0079954,-0.0037283,0.9763,-0.21644,0,0,0,0,0
-0.10525,0.45064,1.4601,-0.0082044,-0.00804,-0.0037491,0.9763,-0.21644,0,0,0,0,0
-0.10784,0.45051,1.4601,-0.0084154,-0.0080859,-0.0037705,0.9763,-0.21644,0,0,0,0,0
-0.11042,0.45038,1.46,-0.0086271,-0.008133,-0.0037925,0.9763,-0.21644,0,0,0,0,0
-0.11302,0.45025,1.46,-0.0088394,-0.0081815,-0.0038151,0.9763,-0.21644,0,0,0,0,0
-0.11561,0.45012,1.4599,-0.0090523,-0.0082313,-0.0038383,0.9763,-0.21644,0,0,0,0,0
-0.11821,0.44998,1.4598,-0.0092659,-0.0082824,-0.0038621,0.9763,-0.21644,0,0,0,0,0
-0.12081,0.44983,1.4598,-0.0094801,-0.0083348,-0.0038866,0.9763,-0.21644,0,0,0,0,0
-0.12342,0.44969,1.4597,-0.009695,-0.0083886,-0.0039117,0.9763,-0.21644,0,0,0,0,0
-0.12603,0.44954,1.4596,-0.0099105,-0.0084438,-0.0039374,0.9763,-0.21644,0,0,0,0,0
-0.12864,0.44939,1.4596,-0.010127,-0.0085003,-0.0039638,0.9763,-0.21644,0,0,0,0,0
-0.13126,0.44923,1.4595,-0.010344,-0.0085583,-0.0039908,0.9763,-0.21644,0,0,0,0,0
-0.13388,0.44907,1.4594,-0.010562,-0.0086176,-0.0040185,0.9763,-0.21644,0,0,0,0,0
-0.13651,0.44891,1.4593,-0.01078,-0.0086784,-0.0040468,0.9763,-0.21644,0,0,0,0,0
-0.13914,0.44875,1.4593,-0.010999,-0.0087407,-0.0040759,0.9763,-0.21644,0,0,0,0,0
-0.14177,0.44858,1.4592,-0.011219,-0.0088044,-0.0041056,0.9763,-0.21644,0,0,0,0,0
-0.14442,0.4484,1.4591,-0.01144,-0.0088696,-0.004136,0.9763,-0.21644,0,0,0,0,0
-0.14706,0.44823,1.459,-0.011661,-0.0089363,-0.0041671,0.9763,-0.21644,0,0,0,0,0
-0.14971,0.44805,1.4589,-0.011883,-0.0090045,-0.0041989,0.9763,-0.21644,0,0,0,0,0
-0.15236,0.44786,1.4588,-0.012107,-0.0090743,-0.0042314,0.9763,-0.21644,0,0,0,0,0
-0.15502,0.44768,1.4588,-0.01233,-0.0091456,-0.0042647,0.9763,-0.21644,0,0,0,0,0
-0.15769,0.44748,1.4587,-0.012555,-0.0092185,-0.0042987,0.9763,-0.21644,0,0,0,0,0
-0.16036,0.44729,1.4586,-0.012781,-0.009293,-0.0043334,0.9763,-0.21644,0,0,0,0,0
-0.16303,0.44709,1.4585,-0.013007,-0.0093691,-0.0043689,0.9763,-0.21644,0,0,0,0,0
-0.16571,0.44689,1.4584,-0.013234,-0.0094469,-0.0044051,0.9763,-0.21644,0,0,0,0,0
-0.1684,0.44668,1.4583,-0.013462,-0.0095263,-0.0044422,0.9763,-0.21644,0,0,0,0,0
-0.17109,0.44647,1.4582,-0.013691,-0.0096074,-0.00448,0.9763,-0.21644,0,0,0,0,0
-0.17379,0.44626,1.4581,-0.013921,-0.0096902,-0.0045186,0.9763,-0.21644,0,0,0,0,0
-0.17649,0.44604,1.458,-0.014151,-0.0097747,-0.004558,0.9763,-0.21644,0,0,0,0,0
-0.1792,0.44582,1.4579,-0.014383,-0.0098609,-0.0045982,0.9763,-0.21644,0,0,0,0,0
-0.18191,0.44559,1.4578,-0.014615,-0.009949,-0.0046393,0.9763,-0.21644,0,0,0,0,0
-0.18463,0.44536,1.4577,-0.014848,-0.010039,-0.0046812,0.9763,-0.21644,0,0,0,0,0
-0.18735,0.44513,1.4576,-0.015083,-0.010131,-0.0047239,0.9763,-0.21644,0,0,0,0,0
-0.19009,0.44489,1.4575,-0.015318,-0.010224,-0.0047675,0.9763,-0.21644,0,0,0,0,0
-0.19282,0.44465,1.4573,-0.015554,-0.010319,-0.004812,0.9763,-0.21644,0,0,0,0,0
-0.19557,0.4444,1.4572,-0.01579,-0.010417,-0.0048574,0.9763,-0.21644,0,0,0,0,0
-0.19832,0.44415,1.4571,-0.016028,-0.010516,-0.0049037,0.9763,-0.21644,0,0,0,0,0
-0.20108,0.4439,1.457,-0.016267,-0.010617,-0.0049509,0.9763,-0.21644,0,0,0,0,0
-0.20384,0.44364,1.4569,-0.016507,-0.01072,-0.004999,0.9763,-0.21644,0,0,0,0,0
-0.20661,0.44338,1.4567,-0.016747,-0.010826,-0.005048,0.9763,-0.21644,0,0,0,0,0
-0.20939,0.44311,1.4566,-0.016989,-0.010933,-0.005098,0.9763,-0.21644,0,0,0,0,0
-0.21217,0.44284,1.4565,-0.017231,-0.011042,-0.005149,0.9763,-0.21644,0,0,0,0,0
-0.21496,0.44256,1.4564,-0.017474,-0.011153,-0.0052009,0.9763,-0.21644,0,0,0,0,0
-0.21776,0.44228,1.4562,-0.017718,-0.011267,-0.0052539,0.9763,-0.21644,0,0,0,0,0
-0.22057,0.44199,1.4561,-0.017963,-0.011383,-0.0053079,0.9763,-0.21644,0,0,0,0,0
-0.22338,0.4417,1.456,-0.01821,-0.011501,-0.0053628,0.9763,-0.21644,0,0,0,0,0
-0.2262,0.44141,1.4558,-0.018456,-0.011621,-0.0054189,0.9763,-0.21644,0,0,0,0,0
-0.22903,0.44111,1.4557,-0.018704,-0.011743,-0.0054759,0.9763,-0.21644,0,0,0,0,0
-0.23186,0.4408,1.4556,-0.018953,-0.011868,-0.0055341,0.9763,-0.21644,0,0,0,0,0
-0.23471,0.4405,1.4554,-0.019203,-0.011995,-0.0055934,0.9763,-0.21644,0,0,0,0,0
-0.23756,0.44018,1.4553,-0.019453,-0.012124,-0.0056537,0.9763,-0.21644,0,0,0,0,0
-0.24042,0.43986,1.4551,-0.019704,-0.012256,-0.0057152,0.9763,-0.21644,0,0,0,0,0
-0.24328,0.43954,1.455,-0.019957,-0.012391,-0.0057778,0.9763,-0.21644,0,0,0,0,0
-0.24616,0.43921,1.4548,-0.02021,-0.012527,-0.0058416,0.9763,-0.21644,0,0,0,0,0
-0.24904,0.43888,1.4547,-0.020464,-0.012667,-0.0059065,0.9763,-0.21644,0,0,0,0,0
-0.25193,0.43854,1.4545,-0.020718,-0.012808,-0.0059727,0.9763,-0.21644,0,0,0,0,0
-0.25483,0.43819,1.4543,-0.020974,-0.012953,-0.00604,0.9763,-0.21644,0,0,0,0,0
-0.25774,0.43784,1.4542,-0.02123,-0.0131,-0.0061086,0.9763,-0.21644,0,0,0,0,0
-0.26066,0.43749,1.454,-0.021488,-0.01325,-0.0061785,0.9763,-0.21644,0,0,0,0,0
-0.26358,0.43713,1.4538,-0.021745,-0.013402,-0.0062496,0.9763,-0.21644,0,0,0,0,0
-0.26651,0.43676,1.4537,-0.022004,-0.013558,-0.006322,0.9763,-0.21644,0,0,0,0,0
-0.26946,0.43639,1.4535,-0.022264,-0.013716,-0.0063957,0.9763,-0.21644,0,0,0,0,0
-0.27241,0.43602,1.4533,-0.022524,-0.013877,-0.0064708,0.9763,-0.21644,0,0,0,0,0
-0.27537,0.43563,1.4531,-0.022784,-0.01404,-0.0065472,0.9763,-0.21644,0,0,0,0,0
-0.27834,0.43525,1.453,-0.023046,-0.014207,-0.006625,0.9763,-0.21644,0,0,0,0,0
-0.28132,0.43485,1.4528,-0.023308,-0.014377,-0.0067042,0.9763,-0.21644,0,0,0,0,0
-0.28431,0.43445,1.4526,-0.02357,-0.01455,-0.0067848,0.9763,-0.21644,0,0,0,0,0
-0.28731,0.43405,1.4524,-0.023834,-0.014726,-0.0068668,0.9763,-0.21644,0,0,0,0,0
-0.29032,0.43364,1.4522,-0.024097,-0.014905,-0.0069503,0.9763,-0.21644,0,0,0,0,0
-0.29334,0.43322,1.452,-0.024362,-0.015087,-0.0070353,0.9763,-0.21644,0,0,0,0,0
-0.29636,0.4328,1.4518,-0.024626,-0.015273,-0.0071218,0.9763,-0.21644,0,0,0,0,0
-0.2994,0.43237,1.4516,-0.024891,-0.015462,-0.0072098,0.9763,-0.21644,0,0,0,0,0
-0.30245,0.43193,1.4514,-0.025157,-0.015654,-0.0072994,0.9763,-0.21644,0,0,0,0,0
-0.30551,0.43149,1.4512,-0.025423,-0.015849,-0.0073906,0.9763,-0.21644,0,0,0,0,0
-0.30858,0.43104,1.451,-0.025689,-0.016048,-0.0074834,0.9763,-0.21644,0,0,0,0,0
-0.31165,0.43058,1.4508,-0.025955,-0.016251,-0.0075779,0.9763,-0.21644,0,0,0,0,0
-0.31474,0.43012,1.4506,-0.026222,-0.016457,-0.007674,0.9763,-0.21644,0,0,0,0,0
-0.31784,0.42965,1.4504,-0.026488,-0.016667,-0.0077717,0.9763,-0.21644,0,0,0,0,0
-0.32095,0.42918,1.4501,-0.026755,-0.01688,-0.0078713,0.9763,-0.21644,0,0,0,0,0
-0.32407,0.4287,1.4499,-0.027022,-0.017097,-0.0079725,0.9763,-0.21644,0,0,0,0,0
-0.32721,0.42821,1.4497,-0.027289,-0.017318,-0.0080755,0.9763,-0.21644,0,0,0,0,0
-0.33035,0.42771,1.4494,-0.027555,-0.017543,-0.0081803,0.9763,-0.21644,0,0,0,0,0
-0.3335,0.42721,1.4492,-0.027822,-0.017771,-0.008287,0.9763,-0.21644,0,0,0,0,0
-0.33667,0.4267,1.449,-0.028088,-0.018004,-0.0083955,0.9763,-0.21644,0,0,0,0,0
-0.33985,0.42618,1.4487,-0.028354,-0.018241,-0.0085059,0.9763,-0.21644,0,0,0,0,0
-0.34304,0.42566,1.4485,-0.028619,-0.018482,-0.0086182,0.9763,-0.21644,0,0,0,0,0
-0.34624,0.42513,1.4482,-0.028884,-0.018727,-0.0087324,0.9763,-0.21644,0,0,0,0,0
-0.34945,0.42459,1.448,-0.029149,-0.018976,-0.0088486,0.9763,-0.21644,0,0,0,0,0
-0.35267,0.42404,1.4477,-0.029413,-0.01923,-0.0089669,0.9763,-0.21644,0,0,0,0,0
-0.35591,0.42348,1.4475,-0.029676,-0.019487,-0.0090871,0.9763,-0.21644,0,0,0,0,0
-0.35915,0.42292,1.4472,-0.029938,-0.01975,-0.0092095,0.9763,-0.21644,0,0,0,0,0
-0.36241,0.42235,1.4469,-0.030199,-0.020017,-0.0093339,0.9763,-0.21644,0,0,0,0,0
-0.36568,0.42177,1.4467,-0.030459,-0.020288,-0.0094605,0.9763,-0.21644,0,0,0,0,0
-0.36897,0.42118,1.4464,-0.030718,-0.020564,-0.0095892,0.9763,-0.21644,0,0,0,0,0
-0.37226,0.42058,1.4461,-0.030976,-0.020845,-0.0097202,0.9763,-0.21644,0,0,0,0,0
-0.37557,0.41998,1.4458,-0.031232,-0.021131,-0.0098533,0.9763,-0.21644,0,0,0,0,0
-0.37889,0.41937,1.4456,-0.031487,-0.021421,-0.0099888,0.9763,-0.21644,0,0,0,0,0
-0.38223,0.41875,1.4453,-0.03174,-0.021716,-0.010127,0.9763,-0.21644,0,0,0,0,0
-0.38557,0.41811,1.445,-0.031992,-0.022017,-0.010267,0.9763,-0.21644,0,0,0,0,0
-0.38893,0.41748,1.4447,-0.032241,-0.022322,-0.010409,0.9763,-0.21644,0,0,0,0,0
-0.39231,0.41683,1.4444,-0.032489,-0.022633,-0.010554,0.9763,-0.21644,0,0,0,0,0
-0.39569,0.41617,1.4441,-0.032734,-0.022949,-0.010701,0.9763,-0.21644,0,0,0,0,0
-0.39909,0.4155,1.4438,-0.032977,-0.02327,-0.010851,0.9763,-0.21644,0,0,0,0,0
-0.4025,0.41483,1.4434,-0.033217,-0.023597,-0.011003,0.9763,-0.21644,0,0,0,0,0
-0.40593,0.41414,1.4431,-0.033454,-0.023929,-0.011158,0.9763,-0.21644,0,0,0,0,0
-0.40937,0.41344,1.4428,-0.033689,-0.024266,-0.011315,0.9763,-0.21644,0,0,0,0,0
-0.41282,0.41274,1.4425,-0.03392,-0.024609,-0.011476,0.9763,-0.21644,0,0,0,0,0
-0.41629,0.41202,1.4421,-0.034149,-0.024958,-0.011638,0.9763,-0.21644,0,0,0,0,0
-0.41977,0.4113,1.4418,-0.034373,-0.025313,-0.011804,0.9763,-0.21644,0,0,0,0,0
-0.42326,0.41056,1.4414,-0.034594,-0.025673,-0.011972,0.9763,-0.21644,0,0,0,0,0
-0.42677,0.40981,1.4411,-0.034812,-0.02604,-0.012143,0.9763,-0.21644,0,0,0,0,0
-0.43029,0.40906,1.4407,-0.035025,-0.026412,-0.012316,0.9763,-0.21644,0,0,0,0,0
-0.43383,0.40829,1.4404,-0.035233,-0.026791,-0.012493,0.9763,-0.21644,0,0,0,0,0
-0.43738,0.40751,1.44,-0.035437,-0.027176,-0.012672,0.9763,-0.21644,0,0,0,0,0
-0.44094,0.40672,1.4397,-0.035637,-0.027567,-0.012854,0.9763,-0.21644,0,0,0,0,0
-0.44452,0.40592,1.4393,-0.035831,-0.027964,-0.01304,0.9763,-0.21644,0,0,0,0,0
-0.44811,0.40511,1.4389,-0.03602,-0.028368,-0.013228,0.9763,-0.21644,0,0,0,0,0
-0.45172,0.40429,1.4385,-0.036203,-0.028778,-0.013419,0.9763,-0.21644,0,0,0,0,0
-0.45534,0.40345,1.4381,-0.03638,-0.029194,-0.013614,0.9763,-0.21644,0,0,0,0,0
-0.45898,0.4026,1.4377,-0.036551,-0.029618,-0.013811,0.9763,-0.21644,0,0,0,0,0
-0.46263,0.40174,1.4373,-0.036716,-0.030048,-0.014012,0.9763,-0.21644,0,0,0,0,0
-0.4663,0.40087,1.4369,-0.036873,-0.030485,-0.014215,0.9763,-0.21644,0,0,0,0,0
-0.46998,0.39999,1.4365,-0.037024,-0.030929,-0.014422,0.9763,-0.21644,0,0,0,0,0
-0.47367,0.39909,1.4361,-0.037167,-0.031379,-0.014632,0.9763,-0.21644,0,0,0,0,0
-0.47738,0.39818,1.4357,-0.037302,-0.031837,-0.014846,0.9763,-0.21644,0,0,0,0,0
-0.48111,0.39726,1.4352,-0.037429,-0.032302,-0.015063,0.9763,-0.21644,0,0,0,0,0
-0.48485,0.39633,1.4348,-0.037547,-0.032774,-0.015283,0.9763,-0.21644,0,0,0,0,0
-0.48861,0.39538,1.4344,-0.037657,-0.033253,-0.015506,0.9763,-0.21644,0,0,0,0,0
-0.49238,0.39442,1.4339,-0.037757,-0.033739,-0.015733,0.9763,-0.21644,0,0,0,0,0
-0.49616,0.39344,1.4335,-0.037847,-0.034233,-0.015963,0.9763,-0.21644,0,0,0,0,0
-0.49997,0.39245,1.433,-0.037927,-0.034734,-0.016197,0.9763,-0.21644,0,0,0,0,0
-0.50378,0.39145,1.4325,-0.037996,-0.035243,-0.016434,0.9763,-0.21644,0,0,0,0,0
-0.50761,0.39043,1.4321,-0.038055,-0.035759,-0.016675,0.9763,-0.21644,0,0,0,0,0
-0.51146,0.3894,1.4316,-0.038102,-0.036282,-0.016919,0.9763,-0.21644,0,0,0,0,0
-0.51532,0.38835,1.4311,-0.038136,-0.036814,-0.017167,0.9763,-0.21644,0,0,0,0,0
-0.5192,0.38729,1.4306,-0.038159,-0.037353,-0.017418,0.9763,-0.21644,0,0,0,0,0
-0.52309,0.38621,1.4301,-0.038168,-0.037899,-0.017673,0.9763,-0.21644,0,0,0,0,0
-0.527,0.38512,1.4296,-0.038164,-0.038454,-0.017931,0.9763,-0.21644,0,0,0,0,0
-0.53092,0.38401,1.4291,-0.038145,-0.039016,-0.018194,0.9763,-0.21644,0,0,0,0,0
-0.53486,0.38289,1.4285,-0.038112,-0.039586,-0.018459,0.9763,-0.21644,0,0,0,0,0
-0.53882,0.38175,1.428,-0.038064,-0.040164,-0.018729,0.9763,-0.21644,0,0,0,0,0
-0.54279,0.38059,1.4275,-0.038,-0.04075,-0.019002,0.9763,-0.21644,0,0,0,0,0
-0.54677,0.37942,1.4269,-0.037919,-0.041343,-0.019279,0.9763,-0.21644,0,0,0,0,0
-0.55077,0.37823,1.4264,-0.037822,-0.041945,-0.019559,0.9763,-0.21644,0,0,0,0,0
-0.55478,0.37702,1.4258,-0.037707,-0.042554,-0.019843,0.9763,-0.21644,0,0,0,0,0
-0.55881,0.3758,1.4252,-0.037573,-0.043172,-0.020131,0.9763,-0.21644,0,0,0,0,0
-0.56286,0.37456,1.4247,-0.037421,-0.043797,-0.020423,0.9763,-0.21644,0,0,0,0,0
-0.56692,0.3733,1.4241,-0.037249,-0.04443,-0.020718,0.9763,-0.21644,0,0,0,0,0
-0.57099,0.37202,1.4235,-0.037056,-0.045071,-0.021017,0.9763,-0.21644,0,0,0,0,0
-0.57508,0.37072,1.4229,-0.036842,-0.045719,-0.021319,0.9763,-0.21644,0,0,0,0,0
-0.57918,0.36941,1.4223,-0.036607,-0.046376,-0.021625,0.9763,-0.21644,0,0,0,0,0
-0.5833,0.36808,1.4216,-0.036349,-0.04704,-0.021935,0.9763,-0.21644,0,0,0,0,0
-0.58743,0.36673,1.421,-0.036067,-0.047712,-0.022248,0.9763,-0.21644,0,0,0,0,0
-0.59158,0.36535,1.4204,-0.035762,-0.048391,-0.022565,0.9763,-0.21644,0,0,0,0,0
-0.59574,0.36396,1.4197,-0.035431,-0.049078,-0.022885,0.9763,-0.21644,0,0,0,0,0
-0.59991,0.36255,1.4191,-0.035074,-0.049772,-0.023209,0.9763,-0.21644,0,0,0,0,0
-0.6041,0.36112,1.4184,-0.034691,-0.050474,-0.023536,0.9763,-0.21644,0,0,0,0,0
-0.6083,0.35967,1.4177,-0.034281,-0.051182,-0.023867,0.9763,-0.21644,0,0,0,0,0
-0.61252,0.3582,1.417,-0.033841,-0.051898,-0.024201,0.9763,-0.21644,0,0,0,0,0
-0.61675,0.3567,1.4163,-0.033373,-0.052621,-0.024538,0.9763,-0.21644,0,0,0,0,0
-0.62099,0.35519,1.4156,-0.032874,-0.05335,-0.024878,0.9763,-0.21644,0,0,0,0,0
-0.62525,0.35365,1.4149,-0.032344,-0.054086,-0.025221,0.9763,-0.21644,0,0,0,0,0
-0.62952,0.35209,1.4142,-0.031782,-0.054829,-0.025567,0.9763,-0.21644,0,0,0,0,0
-0.6338,0.35051,1.4134,-0.031187,-0.055577,-0.025916,0.9763,-0.21644,0,0,0,0,0
-0.63809,0.34891,1.4127,-0.030557,-0.056332,-0.026268,0.9763,-0.21644,0,0,0,0,0
-0.64239,0.34729,1.4119,-0.029893,-0.057092,-0.026623,0.9763,-0.21644,0,0,0,0,0
-0.64671,0.34564,1.4112,-0.029192,-0.057858,-0.02698,0.9763,-0.21644,0,0,0,0,0
-0.65104,0.34396,1.4104,-0.028454,-0.058629,-0.027339,0.9763,-0.21644,0,0,0,0,0
-0.65538,0.34227,1.4096,-0.027678,-0.059405,-0.027701,0.9763,-0.21644,0,0,0,0,0
-0.65973,0.34055,1.4088,-0.026863,-0.060186,-0.028065,0.9763,-0.21644,0,0,0,0,0
-0.66409,0.3388,1.408,-0.026007,-0.060971,-0.028431,0.9763,-0.21644,0,0,0,0,0
-0.66846,0.33703,1.4072,-0.02511,-0.061759,-0.028799,0.9763,-0.21644,0,0,0,0,0
-0.67284,0.33524,1.4063,-0.024171,-0.062552,-0.029168,0.9763,-0.21644,0,0,0,0,0
-0.67723,0.33342,1.4055,-0.023188,-0.063347,-0.029539,0.9763,-0.21644,0,0,0,0,0
-0.68162,0.33157,1.4046,-0.02216,-0.064145,-0.029911,0.9763,-0.21644,0,0,0,0,0
-0.68603,0.3297,1.4037,-0.021086,-0.064946,-0.030285,0.9763,-0.21644,0,0,0,0,0
-0.69044,0.3278,1.4029,-0.019965,-0.065748,-0.030659,0.9763,-0.21644,0,0,0,0,0
-0.69487,0.32588,1.402,-0.018797,-0.066551,-0.031033,0.9763,-0.21644,0,0,0,0,0
-0.6993,0.32393,1.4011,-0.017579,-0.067356,-0.031408,0.9763,-0.21644,0,0,0,0,0
-0.70373,0.32195,1.4001,-0.016311,-0.06816,-0.031784,0.9763,-0.21644,0,0,0,0,0
-0.70817,0.31994,1.3992,-0.014991,-0.068964,-0.032159,0.9763,-0.21644,0,0,0,0,0
-0.71262,0.31791,1.3982,-0.01362,-0.069767,-0.032533,0.9763,-0.21644,0,0,0,0,0
-0.71707,0.31585,1.3973,-0.012194,-0.070569,-0.032907,0.9763,-0.21644,0,0,0,0,0
-0.72153,0.31376,1.3963,-0.010714,-0.071368,-0.033279,0.9763,-0.21644,0,0,0,0,0
-0.72599,0.31164,1.3953,-0.0091779,-0.072164,-0.033651,0.9763,-0.21644,0,0,0,0,0
-0.73045,0.30949,1.3943,-0.0075852,-0.072956,-0.03402,0.9763,-0.21644,0,0,0,0,0
-0.73491,0.30731,1.3933,-0.0059346,-0.073744,-0.034387,0.9763,-0.21644,0,0,0,0,0
-0.73938,0.3051,1.3923,-0.0042253,-0.074526,-0.034752,0.9763,-0.21644,0,0,0,0,0
-0.74385,0.30286,1.3912,-0.0024561,-0.075302,-0.035114,0.9763,-0.21644,0,0,0,0,0
-0.74832,0.3006,1.3902,-0.00062606,-0.076071,-0.035473,0.9763,-0.21644,0,0,0,0,0
-0.75278,0.2983,1.3891,0.0012657,-0.076833,-0.035828,0.9763,-0.21644,0,0,0,0,0
-0.75725,0.29597,1.388,0.00322,-0.077585,-0.036178,0.9763,-0.21644,0,0,0,0,0
-0.76171,0.2936,1.3869,0.0052378,-0.078327,-0.036524,0.9763,-0.21644,0,0,0,0,0
-0.76618,0.29121,1.3858,0.0073199,-0.079058,-0.036866,0.9763,-0.21644,0,0,0,0,0
-0.77063,0.28879,1.3847,0.009467,-0.079778,-0.037201,0.9763,-0.21644,0,0,0,0,0
-0.77509,0.28633,1.3835,0.01168,-0.080484,-0.03753,0.9763,-0.21644,0,0,0,0,0
-0.77953,0.28384,1.3824,0.013959,-0.081176,-0.037853,0.9763,-0.21644,0,0,0,0,0
-0.78397,0.28132,1.3812,0.016305,-0.081853,-0.038169,0.9763,-0.21644,0,0,0,0,0
-0.78841,0.27876,1.38,0.018719,-0.082514,-0.038477,0.9763,-0.21644,0,0,0,0,0
-0.79283,0.27617,1.3788,0.021201,-0.083156,-0.038776,0.9763,-0.21644,0,0,0,0,0
-0.79725,0.27355,1.3776,0.023751,-0.08378,-0.039067,0.9763,-0.21644,0,0,0,0,0
-0.80165,0.27089,1.3763,0.02637,-0.084383,-0.039349,0.9763,-0.21644,0,0,0,0,0
-0.80604,0.2682,1.3751,0.029057,-0.084965,-0.03962,0.9763,-0.21644,0,0,0,0,0
-0.81042,0.26548,1.3738,0.031814,-0.085524,-0.03988,0.9763,-0.21644,0,0,0,0,0
-0.81479,0.26272,1.3725,0.03464,-0.086058,-0.04013,0.9763,-0.21644,0,0,0,0,0
-0.81914,0.25992,1.3712,0.037534,-0.086567,-0.040367,0.9763,-0.21644,0,0,0,0,0
-0.82348,0.2571,1.3699,0.040498,-0.087048,-0.040591,0.9763,-0.21644,0,0,0,0,0
-0.8278,0.25423,1.3686,0.043529,-0.087501,-0.040802,0.9763,-0.21644,0,0,0,0,0
-0.83209,0.25133,1.3672,0.046629,-0.087923,-0.040999,0.9763,-0.21644,0,0,0,0,0
-0.83637,0.2484,1.3658,0.049796,-0.088314,-0.041182,0.9763,-0.21644,0,0,0,0,0
-0.84063,0.24543,1.3644,0.05303,-0.088672,-0.041348,0.9763,-0.21644,0,0,0,0,0
-0.84487,0.24243,1.363,0.05633,-0.088994,-0.041499,0.9763,-0.21644,0,0,0,0,0
-0.84908,0.23939,1.3616,0.059695,-0.089281,-0.041632,0.9763,-0.21644,0,0,0,0,0
-0.85326,0.23631,1.3602,0.063124,-0.089529,-0.041748,0.9763,-0.21644,0,0,0,0,0
-0.85742,0.2332,1.3587,0.066616,-0.089738,-0.041845,0.9763,-0.21644,0,0,0,0,0
-0.86156,0.23005,1.3573,0.070169,-0.089906,-0.041924,0.9763,-0.21644,0,0,0,0,0
-0.86566,0.22686,1.3558,0.073782,-0.09003,-0.041982,0.9763,-0.21644,0,0,0,0,0
-0.86973,0.22364,1.3543,0.077453,-0.090111,-0.042019,0.9763,-0.21644,0,0,0,0,0
-0.87377,0.22039,1.3528,0.081179,-0.090146,-0.042036,0.9763,-0.21644,0,0,0,0,0
-0.87777,0.2171,1.3512,0.08496,-0.090133,-0.042029,0.9763,-0.21644,0,0,0,0,0
-0.88174,0.21377,1.3497,0.088793,-0.09007,-0.042,0.9763,-0.21644,0,0,0,0,0
-0.88567,0.2104,1.3481,0.092675,-0.089957,-0.041948,0.9763,-0.21644,0,0,0,0,0
-0.88957,0.207,1.3465,0.096604,-0.089792,-0.041871,0.9763,-0.21644,0,0,0,0,0
-0.89342,0.20357,1.3449,0.10058,-0.089573,-0.041769,0.9763,-0.21644,0,0,0,0,0
-0.89723,0.20009,1.3433,0.10459,-0.089299,-0.041641,0.9763,-0.21644,0,0,0,0,0
-0.901,0.19659,1.3417,0.10864,-0.088968,-0.041486,0.9763,-0.21644,0,0,0,0,0
-0.90472,0.19304,1.34,0.11273,-0.088579,-0.041305,0.9763,-0.21644,0,0,0,0,0
-0.9084,0.18947,1.3383,0.11684,-0.08813,-0.041096,0.9763,-0.21644,0,0,0,0,0
-0.91203,0.18585,1.3367,0.12099,-0.087621,-0.040858,0.9763,-0.21644,0,0,0,0,0
-0.9156,0.1822,1.335,0.12516,-0.087049,-0.040592,0.9763,-0.21644,0,0,0,0,0
-0.91913,0.17852,1.3332,0.12934,-0.086415,-0.040296,0.9763,-0.21644,0,0,0,0,0
-0.9226,0.17481,1.3315,0.13354,-0.085716,-0.03997,0.9763,-0.21644,0,0,0,0,0
-0.92602,0.17105,1.3298,0.13776,-0.084951,-0.039613,0.9763,-0.21644,0,0,0,0,0
-0.92938,0.16727,1.328,0.14197,-0.08412,-0.039226,0.9763,-0.21644,0,0,0,0,0
-0.93268,0.16345,1.3262,0.14619,-0.083222,-0.038807,0.9763,-0.21644,0,0,0,0,0
-0.93592,0.1596,1.3244,0.15041,-0.082255,-0.038356,0.9763,-0.21644,0,0,0,0,0
-0.9391,0.15572,1.3226,0.15461,-0.08122,-0.037874,0.9763,-0.21644,0,0,0,0,0
-0.94222,0.1518,1.3208,0.1588,-0.080116,-0.037359,0.9763,-0.21644,0,0,0,0,0
-0.94527,0.14786,1.3189,0.16297,-0.078942,-0.036811,0.9763,-0.21644,0,0,0,0,0
-0.94826,0.14388,1.3171,0.16712,-0.077697,-0.036231,0.9763,-0.21644,0,0,0,0,0
-0.95117,0.13987,1.3152,0.17124,-0.076382,-0.035618,0.9763,-0.21644,0,0,0,0,0
-0.95402,0.13583,1.3133,0.17532,-0.074997,-0.034971,0.9763,-0.21644,0,0,0,0,0
-0.95679,0.13176,1.3114,0.17935,-0.073541,-0.034293,0.9763,-0.21644,0,0,0,0,0
-0.95949,0.12767,1.3095,0.18334,-0.072014,-0.033581,0.9763,-0.21644,0,0,0,0,0
-0.96212,0.12354,1.3076,0.18727,-0.070417,-0.032836,0.9763,-0.21644,0,0,0,0,0
-0.96467,0.11939,1.3057,0.19115,-0.068751,-0.032059,0.9763,-0.21644,0,0,0,0,0
-0.96714,0.11521,1.3037,0.19496,-0.067015,-0.03125,0.9763,-0.21644,0,0,0,0,0
-0.96953,0.11101,1.3018,0.19869,-0.065211,-0.030408,0.9763,-0.21644,0,0,0,0,0
-0.97184,0.10677,1.2998,0.20235,-0.063339,-0.029536,0.9763,-0.21644,0,0,0,0,0
-0.97407,0.10252,1.2978,0.20592,-0.061401,-0.028632,0.9763,-0.21644,0,0,0,0,0
-0.97622,0.09824,1.2958,0.2094,-0.059397,-0.027697,0.9763,-0.21644,0,0,0,0,0
-0.97828,0.093939,1.2938,0.21279,-0.057329,-0.026733,0.9763,-0.21644,0,0,0,0,0
-0.98025,0.089615,1.2918,0.21607,-0.055198,-0.025739,0.9763,-0.21644,0,0,0,0,0
-0.98214,0.08527,1.2898,0.21924,-0.053006,-0.024717,0.9763,-0.21644,0,0,0,0,0
-0.98393,0.080904,1.2877,0.2223,-0.050755,-0.023667,0.9763,-0.21644,0,0,0,0,0
-0.98564,0.076519,1.2857,0.22525,-0.048446,-0.022591,0.9763,-0.21644,0,0,0,0,0
-0.98726,0.072116,1.2836,0.22806,-0.046082,-0.021488,0.9763,-0.21644,0,0,0,0,0
-0.98878,0.067696,1.2816,0.23075,-0.043664,-0.020361,0.9763,-0.21644,0,0,0,0,0
-0.99021,0.063258,1.2795,0.2333,-0.041196,-0.01921,0.9763,-0.21644,0,0,0,0,0
-0.99154,0.058806,1.2774,0.23571,-0.038679,-0.018036,0.9763,-0.21644,0,0,0,0,0
-0.99278,0.054339,1.2753,0.23798,-0.036116,-0.016841,0.9763,-0.21644,0,0,0,0,0
-0.99393,0.049858,1.2732,0.24009,-0.03351,-0.015626,0.9763,-0.21644,0,0,0,0,0
-0.99498,0.045365,1.2712,0.24206,-0.030864,-0.014392,0.9763,-0.21644,0,0,0,0,0
-0.99593,0.040861,1.2691,0.24386,-0.02818,-0.013141,0.9763,-0.21644,0,0,0,0,0
-0.99678,0.036347,1.2669,0.24551,-0.025462,-0.011873,0.9763,-0.21644,0,0,0,0,0
-0.99753,0.031824,1.2648,0.24699,-0.022713,-0.010591,0.9763,-0.21644,0,0,0,0,0
-0.99818,0.027292,1.2627,0.24831,-0.019936,-0.0092964,0.9763,-0.21644,0,0,0,0,0
-0.99874,0.022754,1.2606,0.24945,-0.017134,-0.0079899,0.9763,-0.21644,0,0,0,0,0
-0.99919,0.01821,1.2585,0.25042,-0.014311,-0.0066736,0.9763,-0.21644,0,0,0,0,0
-0.99955,0.013662,1.2564,0.25122,-0.011471,-0.0053489,0.9763,-0.21644,0,0,0,0,0
-0.9998,0.0091097,1.2542,0.25184,-0.0086156,-0.0040175,0.9763,-0.21644,0,0,0,0,0
-0.99995,0.0045554,1.2521,0.25229,-0.0057497,-0.0026811,0.9763,-0.21644,0,0,0,0,0
-1,1.1099e-16,1.25,0.25256,-0.0028767,-0.0013414,0.9763,-0.21644,0,0,0,0,0
-0.99995,-0.0045554,1.2479,0.25265,1.0061e-12,5.5511e-13,0.9763,-0.21644,0,0,0,0,0
-0.9998,-0.0091097,1.2458,0.25256,0.0028767,0.0013414,0.9763,-0.21644,0,0,0,0,0
-0.99955,-0.013662,1.2436,0.25229,0.0057497,0.0026811,0.9763,-0.21644,0,0,0,0,0
-0.99919,-0.01821,1.2415,0.25184,0.0086156,0.0040175,0.9763,-0.21644,0,0,0,0,0
-0.99874,-0.022754,1.2394,0.25122,0.011471,0.0053489,0.9763,-0.21644,0,0,0,0,0
-0.99818,-0.027292,1.2373,0.25042,0.014311,0.0066736,0.9763,-0.21644,0,0,0,0,0
-0.99753,-0.031824,1.2352,0.24945,0.017134,0.0079899,0.9763,-0.21644,0,0,0,0,0
-0.99678,-0.036347,1.2331,0.24831,0.019936,0.0092964,0.9763,-0.21644,0,0,0,0,0
-0.99593,-0.040861,1.2309,0.24699,0.022713,0.010591,0.9763,-0.21644,0,0,0,0,0
-0.99498,-0.045365,1.2288,0.24551,0.025462,0.011873,0.9763,-0.21644,0,0,0,0,0
-0.99393,-0.049858,1.2268,0.24386,0.02818,0.013141,0.9763,-0.21644,0,0,0,0,0
-0.99278,-0.054339,1.2247,0.24206,0.030864,0.014392,0.9763,-0.21644,0,0,0,0,0
-0.99154,-0.058806,1.2226,0.24009,0.03351,0.015626,0.9763,-0.21644,0,0,0,0,0
-0.99021,-0.063258,1.2205,0.23798,0.036116,0.016841,0.9763,-0.21644,0,0,0,0,0
-0.98878,-0.067696,1.2184,0.23571,0.038679,0.018036,0.9763,-0.21644,0,0,0,0,0
-0.98726,-0.072116,1.2164,0.2333,0.041196,0.01921,0.9763,-0.21644,0,0,0,0,0
-0.98564,-0.076519,1.2143,0.23075,0.043664,0.020361,0.9763,-0.21644,0,0,0,0,0
-0.98393,-0.080904,1.2123,0.22806,0.046082,0.021488,0.9763,-0.21644,0,0,0,0,0
-0.98214,-0.08527,1.2102,0.22525,0.048446,0.022591,0.9763,-0.21644,0,0,0,0,0
-0.98025,-0.089615,1.2082,0.2223,0.050755,0.023667,0.9763,-0.21644,0,0,0,0,0
-0.97828,-0.093939,1.2062,0.21924,0.053006,0.024717,0.9763,-0.21644,0,0,0,0,0
-0.97622,-0.09824,1.2042,0.21607,0.055198,0.025739,0.9763,-0.21644,0,0,0,0,0
-0.97407,-0.10252,1.2022,0.21279,0.057329,0.026733,0.9763,-0.21644,0,0,0,0,0
-0.97184,-0.10677,1.2002,0.2094,0.059397,0.027697,0.9763,-0.21644,0,0,0,0,0
-0.96953,-0.11101,1.1982,0.20592,0.061401,0.028632,0.9763,-0.21644,0,0,0,0,0
-0.96714,-0.11521,1.1963,0.20235,0.063339,0.029536,0.9763,-0.21644,0,0,0,0,0
-0.96467,-0.11939,1.1943,0.19869,0.065211,0.030408,0.9763,-0.21644,0,0,0,0,0
-0.96212,-0.12354,1.1924,0.19496,0.067015,0.03125,0.9763,-0.21644,0,0,0,0,0
-0.95949,-0.12767,1.1905,0.19115,0.068751,0.032059,0.9763,-0.21644,0,0,0,0,0
-0.95679,-0.13176,1.1886,0.18727,0.070417,0.032836,0.9763,-0.21644,0,0,0,0,0
-0.95402,-0.13583,1.1867,0.18334,0.072014,0.033581,0.9763,-0.21644,0,0,0,0,0
-0.95117,-0.13987,1.1848,0.17935,0.073541,0.034293,0.9763,-0.21644,0,0,0,0,0
-0.94826,-0.14388,1.1829,0.17532,0.074997,0.034971,0.9763,-0.21644,0,0,0,0,0
-0.94527,-0.14786,1.1811,0.17124,0.076382,0.035618,0.9763,-0.21644,0,0,0,0,0
-0.94222,-0.1518,1.1792,0.16712,0.077697,0.036231,0.9763,-0.21644,0,0,0,0,0
-0.9391,-0.15572,1.1774,0.16297,0.078942,0.036811,0.9763,-0.21644,0,0,0,0,0
-0.93592,-0.1596,1.1756,0.1588,0.080116,0.037359,0.9763,-0.21644,0,0,0,0,0
-0.93268,-0.16345,1.1738,0.15461,0.08122,0.037874,0.9763,-0.21644,0,0,0,0,0
-0.92938,-0.16727,1.172,0.15041,0.082255,0.038356,0.9763,-0.21644,0,0,0,0,0
-0.92602,-0.17105,1.1702,0.14619,0.083222,0.038807,0.9763,-0.21644,0,0,0,0,0
-0.9226,-0.17481,1.1685,0.14197,0.08412,0.039226,0.9763,-0.21644,0,0,0,0,0
-0.91913,-0.17852,1.1668,0.13776,0.084951,0.039613,0.9763,-0.21644,0,0,0,0,0
-0.9156,-0.1822,1.165,0.13354,0.085716,0.03997,0.9763,-0.21644,0,0,0,0,0
-0.91203,-0.18585,1.1633,0.12934,0.086415,0.040296,0.9763,-0.21644,0,0,0,0,0
-0.9084,-0.18947,1.1617,0.12516,0.087049,0.040592,0.9763,-0.21644,0,0,0,0,0
-0.90472,-0.19304,1.16,0.12099,0.087621,0.040858,0.9763,-0.21644,0,0,0,0,0
-0.901,-0.19659,1.1583,0.11684,0.08813,0.041096,0.9763,-0.21644,0,0,0,0,0
-0.89723,-0.20009,1.1567,0.11273,0.088579,0.041305,0.9763,-0.21644,0,0,0,0,0
-0.89342,-0.20357,1.1551,0.10864,0.088968,0.041486,0.9763,-0.21644,0,0,0,0,0
-0.88957,-0.207,1.1535,0.10459,0.089299,0.041641,0.9763,-0.21644,0,0,0,0,0
-0.88567,-0.2104,1.1519,0.10058,0.089573,0.041769,0.9763,-0.21644,0,0,0,0,0
-0.88174,-0.21377,1.1503,0.096604,0.089792,0.041871,0.9763,-0.21644,0,0,0,0,0
-0.87777,-0.2171,1.1488,0.092675,0.089957,0.041948,0.9763,-0.21644,0,0,0,0,0
-0.87377,-0.22039,1.1472,0.088793,0.09007,0.042,0.9763,-0.21644,0,0,0,0,0
-0.86973,-0.22364,1.1457,0.08496,0.090133,0.042029,0.9763,-0.21644,0,0,0,0,0
-0.86566,-0.22686,1.1442,0.081179,0.090146,0.042036,0.9763,-0.21644,0,0,0,0,0
-0.86156,-0.23005,1.1427,0.077453,0.090111,0.042019,0.9763,-0.21644,0,0,0,0,0
-0.85742,-0.2332,1.1413,0.073782,0.09003,0.041982,0.9763,-0.21644,0,0,0,0,0
-0.85326,-0.23631,1.1398,0.070169,0.089906,0.041924,0.9763,-0.21644,0,0,0,0,0
-0.84908,-0.23939,1.1384,0.066616,0.089738,0.041845,0.9763,-0.21644,0,0,0,0,0
-0.84487,-0.24243,1.137,0.063124,0.089529,0.041748,0.9763,-0.21644,0,0,0,0,0
-0.84063,-0.24543,1.1356,0.059695,0.089281,0.041632,0.9763,-0.21644,0,0,0,0,0
-0.83637,-0.2484,1.1342,0.05633,0.088994,0.041499,0.9763,-0.21644,0,0,0,0,0
-0.83209,-0.25133,1.1328,0.05303,0.088672,0.041348,0.9763,-0.21644,0,0,0,0,0
-0.8278,-0.25423,1.1314,0.049796,0.088314,0.041182,0.9763,-0.21644,0,0,0,0,0
-0.82348,-0.2571,1.1301,0.046629,0.087923,0.040999,0.9763,-0.21644,0,0,0,0,0
-0.81914,-0.25992,1.1288,0.043529,0.087501,0.040802,0.9763,-0.21644,0,0,0,0,0
-0.81479,-0.26272,1.1275,0.040498,0.087048,0.040591,0.9763,-0.21644,0,0,0,0,0
-0.81042,-0.26548,1.1262,0.037534,0.086567,0.040367,0.9763,-0.21644,0,0,0,0,0
-0.80604,-0.2682,1.1249,0.03464,0.086058,0.04013,0.9763,-0.21644,0,0,0,0,0
-0.80165,-0.27089,1.1237,0.031814,0.085524,0.03988,0.9763,-0.21644,0,0,0,0,0
-0.79725,-0.27355,1.1224,0.029057,0.084965,0.03962,0.9763,-0.21644,0,0,0,0,0
-0.79283,-0.27617,1.1212,0.02637,0.084383,0.039349,0.9763,-0.21644,0,0,0,0,0
-0.78841,-0.27876,1.12,0.023751,0.08378,0.039067,0.9763,-0.21644,0,0,0,0,0
-0.78397,-0.28132,1.1188,0.021201,0.083156,0.038776,0.9763,-0.21644,0,0,0,0,0
-0.77953,-0.28384,1.1176,0.018719,0.082514,0.038477,0.9763,-0.21644,0,0,0,0,0
-0.77509,-0.28633,1.1165,0.016305,0.081853,0.038169,0.9763,-0.21644,0,0,0,0,0
-0.77063,-0.28879,1.1153,0.013959,0.081176,0.037853,0.9763,-0.21644,0,0,0,0,0
-0.76618,-0.29121,1.1142,0.01168,0.080484,0.03753,0.9763,-0.21644,0,0,0,0,0
-0.76171,-0.2936,1.1131,0.009467,0.079778,0.037201,0.9763,-0.21644,0,0,0,0,0
-0.75725,-0.29597,1.112,0.0073199,0.079058,0.036866,0.9763,-0.21644,0,0,0,0,0
-0.75278,-0.2983,1.1109,0.0052378,0.078327,0.036524,0.9763,-0.21644,0,0,0,0,0
-0.74832,-0.3006,1.1098,0.00322,0.077585,0.036178,0.9763,-0.21644,0,0,0,0,0
-0.74385,-0.30286,1.1088,0.0012657,0.076833,0.035828,0.9763,-0.21644,0,0,0,0,0
-0.73938,-0.3051,1.1077,-0.00062606,0.076071,0.035473,0.9763,-0.21644,0,0,0,0,0
-0.73491,-0.30731,1.1067,-0.0024561,0.075302,0.035114,0.9763,-0.21644,0,0,0,0,0
-0.73045,-0.30949,1.1057,-0.0042253,0.074526,0.034752,0.9763,-0.21644,0,0,0,0,0
-0.72599,-0.31164,1.1047,-0.0059346,0.073744,0.034387,0.9763,-0.21644,0,0,0,0,0
-0.72153,-0.31376,1.1037,-0.0075852,0.072956,0.03402,0.9763,-0.21644,0,0,0,0,0
-0.71707,-0.31585,1.1027,-0.0091779,0.072164,0.033651,0.9763,-0.21644,0,0,0,0,0
-0.71262,-0.31791,1.1018,-0.010714,0.071368,0.033279,0.9763,-0.21644,0,0,0,0,0
-0.70817,-0.31994,1.1008,-0.012194,0.070569,0.032907,0.9763,-0.21644,0,0,0,0,0
-0.70373,-0.32195,1.0999,-0.01362,0.069767,0.032533,0.9763,-0.21644,0,0,0,0,0
-0.6993,-0.32393,1.0989,-0.014991,0.068964,0.032159,0.9763,-0.21644,0,0,0,0,0
-0.69487,-0.32588,1.098,-0.016311,0.06816,0.031784,0.9763,-0.21644,0,0,0,0,0
-0.69044,-0.3278,1.0971,-0.017579,0.067356,0.031408,0.9763,-0.21644,0,0,0,0,0
-0.68603,-0.3297,1.0963,-0.018797,0.066551,0.031033,0.9763,-0.21644,0,0,0,0,0
-0.68162,-0.33157,1.0954,-0.019965,0.065748,0.030659,0.9763,-0.21644,0,0,0,0,0
-0.67723,-0.33342,1.0945,-0.021086,0.064946,0.030285,0.9763,-0.21644,0,0,0,0,0
-0.67284,-0.33524,1.0937,-0.02216,0.064145,0.029911,0.9763,-0.21644,0,0,0,0,0
-0.66846,-0.33703,1.0928,-0.023188,0.063347,0.029539,0.9763,-0.21644,0,0,0,0,0
-0.66409,-0.3388,1.092,-0.024171,0.062552,0.029168,0.9763,-0.21644,0,0,0,0,0
-0.65973,-0.34055,1.0912,-0.02511,0.061759,0.028799,0.9763,-0.21644,0,0,0,0,0
-0.65538,-0.34227,1.0904,-0.026007,0.060971,0.028431,0.9763,-0.21644,0,0,0,0,0
-0.65104,-0.34396,1.0896,-0.026863,0.060186,0.028065,0.9763,-0.21644,0,0,0,0,0
-0.64671,-0.34564,1.0888,-0.027678,0.059405,0.027701,0.9763,-0.21644,0,0,0,0,0
-0.64239,-0.34729,1.0881,-0.028454,0.058629,0.027339,0.9763,-0.21644,0,0,0,0,0
-0.63809,-0.34891,1.0873,-0.029192,0.057858,0.02698,0.9763,-0.21644,0,0,0,0,0
-0.6338,-0.35051,1.0866,-0.029893,0.057092,0.026623,0.9763,-0.21644,0,0,0,0,0
-0.62952,-0.35209,1.0858,-0.030557,0.056332,0.026268,0.9763,-0.21644,0,0,0,0,0
-0.62525,-0.35365,1.0851,-0.031187,0.055577,0.025916,0.9763,-0.21644,0,0,0,0,0
-0.62099,-0.35519,1.0844,-0.031782,0.054829,0.025567,0.9763,-0.21644,0,0,0,0,0
-0.61675,-0.3567,1.0837,-0.032344,0.054086,0.025221,0.9763,-0.21644,0,0,0,0,0
-0.61252,-0.3582,1.083,-0.032874,0.05335,0.024878,0.9763,-0.21644,0,0,0,0,0
-0.6083,-0.35967,1.0823,-0.033373,0.052621,0.024538,0.9763,-0.21644,0,0,0,0,0
-0.6041,-0.36112,1.0816,-0.033841,0.051898,0.024201,0.9763,-0.21644,0,0,0,0,0
-0.59991,-0.36255,1.0809,-0.034281,0.051182,0.023867,0.9763,-0.21644,0,0,0,0,0
-0.59574,-0.36396,1.0803,-0.034691,0.050474,0.023536,0.9763,-0.21644,0,0,0,0,0
-0.59158,-0.36535,1.0796,-0.035074,0.049772,0.023209,0.9763,-0.21644,0,0,0,0,0
-0.58743,-0.36673,1.079,-0.035431,0.049078,0.022885,0.9763,-0.21644,0,0,0,0,0
-0.5833,-0.36808,1.0784,-0.035762,0.048391,0.022565,0.9763,-0.21644,0,0,0,0,0
-0.57918,-0.36941,1.0777,-0.036067,0.047712,0.022248,0.9763,-0.21644,0,0,0,0,0
-0.57508,-0.37072,1.0771,-0.036349,0.04704,0.021935,0.9763,-0.21644,0,0,0,0,0
-0.57099,-0.37202,1.0765,-0.036607,0.046376,0.021625,0.9763,-0.21644,0,0,0,0,0
-0.56692,-0.3733,1.0759,-0.036842,0.045719,0.021319,0.9763,-0.21644,0,0,0,0,0
-0.56286,-0.37456,1.0753,-0.037056,0.045071,0.021017,0.9763,-0.21644,0,0,0,0,0
-0.55881,-0.3758,1.0748,-0.037249,0.04443,0.020718,0.9763,-0.21644,0,0,0,0,0
-0.55478,-0.37702,1.0742,-0.037421,0.043797,0.020423,0.9763,-0.21644,0,0,0,0,0
-0.55077,-0.37823,1.0736,-0.037573,0.043172,0.020131,0.9763,-0.21644,0,0,0,0,0
-0.54677,-0.37942,1.0731,-0.037707,0.042554,0.019843,0.9763,-0.21644,0,0,0,0,0
-0.54279,-0.38059,1.0725,-0.037822,0.041945,0.019559,0.9763,-0.21644,0,0,0,0,0
-0.53882,-0.38175,1.072,-0.037919,0.041343,0.019279,0.9763,-0.21644,0,0,0,0,0
-0.53486,-0.38289,1.0715,-0.038,0.04075,0.019002,0.9763,-0.21644,0,0,0,0,0
-0.53092,-0.38401,1.0709,-0.038064,0.040164,0.018729,0.9763,-0.21644,0,0,0,0,0
-0.527,-0.38512,1.0704,-0.038112,0.039586,0.018459,0.9763,-0.21644,0,0,0,0,0
-0.52309,-0.38621,1.0699,-0.038145,0.039016,0.018194,0.9763,-0.21644,0,0,0,0,0
-0.5192,-0.38729,1.0694,-0.038164,0.038454,0.017931,0.9763,-0.21644,0,0,0,0,0
-0.51532,-0.38835,1.0689,-0.038168,0.037899,0.017673,0.9763,-0.21644,0,0,0,0,0
-0.51146,-0.3894,1.0684,-0.038159,0.037353,0.017418,0.9763,-0.21644,0,0,0,0,0
-0.50761,-0.39043,1.0679,-0.038136,0.036814,0.017167,0.9763,-0.21644,0,0,0,0,0
-0.50378,-0.39145,1.0675,-0.038102,0.036282,0.016919,0.9763,-0.21644,0,0,0,0,0
-0.49997,-0.39245,1.067,-0.038055,0.035759,0.016675,0.9763,-0.21644,0,0,0,0,0
-0.49616,-0.39344,1.0665,-0.037996,0.035243,0.016434,0.9763,-0.21644,0,0,0,0,0
-0.49238,-0.39442,1.0661,-0.037927,0.034734,0.016197,0.9763,-0.21644,0,0,0,0,0
-0.48861,-0.39538,1.0656,-0.037847,0.034233,0.015963,0.9763,-0.21644,0,0,0,0,0
-0.48485,-0.39633,1.0652,-0.037757,0.033739,0.015733,0.9763,-0.21644,0,0,0,0,0
-0.48111,-0.39726,1.0648,-0.037657,0.033253,0.015506,0.9763,-0.21644,0,0,0,0,0
-0.47738,-0.39818,1.0643,-0.037547,0.032774,0.015283,0.9763,-0.21644,0,0,0,0,0
-0.47367,-0.39909,1.0639,-0.037429,0.032302,0.015063,0.9763,-0.21644,0,0,0,0,0
-0.46998,-0.39999,1.0635,-0.037302,0.031837,0.014846,0.9763,-0.21644,0,0,0,0,0
-0.4663,-0.40087,1.0631,-0.037167,0.031379,0.014632,0.9763,-0.21644,0,0,0,0,0
-0.46263,-0.40174,1.0627,-0.037024,0.030929,0.014422,0.9763,-0.21644,0,0,0,0,0
-0.45898,-0.4026,1.0623,-0.036873,0.030485,0.014215,0.9763,-0.21644,0,0,0,0,0
-0.45534,-0.40345,1.0619,-0.036716,0.030048,0.014012,0.9763,-0.21644,0,0,0,0,0
-0.45172,-0.40429,1.0615,-0.036551,0.029618,0.013811,0.9763,-0.21644,0,0,0,0,0
-0.44811,-0.40511,1.0611,-0.03638,0.029194,0.013614,0.9763,-0.21644,0,0,0,0,0
-0.44452,-0.40592,1.0607,-0.036203,0.028778,0.013419,0.9763,-0.21644,0,0,0,0,0
-0.44094,-0.40672,1.0603,-0.03602,0.028368,0.013228,0.9763,-0.21644,0,0,0,0,0
-0.43738,-0.40751,1.06,-0.035831,0.027964,0.01304,0.9763,-0.21644,0,0,0,0,0
-0.43383,-0.40829,1.0596,-0.035637,0.027567,0.012854,0.9763,-0.21644,0,0,0,0,0
-0.43029,-0.40906,1.0593,-0.035437,0.027176,0.012672,0.9763,-0.21644,0,0,0,0,0
-0.42677,-0.40981,1.0589,-0.035233,0.026791,0.012493,0.9763,-0.21644,0,0,0,0,0
-0.42326,-0.41056,1.0586,-0.035025,0.026412,0.012316,0.9763,-0.21644,0,0,0,0,0
-0.41977,-0.4113,1.0582,-0.034812,0.02604,0.012143,0.9763,-0.21644,0,0,0,0,0
-0.41629,-0.41202,1.0579,-0.034594,0.025673,0.011972,0.9763,-0.21644,0,0,0,0,0
-0.41282,-0.41274,1.0575,-0.034373,0.025313,0.011804,0.9763,-0.21644,0,0,0,0,0
-0.40937,-0.41344,1.0572,-0.034149,0.024958,0.011638,0.9763,-0.21644,0,0,0,0,0
-0.40593,-0.41414,1.0569,-0.03392,0.024609,0.011476,0.9763,-0.21644,0,0,0,0,0
-0.4025,-0.41483,1.0566,-0.033689,0.024266,0.011315,0.9763,-0.21644,0,0,0,0,0
-0.39909,-0.4155,1.0562,-0.033454,0.023929,0.011158,0.9763,-0.21644,0,0,0,0,0
-0.39569,-0.41617,1.0559,-0.033217,0.023597,0.011003,0.9763,-0.21644,0,0,0,0,0
-0.39231,-0.41683,1.0556,-0.032977,0.02327,0.010851,0.9763,-0.21644,0,0,0,0,0
-0.38893,-0.41748,1.0553,-0.032734,0.022949,0.010701,0.9763,-0.21644,0,0,0,0,0
-0.38557,-0.41811,1.055,-0.032489,0.022633,0.010554,0.9763,-0.21644,0,0,0,0,0
-0.38223,-0.41875,1.0547,-0.032241,0.022322,0.010409,0.9763,-0.21644,0,0,0,0,0
-0.37889,-0.41937,1.0544,-0.031992,0.022017,0.010267,0.9763,-0.21644,0,0,0,0,0
-0.37557,-0.41998,1.0542,-0.03174,0.021716,0.010127,0.9763,-0.21644,0,0,0,0,0
-0.37226,-0.42058,1.0539,-0.031487,0.021421,0.0099888,0.9763,-0.21644,0,0,0,0,0
-0.36897,-0.42118,1.0536,-0.031232,0.021131,0.0098533,0.9763,-0.21644,0,0,0,0,0
-0.36568,-0.42177,1.0533,-0.030976,0.020845,0.0097202,0.9763,-0.21644,0,0,0,0,0
-0.36241,-0.42235,1.0531,-0.030718,0.020564,0.0095892,0.9763,-0.21644,0,0,0,0,0
-0.35915,-0.42292,1.0528,-0.030459,0.020288,0.0094605,0.9763,-0.21644,0,0,0,0,0
-0.35591,-0.42348,1.0525,-0.030199,0.020017,0.0093339,0.9763,-0.21644,0,0,0,0,0
-0.35267,-0.42404,1.0523,-0.029938,0.01975,0.0092095,0.9763,-0.21644,0,0,0,0,0
-0.34945,-0.42459,1.052,-0.029676,0.019487,0.0090871,0.9763,-0.21644,0,0,0,0,0
-0.34624,-0.42513,1.0518,-0.029413,0.01923,0.0089669,0.9763,-0.21644,0,0,0,0,0
-0.34304,-0.42566,1.0515,-0.029149,0.018976,0.0088486,0.9763,-0.21644,0,0,0,0,0
-0.33985,-0.42618,1.0513,-0.028884,0.018727,0.0087324,0.9763,-0.21644,0,0,0,0,0
-0.33667,-0.4267,1.051,-0.028619,0.018482,0.0086182,0.9763,-0.21644,0,0,0,0,0
-0.3335,-0.42721,1.0508,-0.028354,0.018241,0.0085059,0.9763,-0.21644,0,0,0,0,0
-0.33035,-0.42771,1.0506,-0.028088,0.018004,0.0083955,0.9763,-0.21644,0,0,0,0,0
-0.32721,-0.42821,1.0503,-0.027822,0.017771,0.008287,0.9763,-0.21644,0,0,0,0,0
-0.32407,-0.4287,1.0501,-0.027555,0.017543,0.0081803,0.9763,-0.21644,0,0,0,0,0
-0.32095,-0.42918,1.0499,-0.027289,0.017318,0.0080755,0.9763,-0.21644,0,0,0,0,0
-0.31784,-0.42965,1.0496,-0.027022,0.017097,0.0079725,0.9763,-0.21644,0,0,0,0,0
-0.31474,-0.43012,1.0494,-0.026755,0.01688,0.0078713,0.9763,-0.21644,0,0,0,0,0
-0.31165,-0.43058,1.0492,-0.026488,0.016667,0.0077717,0.9763,-0.21644,0,0,0,0,0
-0.30858,-0.43104,1.049,-0.026222,0.016457,0.007674,0.9763,-0.21644,0,0,0,0,0
-0.30551,-0.43149,1.0488,-0.025955,0.016251,0.0075779,0.9763,-0.21644,0,0,0,0,0
-0.30245,-0.43193,1.0486,-0.025689,0.016048,0.0074834,0.9763,-0.21644,0,0,0,0,0
-0.2994,-0.43237,1.0484,-0.025423,0.015849,0.0073906,0.9763,-0.21644,0,0,0,0,0
-0.29636,-0.4328,1.0482,-0.025157,0.015654,0.0072994,0.9763,-0.21644,0,0,0,0,0
-0.29334,-0.43322,1.048,-0.024891,0.015462,0.0072098,0.9763,-0.21644,0,0,0,0,0
-0.29032,-0.43364,1.0478,-0.024626,0.015273,0.0071218,0.9763,-0.21644,0,0,0,0,0
-0.28731,-0.43405,1.0476,-0.024362,0.015087,0.0070353,0.9763,-0.21644,0,0,0,0,0
-0.28431,-0.43445,1.0474,-0.024097,0.014905,0.0069503,0.9763,-0.21644,0,0,0,0,0
-0.28132,-0.43485,1.0472,-0.023834,0.014726,0.0068668,0.9763,-0.21644,0,0,0,0,0
-0.27834,-0.43525,1.047,-0.02357,0.01455,0.0067848,0.9763,-0.21644,0,0,0,0,0
-0.27537,-0.43563,1.0469,-0.023308,0.014377,0.0067042,0.9763,-0.21644,0,0,0,0,0
-0.27241,-0.43602,1.0467,-0.023046,0.014207,0.006625,0.9763,-0.21644,0,0,0,0,0
-0.26946,-0.43639,1.0465,-0.022784,0.01404,0.0065472,0.9763,-0.21644,0,0,0,0,0
-0.26651,-0.43676,1.0463,-0.022524,0.013877,0.0064708,0.9763,-0.21644,0,0,0,0,0
-0.26358,-0.43713,1.0462,-0.022264,0.013716,0.0063957,0.9763,-0.21644,0,0,0,0,0
-0.26066,-0.43749,1.046,-0.022004,0.013558,0.006322,0.9763,-0.21644,0,0,0,0,0
-0.25774,-0.43784,1.0458,-0.021745,0.013402,0.0062496,0.9763,-0.21644,0,0,0,0,0
-0.25483,-0.43819,1.0457,-0.021488,0.01325,0.0061785,0.9763,-0.21644,0,0,0,0,0
-0.25193,-0.43854,1.0455,-0.02123,0.0131,0.0061086,0.9763,-0.21644,0,0,0,0,0
-0.24904,-0.43888,1.0453,-0.020974,0.012953,0.00604,0.9763,-0.21644,0,0,0,0,0
-0.24616,-0.43921,1.0452,-0.020718,0.012808,0.0059727,0.9763,-0.21644,0,0,0,0,0
-0.24328,-0.43954,1.045,-0.020464,0.012667,0.0059065,0.9763,-0.21644,0,0,0,0,0
-0.24042,-0.43986,1.0449,-0.02021,0.012527,0.0058416,0.9763,-0.21644,0,0,0,0,0
-0.23756,-0.44018,1.0447,-0.019957,0.012391,0.0057778,0.9763,-0.21644,0,0,0,0,0
-0.23471,-0.4405,1.0446,-0.019704,0.012256,0.0057152,0.9763,-0.21644,0,0,0,0,0
-0.23186,-0.4408,1.0444,-0.019453,0.012124,0.0056537,0.9763,-0.21644,0,0,0,0,0
-0.22903,-0.44111,1.0443,-0.019203,0.011995,0.0055934,0.9763,-0.21644,0,0,0,0,0
-0.2262,-0.44141,1.0442,-0.018953,0.011868,0.0055341,0.9763,-0.21644,0,0,0,0,0
-0.22338,-0.4417,1.044,-0.018704,0.011743,0.0054759,0.9763,-0.21644,0,0,0,0,0
-0.22057,-0.44199,1.0439,-0.018456,0.011621,0.0054189,0.9763,-0.21644,0,0,0,0,0
-0.21776,-0.44228,1.0438,-0.01821,0.011501,0.0053628,0.9763,-0.21644,0,0,0,0,0
-0.21496,-0.44256,1.0436,-0.017963,0.011383,0.0053079,0.9763,-0.21644,0,0,0,0,0
-0.21217,-0.44284,1.0435,-0.017718,0.011267,0.0052539,0.9763,-0.21644,0,0,0,0,0
-0.20939,-0.44311,1.0434,-0.017474,0.011153,0.0052009,0.9763,-0.21644,0,0,0,0,0
-0.20661,-0.44338,1.0433,-0.017231,0.011042,0.005149,0.9763,-0.21644,0,0,0,0,0
-0.20384,-0.44364,1.0431,-0.016989,0.010933,0.005098,0.9763,-0.21644,0,0,0,0,0
-0.20108,-0.4439,1.043,-0.016747,0.010826,0.005048,0.9763,-0.21644,0,0,0,0,0
-0.19832,-0.44415,1.0429,-0.016507,0.01072,0.004999,0.9763,-0.21644,0,0,0,0,0
-0.19557,-0.4444,1.0428,-0.016267,0.010617,0.0049509,0.9763,-0.21644,0,0,0,0,0
-0.19282,-0.44465,1.0427,-0.016028,0.010516,0.0049037,0.9763,-0.21644,0,0,0,0,0
-0.19009,-0.44489,1.0425,-0.01579,0.010417,0.0048574,0.9763,-0.21644,0,0,0,0,0
-0.18735,-0.44513,1.0424,-0.015554,0.010319,0.004812,0.9763,-0.21644,0,0,0,0,0
-0.18463,-0.44536,1.0423,-0.015318,0.010224,0.0047675,0.9763,-0.21644,0,0,0,0,0
-0.18191,-0.44559,1.0422,-0.015083,0.010131,0.0047239,0.9763,-0.21644,0,0,0,0,0
-0.1792,-0.44582,1.0421,-0.014848,0.010039,0.0046812,0.9763,-0.21644,0,0,0,0,0
-0.17649,-0.44604,1.042,-0.014615,0.009949,0.0046393,0.9763,-0.21644,0,0,0,0,0
-0.17379,-0.44626,1.0419,-0.014383,0.0098609,0.0045982,0.9763,-0.21644,0,0,0,0,0
-0.17109,-0.44647,1.0418,-0.014151,0.0097747,0.004558,0.9763,-0.21644,0,0,0,0,0
-0.1684,-0.44668,1.0417,-0.013921,0.0096902,0.0045186,0.9763,-0.21644,0,0,0,0,0
-0.16571,-0.44689,1.0416,-0.013691,0.0096074,0.00448,0.9763,-0.21644,0,0,0,0,0
-0.16303,-0.44709,1.0415,-0.013462,0.0095263,0.0044422,0.9763,-0.21644,0,0,0,0,0
-0.16036,-0.44729,1.0414,-0.013234,0.0094469,0.0044051,0.9763,-0.21644,0,0,0,0,0
-0.15769,-0.44748,1.0413,-0.013007,0.0093691,0.0043689,0.9763,-0.21644,0,0,0,0,0
-0.15502,-0.44768,1.0412,-0.012781,0.009293,0.0043334,0.9763,-0.21644,0,0,0,0,0
-0.15236,-0.44786,1.0412,-0.012555,0.0092185,0.0042987,0.9763,-0.21644,0,0,0,0,0
-0.14971,-0.44805,1.0411,-0.01233,0.0091456,0.0042647,0.9763,-0.21644,0,0,0,0,0
-0.14706,-0.44823,1.041,-0.012107,0.0090743,0.0042314,0.9763,-0.21644,0,0,0,0,0
-0.14442,-0.4484,1.0409,-0.011883,0.0090045,0.0041989,0.9763,-0.21644,0,0,0,0,0
-0.14177,-0.44858,1.0408,-0.011661,0.0089363,0.0041671,0.9763,-0.21644,0,0,0,0,0
-0.13914,-0.44875,1.0407,-0.01144,0.0088696,0.004136,0.9763,-0.21644,0,0,0,0,0
-0.13651,-0.44891,1.0407,-0.011219,0.0088044,0.0041056,0.9763,-0.21644,0,0,0,0,0
-0.13388,-0.44907,1.0406,-0.010999,0.0087407,0.0040759,0.9763,-0.21644,0,0,0,0,0
-0.13126,-0.44923,1.0405,-0.01078,0.0086784,0.0040468,0.9763,-0.21644,0,0,0,0,0
-0.12864,-0.44939,1.0404,-0.010562,0.0086176,0.0040185,0.9763,-0.21644,0,0,0,0,0
-0.12603,-0.44954,1.0404,-0.010344,0.0085583,0.0039908,0.9763,-0.21644,0,0,0,0,0
-0.12342,-0.44969,1.0403,-0.010127,0.0085003,0.0039638,0.9763,-0.21644,0,0,0,0,0
-0.12081,-0.44983,1.0402,-0.0099105,0.0084438,0.0039374,0.9763,-0.21644,0,0,0,0,0
-0.11821,-0.44998,1.0402,-0.009695,0.0083886,0.0039117,0.9763,-0.21644,0,0,0,0,0
-0.11561,-0.45012,1.0401,-0.0094801,0.0083348,0.0038866,0.9763,-0.21644,0,0,0,0,0
-0.11302,-0.45025,1.04,-0.0092659,0.0082824,0.0038621,0.9763,-0.21644,0,0,0,0,0
-0.11042,-0.45038,1.04,-0.0090523,0.0082313,0.0038383,0.9763,-0.21644,0,0,0,0,0
-0.10784,-0.45051,1.0399,-0.0088394,0.0081815,0.0038151,0.9763,-0.21644,0,0,0,0,0
-0.10525,-0.45064,1.0399,-0.0086271,0.008133,0.0037925,0.9763,-0.21644,0,0,0,0,0
-0.10267,-0.45076,1.0398,-0.0084154,0.0080859,0.0037705,0.9763,-0.21644,0,0,0,0,0
-0.10009,-0.45088,1.0398,-0.0082044,0.00804,0.0037491,0.9763,-0.21644,0,0,0,0,0
-0.09752,-0.45099,1.0397,-0.0079939,0.0079954,0.0037283,0.9763,-0.21644,0,0,0,0,0
-0.094949,-0.45111,1.0396,-0.0077841,0.0079521,0.0037081,0.9763,-0.21644,0,0,0,0,0
-0.092381,-0.45122,1.0396,-0.0075747,0.00791,0.0036885,0.9763,-0.21644,0,0,0,0,0
-0.089816,-0.45132,1.0395,-0.007366,0.0078691,0.0036694,0.9763,-0.21644,0,0,0,0,0
-0.087254,-0.45143,1.0395,-0.0071578,0.0078295,0.003651,0.9763,-0.21644,0,0,0,0,0
-0.084694,-0.45153,1.0395,-0.0069501,0.0077911,0.0036331,0.9763,-0.21644,0,0,0,0,0
-0.082137,-0.45162,1.0394,-0.0067429,0.007754,0.0036157,0.9763,-0.21644,0,0,0,0,0
-0.079583,-0.45172,1.0394,-0.0065363,0.007718,0.003599,0.9763,-0.21644,0,0,0,0,0
-0.077032,-0.45181,1.0393,-0.0063301,0.0076832,0.0035827,0.9763,-0.21644,0,0,0,0,0
-0.074482,-0.4519,1.0393,-0.0061244,0.0076496,0.0035671,0.9763,-0.21644,0,0,0,0,0
-0.071936,-0.45198,1.0392,-0.0059191,0.0076171,0.0035519,0.9763,-0.21644,0,0,0,0,0
-0.069391,-0.45206,1.0392,-0.0057143,0.0075858,0.0035373,0.9763,-0.21644,0,0,0,0,0
-0.066849,-0.45214,1.0392,-0.0055099,0.0075557,0.0035233,0.9763,-0.21644,0,0,0,0,0
-0.064308,-0.45222,1.0391,-0.0053059,0.0075267,0.0035098,0.9763,-0.21644,0,0,0,0,0
-0.06177,-0.45229,1.0391,-0.0051023,0.0074989,0.0034968,0.9763,-0.21644,0,0,0,0,0
-0.059234,-0.45236,1.0391,-0.0048992,0.0074722,0.0034843,0.9763,-0.21644,0,0,0,0,0
-0.0567,-0.45242,1.039,-0.0046963,0.0074466,0.0034724,0.9763,-0.21644,0,0,0,0,0
-0.054167,-0.45249,1.039,-0.0044939,0.0074221,0.003461,0.9763,-0.21644,0,0,0,0,0
-0.051636,-0.45255,1.039,-0.0042917,0.0073987,0.0034501,0.9763,-0.21644,0,0,0,0,0
-0.049107,-0.45261,1.0389,-0.00409,0.0073765,0.0034397,0.9763,-0.21644,0,0,0,0,0
-0.046579,-0.45266,1.0389,-0.0038885,0.0073553,0.0034298,0.9763,-0.21644,0,0,0,0,0
-0.044053,-0.45271,1.0389,-0.0036873,0.0073353,0.0034205,0.9763,-0.21644,0,0,0,0,0
-0.041529,-0.45276,1.0389,-0.0034864,0.0073163,0.0034116,0.9763,-0.21644,0,0,0,0,0
-0.039005,-0.45281,1.0389,-0.0032857,0.0072984,0.0034033,0.9763,-0.21644,0,0,0,0,0
-0.036483,-0.45285,1.0388,-0.0030853,0.0072816,0.0033954,0.9763,-0.21644,0,0,0,0,0
-0.033962,-0.45289,1.0388,-0.0028852,0.0072658,0.0033881,0.9763,-0.21644,0,0,0,0,0
-0.031442,-0.45293,1.0388,-0.0026852,0.0072511,0.0033813,0.9763,-0.21644,0,0,0,0,0
-0.028923,-0.45296,1.0388,-0.0024855,0.0072375,0.0033749,0.9763,-0.21644,0,0,0,0,0
-0.026405,-0.453,1.0388,-0.0022859,0.007225,0.0033691,0.9763,-0.21644,0,0,0,0,0
-0.023887,-0.45302,1.0388,-0.0020866,0.0072135,0.0033637,0.9763,-0.21644,0,0,0,0,0
-0.021371,-0.45305,1.0387,-0.0018874,0.007203,0.0033588,0.9763,-0.21644,0,0,0,0,0
-0.018855,-0.45307,1.0387,-0.0016883,0.0071936,0.0033544,0.9763,-0.21644,0,0,0,0,0
-0.01634,-0.45309,1.0387,-0.0014894,0.0071853,0.0033506,0.9763,-0.21644,0,0,0,0,0
-0.013825,-0.45311,1.0387,-0.0012906,0.007178,0.0033472,0.9763,-0.21644,0,0,0,0,0
-0.011311,-0.45312,1.0387,-0.0010919,0.0071717,0.0033442,0.9763,-0.21644,0,0,0,0,0
-0.008797,-0.45314,1.0387,-0.00089322,0.0071665,0.0033418,0.9763,-0.21644,0,0,0,0,0
-0.0062834,-0.45314,1.0387,-0.00069465,0.0071624,0.0033399,0.9763,-0.21644,0,0,0,0,0
-0.00377,-0.45315,1.0387,-0.00049614,0.0071593,0.0033384,0.9763,-0.21644,0,0,0,0,0
-0.0012566,-0.45315,1.0387,-0.00029767,0.0071572,0.0033374,0.9763,-0.21644,0,0,0,0,0
0.0012566,-0.45315,1.0387,-9.9221e-05,0.0071561,0.003337,0.9763,-0.21644,0,0,0,0,0
0.00377,-0.45315,1.0387,9.9221e-05,0.0071561,0.003337,0.9763,-0.21644,0,0,0,0,0
0.0062834,-0.45314,1.0387,0.00029767,0.0071572,0.0033374,0.9763,-0.21644,0,0,0,0,0
0.008797,-0.45314,1.0387,0.00049614,0.0071593,0.0033384,0.9763,-0.21644,0,0,0,0,0
0.011311,-0.45312,1.0387,0.00069465,0.0071624,0.0033399,0.9763,-0.21644,0,0,0,0,0
0.013825,-0.45311,1.0387,0.00089322,0.0071665,0.0033418,0.9763,-0.21644,0,0,0,0,0
0.01634,-0.45309,1.0387,0.0010919,0.0071717,0.0033442,0.9763,-0.21644,0,0,0,0,0
0.018855,-0.45307,1.0387,0.0012906,0.007178,0.0033472,0.9763,-0.21644,0,0,0,0,0
0.021371,-0.45305,1.0387,0.0014894,0.0071853,0.0033506,0.9763,-0.21644,0,0,0,0,0
0.023887,-0.45302,1.0388,0.0016883,0.0071936,0.0033544,0.9763,-0.21644,0,0,0,0,0
0.026405,-0.453,1.0388,0.0018874,0.007203,0.0033588,0.9763,-0.21644,0,0,0,0,0
0.028923,-0.45296,1.0388,0.0020866,0.0072135,0.0033637,0.9763,-0.21644,0,0,0,0,0
0.031442,-0.45293,1.0388,0.0022859,0.007225,0.0033691,0.9763,-0.21644,0,0,0,0,0
0.033962,-0.45289,1.0388,0.0024855,0.0072375,0.0033749,0.9763,-0.21644,0,0,0,0,0
0.036483,-0.45285,1.0388,0.0026852,0.0072511,0.0033813,0.9763,-0.21644,0,0,0,0,0
0.039005,-0.45281,1.0389,0.0028852,0.0072658,0.0033881,0.9763,-0.21644,0,0,0,0,0
0.041529,-0.45276,1.0389,0.0030853,0.0072816,0.0033954,0.9763,-0.21644,0,0,0,0,0
0.044053,-0.45271,1.0389,0.0032857,0.0072984,0.0034033,0.9763,-0.21644,0,0,0,0,0
0.046579,-0.45266,1.0389,0.0034864,0.0073163,0.0034116,0.9763,-0.21644,0,0,0,0,0
0.049107,-0.45261,1.0389,0.0036873,0.0073353,0.0034205,0.9763,-0.21644,0,0,0,0,0
0.051636,-0.45255,1.039,0.0038885,0.0073553,0.0034298,0.9763,-0.21644,0,0,0,0,0
0.054167,-0.45249,1.039,0.00409,0.0073765,0.0034397,0.9763,-0.21644,0,0,0,0,0
0.0567,-0.45242,1.039,0.0042917,0.0073987,0.0034501,0.9763,-0.21644,0,0,0,0,0
0.059234,-0.45236,1.0391,0.0044939,0.0074221,0.003461,0.9763,-0.21644,0,0,0,0,0
0.06177,-0.45229,1.0391,0.0046963,0.0074466,0.0034724,0.9763,-0.21644,0,0,0,0,0
0.064308,-0.45222,1.0391,0.0048992,0.0074722,0.0034843,0.9763,-0.21644,0,0,0,0,0
0.066849,-0.45214,1.0392,0.0051023,0.0074989,0.0034968,0.9763,-0.21644,0,0,0,0,0
0.069391,-0.45206,1.0392,0.0053059,0.0075267,0.0035098,0.9763,-0.21644,0,0,0,0,0
0.071936,-0.45198,1.0392,0.0055099,0.0075557,0.0035233,0.9763,-0.21644,0,0,0,0,0
0.074482,-0.4519,1.0393,0.0057143,0.0075858,0.0035373,0.9763,-0.21644,0,0,0,0,0
0.077032,-0.45181,1.0393,0.0059191,0.0076171,0.0035519,0.9763,-0.21644,0,0,0,0,0
0.079583,-0.45172,1.0394,0.0061244,0.0076496,0.0035671,0.9763,-0.21644,0,0,0,0,0
0.082137,-0.45162,1.0394,0.0063301,0.0076832,0.0035827,0.9763,-0.21644,0,0,0,0,0
0.084694,-0.45153,1.0395,0.0065363,0.007718,0.003599,0.9763,-0.21644,0,0,0,0,0
0.087254,-0.45143,1.0395,0.0067429,0.007754,0.0036157,0.9763,-0.21644,0,0,0,0,0
0.089816,-0.45132,1.0395,0.0069501,0.0077911,0.0036331,0.9763,-0.21644,0,0,0,0,0
0.092381,-0.45122,1.0396,0.0071578,0.0078295,0.003651,0.9763,-0.21644,0,0,0,0,0
0.094949,-0.45111,1.0396,0.007366,0.0078691,0.0036694,0.9763,-0.21644,0,0,0,0,0
0.09752,-0.45099,1.0397,0.0075747,0.00791,0.0036885,0.9763,-0.21644,0,0,0,0,0
0.10009,-0.45088,1.0398,0.0077841,0.0079521,0.0037081,0.9763,-0.21644,0,0,0,0,0
0.10267,-0.45076,1.0398,0.0079939,0.0079954,0.0037283,0.9763,-0.21644,0,0,0,0,0
0.10525,-0.45064,1.0399,0.0082044,0.00804,0.0037491,0.9763,-0.21644,0,0,0,0,0
0.10784,-0.45051,1.0399,0.0084154,0.0080859,0.0037705,0.9763,-0.21644,0,0,0,0,0
0.11042,-0.45038,1.04,0.0086271,0.008133,0.0037925,0.9763,-0.21644,0,0,0,0,0
0.11302,-0.45025,1.04,0.0088394,0.0081815,0.0038151,0.9763,-0.21644,0,0,0,0,0
0.11561,-0.45012,1.0401,0.0090523,0.0082313,0.0038383,0.9763,-0.21644,0,0,0,0,0
0.11821,-0.44998,1.0402,0.0092659,0.0082824,0.0038621,0.9763,-0.21644,0,0,0,0,0
0.12081,-0.44983,1.0402,0.0094801,0.0083348,0.0038866,0.9763,-0.21644,0,0,0,0,0
0.12342,-0.44969,1.0403,0.009695,0.0083886,0.0039117,0.9763,-0.21644,0,0,0,0,0
0.12603,-0.44954,1.0404,0.0099105,0.0084438,0.0039374,0.9763,-0.21644,0,0,0,0,0
0.12864,-0.44939,1.0404,0.010127,0.0085003,0.0039638,0.9763,-0.21644,0,0,0,0,0
0.13126,-0.44923,1.0405,0.010344,0.0085583,0.0039908,0.9763,-0.21644,0,0,0,0,0
0.13388,-0.44907,1.0406,0.010562,0.0086176,0.0040185,0.9763,-0.21644,0,0,0,0,0
0.13651,-0.44891,1.0407,0.01078,0.0086784,0.0040468,0.9763,-0.21644,0,0,0,0,0
0.13914,-0.44875,1.0407,0.010999,0.0087407,0.0040759,0.9763,-0.21644,0,0,0,0,0
0.14177,-0.44858,1.0408,0.011219,0.0088044,0.0041056,0.9763,-0.21644,0,0,0,0,0
0.14442,-0.4484,1.0409,0.01144,0.0088696,0.004136,0.9763,-0.21644,0,0,0,0,0
0.14706,-0.44823,1.041,0.011661,0.0089363,0.0041671,0.9763,-0.21644,0,0,0,0,0
0.14971,-0.44805,1.0411,0.011883,0.0090045,0.0041989,0.9763,-0.21644,0,0,0,0,0
0.15236,-0.44786,1.0412,0.012107,0.0090743,0.0042314,0.9763,-0.21644,0,0,0,0,0
0.15502,-0.44768,1.0412,0.01233,0.0091456,0.0042647,0.9763,-0.21644,0,0,0,0,0
0.15769,-0.44748,1.0413,0.012555,0.0092185,0.0042987,0.9763,-0.21644,0,0,0,0,0
0.16036,-0.44729,1.0414,0.012781,0.009293,0.0043334,0.9763,-0.21644,0,0,0,0,0
0.16303,-0.44709,1.0415,0.013007,0.0093691,0.0043689,0.9763,-0.21644,0,0,0,0,0
0.16571,-0.44689,1.0416,0.013234,0.0094469,0.0044051,0.9763,-0.21644,0,0,0,0,0
0.1684,-0.44668,1.0417,0.013462,0.0095263,0.0044422,0.9763,-0.21644,0,0,0,0,0
0.17109,-0.44647,1.0418,0.013691,0.0096074,0.00448,0.9763,-0.21644,0,0,0,0,0
0.17379,-0.44626,1.0419,0.013921,0.0096902,0.0045186,0.9763,-0.21644,0,0,0,0,0
0.17649,-0.44604,1.042,0.014151,0.0097747,0.004558,0.9763,-0.21644,0,0,0,0,0
0.1792,-0.44582,1.0421,0.014383,0.0098609,0.0045982,0.9763,-0.21644,0,0,0,0,0
0.18191,-0.44559,1.0422,0.014615,0.009949,0.0046393,0.9763,-0.21644,0,0,0,0,0
0.18463,-0.44536,1.0423,0.014848,0.010039,0.0046812,0.9763,-0.21644,0,0,0,0,0
0.18735,-0.44513,1.0424,0.015083,0.010131,0.0047239,0.9763,-0.21644,0,0,0,0,0
0.19009,-0.44489,1.0425,0.015318,0.010224,0.0047675,0.9763,-0.21644,0,0,0,0,0
0.19282,-0.44465,1.0427,0.015554,0.010319,0.004812,0.9763,-0.21644,0,0,0,0,0
0.19557,-0.4444,1.0428,0.01579,0.010417,0.0048574,0.9763,-0.21644,0,0,0,0,0
0.19832,-0.44415,1.0429,0.016028,0.010516,0.0049037,0.9763,-0.21644,0,0,0,0,0
0.20108,-0.4439,1.043,0.016267,0.010617,0.0049509,0.9763,-0.21644,0,0,0,0,0
0.20384,-0.44364,1.0431,0.016507,0.01072,0.004999,0.9763,-0.21644,0,0,0,0,0
0.20661,-0.44338,1.0433,0.016747,0.010826,0.005048,0.9763,-0.21644,0,0,0,0,0
0.20939,-0.44311,1.0434,0.016989,0.010933,0.005098,0.9763,-0.21644,0,0,0,0,0
0.21217,-0.44284,1.0435,0.017231,0.011042,0.005149,0.9763,-0.21644,0,0,0,0,0
0.21496,-0.44256,1.0436,0.017474,0.011153,0.0052009,0.9763,-0.21644,0,0,0,0,0
0.21776,-0.44228,1.0438,0.017718,0.011267,0.0052539,0.9763,-0.21644,0,0,0,0,0
0.22057,-0.44199,1.0439,0.017963,0.011383,0.0053079,0.9763,-0.21644,0,0,0,0,0
0.22338,-0.4417,1.044,0.01821,0.011501,0.0053628,0.9763,-0.21644,0,0,0,0,0
0.2262,-0.44141,1.0442,0.018456,0.011621,0.0054189,0.9763,-0.21644,0,0,0,0,0
0.22903,-0.44111,1.0443,0.018704,0.011743,0.0054759,0.9763,-0.21644,0,0,0,0,0
0.23186,-0.4408,1.0444,0.018953,0.011868,0.0055341,0.9763,-0.21644,0,0,0,0,0
0.23471,-0.4405,1.0446,0.019203,0.011995,0.0055934,0.9763,-0.21644,0,0,0,0,0
0.23756,-0.44018,1.0447,0.019453,0.012124,0.0056537,0.9763,-0.21644,0,0,0,0,0
0.24042,-0.43986,1.0449,0.019704,0.012256,0.0057152,0.9763,-0.21644,0,0,0,0,0
0.24328,-0.43954,1.045,0.019957,0.012391,0.0057778,0.9763,-0.21644,0,0,0,0,0
0.24616,-0.43921,1.0452,0.02021,0.012527,0.0058416,0.9763,-0.21644,0,0,0,0,0
0.24904,-0.43888,1.0453,0.020464,0.012667,0.0059065,0.9763,-0.21644,0,0,0,0,0
0.25193,-0.43854,1.0455,0.020718,0.012808,0.0059727,0.9763,-0.21644,0,0,0,0,0
0.25483,-0.43819,1.0457,0.020974,0.012953,0.00604,0.9763,-0.21644,0,0,0,0,0
0.25774,-0.43784,1.0458,0.02123,0.0131,0.0061086,0.9763,-0.21644,0,0,0,0,0
0.26066,-0.43749,1.046,0.021488,0.01325,0.0061785,0.9763,-0.21644,0,0,0,0,0
0.26358,-0.43713,1.0462,0.021745,0.013402,0.0062496,0.9763,-0.21644,0,0,0,0,0
0.26651,-0.43676,1.0463,0.022004,0.013558,0.006322,0.9763,-0.21644,0,0,0,0,0
0.26946,-0.43639,1.0465,0.022264,0.013716,0.0063957,0.9763,-0.21644,0,0,0,0,0
0.27241,-0.43602,1.0467,0.022524,0.013877,0.0064708,0.9763,-0.21644,0,0,0,0,0
0.27537,-0.43563,1.0469,0.022784,0.01404,0.0065472,0.9763,-0.21644,0,0,0,0,0
0.27834,-0.43525,1.047,0.023046,0.014207,0.006625,0.9763,-0.21644,0,0,0,0,0
0.28132,-0.43485,1.0472,0.023308,0.014377,0.0067042,0.9763,-0.21644,0,0,0,0,0
0.28431,-0.43445,1.0474,0.02357,0.01455,0.0067848,0.9763,-0.21644,0,0,0,0,0
0.28731,-0.43405,1.0476,0.023834,0.014726,0.0068668,0.9763,-0.21644,0,0,0,0,0
0.29032,-0.43364,1.0478,0.024097,0.014905,0.0069503,0.9763,-0.21644,0,0,0,0,0
0.29334,-0.43322,1.048,0.024362,0.015087,0.0070353,0.9763,-0.21644,0,0,0,0,0
0.29636,-0.4328,1.0482,0.024626,0.015273,0.0071218,0.9763,-0.21644,0,0,0,0,0
0.2994,-0.43237,1.0484,0.024891,0.015462,0.0072098,0.9763,-0.21644,0,0,0,0,0
0.30245,-0.43193,1.0486,0.025157,0.015654,0.0072994,0.9763,-0.21644,0,0,0,0,0
0.30551,-0.43149,1.0488,0.025423,0.015849,0.0073906,0.9763,-0.21644,0,0,0,0,0
0.30858,-0.43104,1.049,0.025689,0.016048,0.0074834,0.9763,-0.21644,0,0,0,0,0
0.31165,-0.43058,1.0492,0.025955,0.016251,0.0075779,0.9763,-0.21644,0,0,0,0,0
0.31474,-0.43012,1.0494,0.026222,0.016457,0.007674,0.9763,-0.21644,0,0,0,0,0
0.31784,-0.42965,1.0496,0.026488,0.016667,0.0077717,0.9763,-0.21644,0,0,0,0,0
0.32095,-0.42918,1.0499,0.026755,0.01688,0.0078713,0.9763,-0.21644,0,0,0,0,0
0.32407,-0.4287,1.0501,0.027022,0.017097,0.0079725,0.9763,-0.21644,0,0,0,0,0
0.32721,-0.42821,1.0503,0.027289,0.017318,0.0080755,0.9763,-0.21644,0,0,0,0,0
0.33035,-0.42771,1.0506,0.027555,0.017543,0.0081803,0.9763,-0.21644,0,0,0,0,0
0.3335,-0.42721,1.0508,0.027822,0.017771,0.008287,0.9763,-0.21644,0,0,0,0,0
0.33667,-0.4267,1.051,0.028088,0.018004,0.0083955,0.9763,-0.21644,0,0,0,0,0
0.33985,-0.42618,1.0513,0.028354,0.018241,0.0085059,0.9763,-0.21644,0,0,0,0,0
0.34304,-0.42566,1.0515,0.028619,0.018482,0.0086182,0.9763,-0.21644,0,0,0,0,0
0.34624,-0.42513,1.0518,0.028884,0.018727,0.0087324,0.9763,-0.21644,0,0,0,0,0
0.34945,-0.42459,1.052,0.029149,0.018976,0.0088486,0.9763,-0.21644,0,0,0,0,0
0.35267,-0.42404,1.0523,0.029413,0.01923,0.0089669,0.9763,-0.21644,0,0,0,0,0
0.35591,-0.42348,1.0525,0.029676,0.019487,0.0090871,0.9763,-0.21644,0,0,0,0,0
0.35915,-0.42292,1.0528,0.029938,0.01975,0.0092095,0.9763,-0.21644,0,0,0,0,0
0.36241,-0.42235,1.0531,0.030199,0.020017,0.0093339,0.9763,-0.21644,0,0,0,0,0
0.36568,-0.42177,1.0533,0.030459,0.020288,0.0094605,0.9763,-0.21644,0,0,0,0,0
0.36897,-0.42118,1.0536,0.030718,0.020564,0.0095892,0.9763,-0.21644,0,0,0,0,0
0.37226,-0.42058,1.0539,0.030976,0.020845,0.0097202,0.9763,-0.21644,0,0,0,0,0
0.37557,-0.41998,1.0542,0.031232,0.021131,0.0098533,0.9763,-0.21644,0,0,0,0,0
0.37889,-0.41937,1.0544,0.031487,0.021421,0.0099888,0.9763,-0.21644,0,0,0,0,0
0.38223,-0.41875,1.0547,0.03174,0.021716,0.010127,0.9763,-0.21644,0,0,0,0,0
0.38557,-0.41811,1.055,0.031992,0.022017,0.010267,0.9763,-0.21644,0,0,0,0,0
0.38893,-0.41748,1.0553,0.032241,0.022322,0.010409,0.9763,-0.21644,0,0,0,0,0
0.39231,-0.41683,1.0556,0.032489,0.022633,0.010554,0.9763,-0.21644,0,0,0,0,0
0.39569,-0.41617,1.0559,0.032734,0.022949,0.010701,0.9763,-0.21644,0,0,0,0,0
0.39909,-0.4155,1.0562,0.032977,0.02327,0.010851,0.9763,-0.21644,0,0,0,0,0
0.4025,-0.41483,1.0566,0.033217,0.023597,0.011003,0.9763,-0.21644,0,0,0,0,0
0.40593,-0.41414,1.0569,0.033454,0.023929,0.011158,0.9763,-0.21644,0,0,0,0,0
0.40937,-0.41344,1.0572,0.033689,0.024266,0.011315,0.9763,-0.21644,0,0,0,0,0
0.41282,-0.41274,1.0575,0.03392,0.024609,0.011476,0.9763,-0.21644,0,0,0,0,0
0.41629,-0.41202,1.0579,0.034149,0.024958,0.011638,0.9763,-0.21644,0,0,0,0,0
0.41977,-0.4113,1.0582,0.034373,0.025313,0.011804,0.9763,-0.21644,0,0,0,0,0
0.42326,-0.41056,1.0586,0.034594,0.025673,0.011972,0.9763,-0.21644,0,0,0,0,0
0.42677,-0.40981,1.0589,0.034812,0.02604,0.012143,0.9763,-0.21644,0,0,0,0,0
0.43029,-0.40906,1.0593,0.035025,0.026412,0.012316,0.9763,-0.21644,0,0,0,0,0
0.43383,-0.40829,1.0596,0.035233,0.026791,0.012493,0.9763,-0.21644,0,0,0,0,0
0.43738,-0.40751,1.06,0.035437,0.027176,0.012672,0.9763,-0.21644,0,0,0,0,0
0.44094,-0.40672,1.0603,0.035637,0.027567,0.012854,0.9763,-0.21644,0,0,0,0,0
0.44452,-0.40592,1.0607,0.035831,0.027964,0.01304,0.9763,-0.21644,0,0,0,0,0
0.44811,-0.40511,1.0611,0.03602,0.028368,0.013228,0.9763,-0.21644,0,0,0,0,0
0.45172,-0.40429,1.0615,0.036203,0.028778,0.013419,0.9763,-0.21644,0,0,0,0,0
0.45534,-0.40345,1.0619,0.03638,0.029194,0.013614,0.9763,-0.21644,0,0,0,0,0
0.45898,-0.4026,1.0623,0.036551,0.029618,0.013811,0.9763,-0.21644,0,0,0,0,0
0.46263,-0.40174,1.0627,0.036716,0.030048,0.014012,0.9763,-0.21644,0,0,0,0,0
0.4663,-0.40087,1.0631,0.036873,0.030485,0.014215,0.9763,-0.21644,0,0,0,0,0
0.46998,-0.39999,1.0635,0.037024,0.030929,0.014422,0.9763,-0.21644,0,0,0,0,0
0.47367,-0.39909,1.0639,0.037167,0.031379,0.014632,0.9763,-0.21644,0,0,0,0,0
0.47738,-0.39818,1.0643,0.037302,0.031837,0.014846,0.9763,-0.21644,0,0,0,0,0
0.48111,-0.39726,1.0648,0.037429,0.032302,0.015063,0.9763,-0.21644,0,0,0,0,0
0.48485,-0.39633,1.0652,0.037547,0.032774,0.015283,0.9763,-0.21644,0,0,0,0,0
0.48861,-0.39538,1.0656,0.037657,0.033253,0.015506,0.9763,-0.21644,0,0,0,0,0
0.49238,-0.39442,1.0661,0.037757,0.033739,0.015733,0.9763,-0.21644,0,0,0,0,0
0.49616,-0.39344,1.0665,0.037847,0.034233,0.015963,0.9763,-0.21644,0,0,0,0,0
0.49997,-0.39245,1.067,0.037927,0.034734,0.016197,0.9763,-0.21644,0,0,0,0,0
0.50378,-0.39145,1.0675,0.037996,0.035243,0.016434,0.9763,-0.21644,0,0,0,0,0
0.50761,-0.39043,1.0679,0.038055,0.035759,0.016675,0.9763,-0.21644,0,0,0,0,0
0.51146,-0.3894,1.0684,0.038102,0.036282,0.016919,0.9763,-0.21644,0,0,0,0,0
0.51532,-0.38835,1.0689,0.038136,0.036814,0.017167,0.9763,-0.21644,0,0,0,0,0
0.5192,-0.38729,1.0694,0.038159,0.037353,0.017418,0.9763,-0.21644,0,0,0,0,0
0.52309,-0.38621,1.0699,0.038168,0.037899,0.017673,0.9763,-0.21644,0,0,0,0,0
0.527,-0.38512,1.0704,0.038164,0.038454,0.017931,0.9763,-0.21644,0,0,0,0,0
0.53092,-0.38401,1.0709,0.038145,0.039016,0.018194,0.9763,-0.21644,0,0,0,0,0
0.53486,-0.38289,1.0715,0.038112,0.039586,0.018459,0.9763,-0.21644,0,0,0,0,0
0.53882,-0.38175,1.072,0.038064,0.040164,0.018729,0.9763,-0.21644,0,0,0,0,0
0.54279,-0.38059,1.0725,0.038,0.04075,0.019002,0.9763,-0.21644,0,0,0,0,0
0.54677,-0.37942,1.0731,0.037919,0.041343,0.019279,0.9763,-0.21644,0,0,0,0,0
0.55077,-0.37823,1.0736,0.037822,0.041945,0.019559,0.9763,-0.21644,0,0,0,0,0
0.55478,-0.37702,1.0742,0.037707,0.042554,0.019843,0.9763,-0.21644,0,0,0,0,0
0.55881,-0.3758,1.0748,0.037573,0.043172,0.020131,0.9763,-0.21644,0,0,0,0,0
0.56286,-0.37456,1.0753,0.037421,0.043797,0.020423,0.9763,-0.21644,0,0,0,0,0
0.56692,-0.3733,1.0759,0.037249,0.04443,0.020718,0.9763,-0.21644,0,0,0,0,0
0.57099,-0.37202,1.0765,0.037056,0.045071,0.021017,0.9763,-0.21644,0,0,0,0,0
0.57508,-0.37072,1.0771,0.036842,0.045719,0.021319,0.9763,-0.21644,0,0,0,0,0
0.57918,-0.36941,1.0777,0.036607,0.046376,0.021625,0.9763,-0.21644,0,0,0,0,0
0.5833,-0.36808,1.0784,0.036349,0.04704,0.021935,0.9763,-0.21644,0,0,0,0,0
0.58743,-0.36673,1.079,0.036067,0.047712,0.022248,0.9763,-0.21644,0,0,0,0,0
0.59158,-0.36535,1.0796,0.035762,0.048391,0.022565,0.9763,-0.21644,0,0,0,0,0
0.59574,-0.36396,1.0803,0.035431,0.049078,0.022885,0.9763,-0.21644,0,0,0,0,0
0.59991,-0.36255,1.0809,0.035074,0.049772,0.023209,0.9763,-0.21644,0,0,0,0,0
0.6041,-0.36112,1.0816,0.034691,0.050474,0.023536,0.9763,-0.21644,0,0,0,0,0
0.6083,-0.35967,1.0823,0.034281,0.051182,0.023867,0.9763,-0.21644,0,0,0,0,0
0.61252,-0.3582,1.083,0.033841,0.051898,0.024201,0.9763,-0.21644,0,0,0,0,0
0.61675,-0.3567,1.0837,0.033373,0.052621,0.024538,0.9763,-0.21644,0,0,0,0,0
0.62099,-0.35519,1.0844,0.032874,0.05335,0.024878,0.9763,-0.21644,0,0,0,0,0
0.62525,-0.35365,1.0851,0.032344,0.054086,0.025221,0.9763,-0.21644,0,0,0,0,0
0.62952,-0.35209,1.0858,0.031782,0.054829,0.025567,0.9763,-0.21644,0,0,0,0,0
0.6338,-0.35051,1.0866,0.031187,0.055577,0.025916,0.9763,-0.21644,0,0,0,0,0
0.63809,-0.34891,1.0873,0.030557,0.056332,0.026268,0.9763,-0.21644,0,0,0,0,0
0.64239,-0.34729,1.0881,0.029893,0.057092,0.026623,0.9763,-0.21644,0,0,0,0,0
0.64671,-0.34564,1.0888,0.029192,0.057858,0.02698,0.9763,-0.21644,0,0,0,0,0
0.65104,-0.34396,1.0896,0.028454,0.058629,0.027339,0.9763,-0.21644,0,0,0,0,0
0.65538,-0.34227,1.0904,0.027678,0.059405,0.027701,0.9763,-0.21644,0,0,0,0,0
0.65973,-0.34055,1.0912,0.026863,0.060186,0.028065,0.9763,-0.21644,0,0,0,0,0
0.66409,-0.3388,1.092,0.026007,0.060971,0.028431,0.9763,-0.21644,0,0,0,0,0
0.66846,-0.33703,1.0928,0.02511,0.061759,0.028799,0.9763,-0.21644,0,0,0,0,0
0.67284,-0.33524,1.0937,0.024171,0.062552,0.029168,0.9763,-0.21644,0,0,0,0,0
0.67723,-0.33342,1.0945,0.023188,0.063347,0.029539,0.9763,-0.21644,0,0,0,0,0
0.68162,-0.33157,1.0954,0.02216,0.064145,0.029911,0.9763,-0.21644,0,0,0,0,0
0.68603,-0.3297,1.0963,0.021086,0.064946,0.030285,0.9763,-0.21644,0,0,0,0,0
0.69044,-0.3278,1.0971,0.019965,0.065748,0.030659,0.9763,-0.21644,0,0,0,0,0
0.69487,-0.32588,1.098,0.018797,0.066551,0.031033,0.9763,-0.21644,0,0,0,0,0
0.6993,-0.32393,1.0989,0.017579,0.067356,0.031408,0.9763,-0.21644,0,0,0,0,0
0.70373,-0.32195,1.0999,0.016311,0.06816,0.031784,0.9763,-0.21644,0,0,0,0,0
0.70817,-0.31994,1.1008,0.014991,0.068964,0.032159,0.9763,-0.21644,0,0,0,0,0
0.71262,-0.31791,1.1018,0.01362,0.069767,0.032533,0.9763,-0.21644,0,0,0,0,0
0.71707,-0.31585,1.1027,0.012194,0.070569,0.032907,0.9763,-0.21644,0,0,0,0,0
0.72153,-0.31376,1.1037,0.010714,0.071368,0.033279,0.9763,-0.21644,0,0,0,0,0
0.72599,-0.31164,1.1047,0.0091779,0.072164,0.033651,0.9763,-0.21644,0,0,0,0,0
0.73045,-0.30949,1.1057,0.0075852,0.072956,0.03402,0.9763,-0.21644,0,0,0,0,0
0.73491,-0.30731,1.1067,0.0059346,0.073744,0.034387,0.9763,-0.21644,0,0,0,0,0
0.73938,-0.3051,1.1077,0.0042253,0.074526,0.034752,0.9763,-0.21644,0,0,0,0,0
0.74385,-0.30286,1.1088,0.0024561,0.075302,0.035114,0.9763,-0.21644,0,0,0,0,0
0.74832,-0.3006,1.1098,0.00062606,0.076071,0.035473,0.9763,-0.21644,0,0,0,0,0
0.75278,-0.2983,1.1109,-0.0012657,0.076833,0.035828,0.9763,-0.21644,0,0,0,0,0
0.75725,-0.29597,1.112,-0.00322,0.077585,0.036178,0.9763,-0.21644,0,0,0,0,0
0.76171,-0.2936,1.1131,-0.0052378,0.078327,0.036524,0.9763,-0.21644,0,0,0,0,0
0.76618,-0.29121,1.1142,-0.0073199,0.079058,0.036866,0.9763,-0.21644,0,0,0,0,0
0.77063,-0.28879,1.1153,-0.009467,0.079778,0.037201,0.9763,-0.21644,0,0,0,0,0
0.77509,-0.28633,1.1165,-0.01168,0.080484,0.03753,0.9763,-0.21644,0,0,0,0,0
0.77953,-0.28384,1.1176,-0.013959,0.081176,0.037853,0.9763,-0.21644,0,0,0,0,0
0.78397,-0.28132,1.1188,-0.016305,0.081853,0.038169,0.9763,-0.21644,0,0,0,0,0
0.78841,-0.27876,1.12,-0.018719,0.082514,0.038477,0.9763,-0.21644,0,0,0,0,0
0.79283,-0.27617,1.1212,-0.021201,0.083156,0.038776,0.9763,-0.21644,0,0,0,0,0
0.79725,-0.27355,1.1224,-0.023751,0.08378,0.039067,0.9763,-0.21644,0,0,0,0,0
0.80165,-0.27089,1.1237,-0.02637,0.084383,0.039349,0.9763,-0.21644,0,0,0,0,0
0.80604,-0.2682,1.1249,-0.029057,0.084965,0.03962,0.9763,-0.21644,0,0,0,0,0
0.81042,-0.26548,1.1262,-0.031814,0.085524,0.03988,0.9763,-0.21644,0,0,0,0,0
0.81479,-0.26272,1.1275,-0.03464,0.086058,0.04013,0.9763,-0.21644,0,0,0,0,0
0.81914,-0.25992,1.1288,-0.037534,0.086567,0.040367,0.9763,-0.21644,0,0,0,0,0
0.82348,-0.2571,1.1301,-0.040498,0.087048,0.040591,0.9763,-0.21644,0,0,0,0,0
0.8278,-0.25423,1.1314,-0.043529,0.087501,0.040802,0.9763,-0.21644,0,0,0,0,0
0.83209,-0.25133,1.1328,-0.046629,0.087923,0.040999,0.9763,-0.21644,0,0,0,0,0
0.83637,-0.2484,1.1342,-0.049796,0.088314,0.041182,0.9763,-0.21644,0,0,0,0,0
0.84063,-0.24543,1.1356,-0.05303,0.088672,0.041348,0.9763,-0.21644,0,0,0,0,0
0.84487,-0.24243,1.137,-0.05633,0.088994,0.041499,0.9763,-0.21644,0,0,0,0,0
0.84908,-0.23939,1.1384,-0.059695,0.089281,0.041632,0.9763,-0.21644,0,0,0,0,0
0.85326,-0.23631,1.1398,-0.063124,0.089529,0.041748,0.9763,-0.21644,0,0,0,0,0
0.85742,-0.2332,1.1413,-0.066616,0.089738,0.041845,0.9763,-0.21644,0,0,0,0,0
0.86156,-0.23005,1.1427,-0.070169,0.089906,0.041924,0.9763,-0.21644,0,0,0,0,0
0.86566,-0.22686,1.1442,-0.073782,0.09003,0.041982,0.9763,-0.21644,0,0,0,0,0
0.86973,-0.22364,1.1457,-0.077453,0.090111,0.042019,0.9763,-0.21644,0,0,0,0,0
0.87377,-0.22039,1.1472,-0.081179,0.090146,0.042036,0.9763,-0.21644,0,0,0,0,0
0.87777,-0.2171,1.1488,-0.08496,0.090133,0.042029,0.9763,-0.21644,0,0,0,0,0
0.88174,-0.21377,1.1503,-0.088793,0.09007,0.042,0.9763,-0.21644,0,0,0,0,0
0.88567,-0.2104,1.1519,-0.092675,0.089957,0.041948,0.9763,-0.21644,0,0,0,0,0
0.88957,-0.207,1.1535,-0.096604,0.089792,0.041871,0.9763,-0.21644,0,0,0,0,0
0.89342,-0.20357,1.1551,-0.10058,0.089573,0.041769,0.9763,-0.21644,0,0,0,0,0
0.89723,-0.20009,1.1567,-0.10459,0.089299,0.041641,0.9763,-0.21644,0,0,0,0,0
0.901,-0.19659,1.1583,-0.10864,0.088968,0.041486,0.9763,-0.21644,0,0,0,0,0
0.90472,-0.19304,1.16,-0.11273,0.088579,0.041305,0.9763,-0.21644,0,0,0,0,0
0.9084,-0.18947,1.1617,-0.11684,0.08813,0.041096,0.9763,-0.21644,0,0,0,0,0
0.91203,-0.18585,1.1633,-0.12099,0.087621,0.040858,0.9763,-0.21644,0,0,0,0,0
0.9156,-0.1822,1.165,-0.12516,0.087049,0.040592,0.9763,-0.21644,0,0,0,0,0
0.91913,-0.17852,1.1668,-0.12934,0.086415,0.040296,0.9763,-0.21644,0,0,0,0,0
0.9226,-0.17481,1.1685,-0.13354,0.085716,0.03997,0.9763,-0.21644,0,0,0,0,0
0.92602,-0.17105,1.1702,-0.13776,0.084951,0.039613,0.9763,-0.21644,0,0,0,0,0
0.92938,-0.16727,1.172,-0.14197,0.08412,0.039226,0.9763,-0.21644,0,0,0,0,0
0.93268,-0.16345,1.1738,-0.14619,0.083222,0.038807,0.9763,-0.21644,0,0,0,0,0
0.93592,-0.1596,1.1756,-0.15041,0.082255,0.038356,0.9763,-0.21644,0,0,0,0,0
0.9391,-0.15572,1.1774,-0.15461,0.08122,0.037874,0.9763,-0.21644,0,0,0,0,0
0.94222,-0.1518,1.1792,-0.1588,0.080116,0.037359,0.9763,-0.21644,0,0,0,0,0
0.94527,-0.14786,1.1811,-0.16297,0.078942,0.036811,0.9763,-0.21644,0,0,0,0,0
0.94826,-0.14388,1.1829,-0.16712,0.077697,0.036231,0.9763,-0.21644,0,0,0,0,0
0.95117,-0.13987,1.1848,-0.17124,0.076382,0.035618,0.9763,-0.21644,0,0,0,0,0
0.95402,-0.13583,1.1867,-0.17532,0.074997,0.034971,0.9763,-0.21644,0,0,0,0,0
0.95679,-0.13176,1.1886,-0.17935,0.073541,0.034293,0.9763,-0.21644,0,0,0,0,0
0.95949,-0.12767,1.1905,-0.18334,0.072014,0.033581,0.9763,-0.21644,0,0,0,0,0
0.96212,-0.12354,1.1924,-0.18727,0.070417,0.032836,0.9763,-0.21644,0,0,0,0,0
0.96467,-0.11939,1.1943,-0.19115,0.068751,0.032059,0.9763,-0.21644,0,0,0,0,0
0.96714,-0.11521,1.1963,-0.19496,0.067015,0.03125,0.9763,-0.21644,0,0,0,0,0
0.96953,-0.11101,1.1982,-0.19869,0.065211,0.030408,0.9763,-0.21644,0,0,0,0,0
0.97184,-0.10677,1.2002,-0.20235,0.063339,0.029536,0.9763,-0.21644,0,0,0,0,0
0.97407,-0.10252,1.2022,-0.20592,0.061401,0.028632,0.9763,-0.21644,0,0,0,0,0
0.97622,-0.09824,1.2042,-0.2094,0.059397,0.027697,0.9763,-0.21644,0,0,0,0,0
0.97828,-0.093939,1.2062,-0.21279,0.057329,0.026733,0.9763,-0.21644,0,0,0,0,0
0.98025,-0.089615,1.2082,-0.21607,0.055198,0.025739,0.9763,-0.21644,0,0,0,0,0
0.98214,-0.08527,1.2102,-0.21924,0.053006,0.024717,0.9763,-0.21644,0,0,0,0,0
0.98393,-0.080904,1.2123,-0.2223,0.050755,0.023667,0.9763,-0.21644,0,0,0,0,0
0.98564,-0.076519,1.2143,-0.22525,0.048446,0.022591,0.9763,-0.21644,0,0,0,0,0
0.98726,-0.072116,1.2164,-0.22806,0.046082,0.021488,0.9763,-0.21644,0,0,0,0,0
0.98878,-0.067696,1.2184,-0.23075,0.043664,0.020361,0.9763,-0.21644,0,0,0,0,0
0.99021,-0.063258,1.2205,-0.2333,0.041196,0.01921,0.9763,-0.21644,0,0,0,0,0
0.99154,-0.058806,1.2226,-0.23571,0.038679,0.018036,0.9763,-0.21644,0,0,0,0,0
0.99278,-0.054339,1.2247,-0.23798,0.036116,0.016841,0.9763,-0.21644,0,0,0,0,0
0.99393,-0.049858,1.2268,-0.24009,0.03351,0.015626,0.9763,-0.21644,0,0,0,0,0
0.99498,-0.045365,1.2288,-0.24206,0.030864,0.014392,0.9763,-0.21644,0,0,0,0,0
0.99593,-0.040861,1.2309,-0.24386,0.02818,0.013141,0.9763,-0.21644,0,0,0,0,0
0.99678,-0.036347,1.2331,-0.24551,0.025462,0.011873,0.9763,-0.21644,0,0,0,0,0
0.99753,-0.031824,1.2352,-0.24699,0.022713,0.010591,0.9763,-0.21644,0,0,0,0,0
0.99818,-0.027292,1.2373,-0.24831,0.019936,0.0092964,0.9763,-0.21644,0,0,0,0,0
0.99874,-0.022754,1.2394,-0.24945,0.017134,0.0079899,0.9763,-0.21644,0,0,0,0,0
0.99919,-0.01821,1.2415,-0.25042,0.014311,0.0066736,0.9763,-0.21644,0,0,0,0,0
0.99955,-0.013662,1.2436,-0.25122,0.011471,0.0053489,0.9763,-0.21644,0,0,0,0,0
0.9998,-0.0091097,1.2458,-0.25184,0.0086156,0.0040175,0.9763,-0.21644,0,0,0,0,0
0.99995,-0.0045554,1.2479,-0.25229,0.0057497,0.0026811,0.9763,-0.21644,0,0,0,0,0
1,-2.2198e-16,1.25,-0.25256,0.0028767,0.0013414,0.9763,-0.21644,0,0,0,0,0
