1,0,1.25,0,0,0,1,0,0,0,0,0,0
0.99992,0.0060687,1.2516,-0.19737,15.172,4.0653,1,0,0,0,0,0,0
0.99968,0.012135,1.2533,-0.39453,-0.005987,-0.0016042,1,0,0,0,0,0,0
0.99929,0.018197,1.2549,-0.39388,-0.011962,-0.0032053,1,0,0,0,0,0,0
0.99874,0.024251,1.2565,-0.39279,-0.017914,-0.0048001,1,0,0,0,0,0,0
0.99803,0.030296,1.2581,-0.39127,-0.023831,-0.0063856,1,0,0,0,0,0,0
0.99717,0.036329,1.2597,-0.38933,-0.029702,-0.0079586,1,0,0,0,0,0,0
0.99615,0.042347,1.2613,-0.38697,-0.035515,-0.0095163,1,0,0,0,0,0,0
0.99498,0.04835,1.263,-0.3842,-0.04126,-0.011056,1,0,0,0,0,0,0
0.99365,0.054333,1.2646,-0.38102,-0.046926,-0.012574,1,0,0,0,0,0,0
0.99218,0.060295,1.2662,-0.37746,-0.052502,-0.014068,1,0,0,0,0,0,0
0.99055,0.066235,1.2677,-0.37351,-0.05798,-0.015536,1,0,0,0,0,0,0
0.98878,0.072149,1.2693,-0.36919,-0.063348,-0.016974,1,0,0,0,0,0,0
0.98686,0.078035,1.2709,-0.36452,-0.068599,-0.018381,1,0,0,0,0,0,0
0.9848,0.083892,1.2725,-0.3595,-0.073724,-0.019754,1,0,0,0,0,0,0
0.98259,0.089718,1.274,-0.35416,-0.078715,-0.021092,1,0,0,0,0,0,0
0.98025,0.09551,1.2756,-0.34851,-0.083565,-0.022391,1,0,0,0,0,0,0
0.97777,0.10127,1.2771,-0.34256,-0.088266,-0.023651,1,0,0,0,0,0,0
0.97516,0.10699,1.2787,-0.33633,-0.092813,-0.024869,1,0,0,0,0,0,0
0.97241,0.11267,1.2802,-0.32985,-0.097199,-0.026045,1,0,0,0,0,0,0
0.96953,0.11831,1.2817,-0.32312,-0.10142,-0.027176,1,0,0,0,0,0,0
0.96653,0.12391,1.2832,-0.31616,-0.10547,-0.028261,1,0,0,0,0,0,0
0.9634,0.12946,1.2847,-0.309,-0.10935,-0.029301,1,0,0,0,0,0,0
0.96016,0.13497,1.2862,-0.30165,-0.11305,-0.030293,1,0,0,0,0,0,0
0.95679,0.14043,1.2876,-0.29413,-0.11658,-0.031237,1,0,0,0,0,0,0
0.95331,0.14585,1.2891,-0.28647,-0.11992,-0.032132,1,0,0,0,0,0,0
0.94972,0.15121,1.2905,-0.27866,-0.12308,-0.032979,1,0,0,0,0,0,0
0.94602,0.15653,1.2919,-0.27075,-0.12605,-0.033776,1,0,0,0,0,0,0
0.94222,0.16179,1.2934,-0.26274,-0.12885,-0.034524,1,0,0,0,0,0,0
0.93832,0.167,1.2947,-0.25465,-0.13145,-0.035223,1,0,0,0,0,0,0
0.93431,0.17216,1.2961,-0.24649,-0.13388,-0.035873,1,0,0,0,0,0,0
0.93021,0.17726,1.2975,-0.2383,-0.13613,-0.036475,1,0,0,0,0,0,0
0.92602,0.18231,1.2988,-0.23007,-0.13819,-0.037028,1,0,0,0,0,0,0
0.92174,0.1873,1.3002,-0.22183,-0.14008,-0.037534,1,0,0,0,0,0,0
0.91737,0.19223,1.3015,-0.2136,-0.14179,-0.037993,1,0,0,0,0,0,0
0.91293,0.19711,1.3028,-0.20538,-0.14333,-0.038405,1,0,0,0,0,0,0
0.9084,0.20193,1.3041,-0.19719,-0.1447,-0.038773,1,0,0,0,0,0,0
0.9038,0.20669,1.3054,-0.18905,-0.14591,-0.039096,1,0,0,0,0,0,0
0.89912,0.21139,1.3066,-0.18096,-0.14695,-0.039376,1,0,0,0,0,0,0
0.89438,0.21604,1.3079,-0.17294,-0.14784,-0.039614,1,0,0,0,0,0,0
0.88957,0.22062,1.3091,-0.165,-0.14857,-0.039811,1,0,0,0,0,0,0
0.88469,0.22514,1.3103,-0.15715,-0.14916,-0.039967,1,0,0,0,0,0,0
0.87976,0.22961,1.3115,-0.14941,-0.1496,-0.040086,1,0,0,0,0,0,0
0.87477,0.23401,1.3127,-0.14177,-0.14991,-0.040167,1,0,0,0,0,0,0
0.86973,0.23836,1.3139,-0.13424,-0.15007,-0.040212,1,0,0,0,0,0,0
0.86464,0.24264,1.315,-0.12685,-0.15011,-0.040223,1,0,0,0,0,0,0
0.85949,0.24686,1.3161,-0.11958,-0.15003,-0.040201,1,0,0,0,0,0,0
0.85431,0.25103,1.3173,-0.11245,-0.14983,-0.040146,1,0,0,0,0,0,0
0.84908,0.25513,1.3184,-0.10547,-0.14951,-0.040062,1,0,0,0,0,0,0
0.84381,0.25918,1.3194,-0.098637,-0.14909,-0.039948,1,0,0,0,0,0,0
0.83851,0.26316,1.3205,-0.091955,-0.14856,-0.039807,1,0,0,0,0,0,0
0.83317,0.26709,1.3216,-0.08543,-0.14794,-0.03964,1,0,0,0,0,0,0
0.8278,0.27096,1.3226,-0.079065,-0.14722,-0.039447,1,0,0,0,0,0,0
0.8224,0.27477,1.3236,-0.072863,-0.14641,-0.039232,1,0,0,0,0,0,0
0.81697,0.27852,1.3246,-0.066825,-0.14553,-0.038994,1,0,0,0,0,0,0
0.81152,0.28221,1.3256,-0.060954,-0.14456,-0.038735,1,0,0,0,0,0,0
0.80604,0.28584,1.3266,-0.05525,-0.14353,-0.038457,1,0,0,0,0,0,0
0.80055,0.28942,1.3276,-0.049715,-0.14242,-0.038161,1,0,0,0,0,0,0
0.79504,0.29294,1.3285,-0.044347,-0.14125,-0.037848,1,0,0,0,0,0,0
0.78951,0.29641,1.3294,-0.039149,-0.14002,-0.037519,1,0,0,0,0,0,0
0.78397,0.29982,1.3303,-0.034118,-0.13874,-0.037175,1,0,0,0,0,0,0
0.77842,0.30318,1.3312,-0.029254,-0.13741,-0.036818,1,0,0,0,0,0,0
0.77286,0.30648,1.3321,-0.024556,-0.13603,-0.036449,1,0,0,0,0,0,0
0.76729,0.30972,1.333,-0.020022,-0.13461,-0.036068,1,0,0,0,0,0,0
0.76171,0.31292,1.3338,-0.015652,-0.13315,-0.035677,1,0,0,0,0,0,0
0.75613,0.31606,1.3347,-0.011442,-0.13165,-0.035277,1,0,0,0,0,0,0
0.75055,0.31915,1.3355,-0.0073912,-0.13013,-0.034868,1,0,0,0,0,0,0
0.74497,0.32219,1.3363,-0.0034967,-0.12858,-0.034452,1,0,0,0,0,0,0
0.73938,0.32517,1.3371,0.00024383,-0.127,-0.034029,1,0,0,0,0,0,0
0.7338,0.32811,1.3379,0.0038331,-0.1254,-0.033601,1,0,0,0,0,0,0
0.72822,0.331,1.3387,0.007274,-0.12378,-0.033167,1,0,0,0,0,0,0
0.72264,0.33384,1.3395,0.010569,-0.12215,-0.03273,1,0,0,0,0,0,0
0.71707,0.33663,1.3402,0.013722,-0.1205,-0.032289,1,0,0,0,0,0,0
0.71151,0.33937,1.3409,0.016736,-0.11885,-0.031845,1,0,0,0,0,0,0
0.70595,0.34206,1.3417,0.019614,-0.11718,-0.031399,1,0,0,0,0,0,0
0.7004,0.34471,1.3424,0.022359,-0.11551,-0.030952,1,0,0,0,0,0,0
0.69487,0.34732,1.3431,0.024974,-0.11384,-0.030504,1,0,0,0,0,0,0
0.68934,0.34988,1.3437,0.027463,-0.11217,-0.030055,1,0,0,0,0,0,0
0.68383,0.35239,1.3444,0.02983,-0.11049,-0.029606,1,0,0,0,0,0,0
0.67832,0.35486,1.3451,0.032077,-0.10882,-0.029158,1,0,0,0,0,0,0
0.67284,0.35729,1.3457,0.034209,-0.10715,-0.028712,1,0,0,0,0,0,0
0.66736,0.35968,1.3464,0.036227,-0.10549,-0.028266,1,0,0,0,0,0,0
0.66191,0.36202,1.347,0.038137,-0.10384,-0.027823,1,0,0,0,0,0,0
0.65646,0.36433,1.3476,0.039941,-0.10219,-0.027382,1,0,0,0,0,0,0
0.65104,0.36659,1.3482,0.041642,-0.10055,-0.026943,1,0,0,0,0,0,0
0.64563,0.36881,1.3488,0.043245,-0.098927,-0.026507,1,0,0,0,0,0,0
0.64024,0.371,1.3494,0.044751,-0.097313,-0.026075,1,0,0,0,0,0,0
0.63487,0.37315,1.35,0.046165,-0.095712,-0.025646,1,0,0,0,0,0,0
0.62952,0.37526,1.3505,0.047489,-0.094125,-0.025221,1,0,0,0,0,0,0
0.62418,0.37733,1.3511,0.048727,-0.092553,-0.024799,1,0,0,0,0,0,0
0.61887,0.37936,1.3517,0.049881,-0.090996,-0.024382,1,0,0,0,0,0,0
0.61358,0.38136,1.3522,0.050956,-0.089455,-0.023969,1,0,0,0,0,0,0
0.6083,0.38333,1.3527,0.051953,-0.087932,-0.023561,1,0,0,0,0,0,0
0.60305,0.38526,1.3532,0.052875,-0.086426,-0.023158,1,0,0,0,0,0,0
0.59782,0.38716,1.3537,0.053726,-0.084938,-0.022759,1,0,0,0,0,0,0
0.59262,0.38902,1.3542,0.054508,-0.083468,-0.022365,1,0,0,0,0,0,0
0.58743,0.39085,1.3547,0.055224,-0.082017,-0.021976,1,0,0,0,0,0,0
0.58227,0.39265,1.3552,0.055876,-0.080585,-0.021593,1,0,0,0,0,0,0
0.57713,0.39441,1.3557,0.056467,-0.079173,-0.021214,1,0,0,0,0,0,0
0.57201,0.39615,1.3561,0.056999,-0.077781,-0.020841,1,0,0,0,0,0,0
0.56692,0.39785,1.3566,0.057476,-0.076408,-0.020474,1,0,0,0,0,0,0
0.56184,0.39953,1.3571,0.057898,-0.075056,-0.020111,1,0,0,0,0,0,0
0.5568,0.40117,1.3575,0.05827,-0.073724,-0.019754,1,0,0,0,0,0,0
0.55177,0.40279,1.3579,0.058591,-0.072413,-0.019403,1,0,0,0,0,0,0
0.54677,0.40438,1.3584,0.058866,-0.071121,-0.019057,1,0,0,0,0,0,0
0.54179,0.40594,1.3588,0.059095,-0.069851,-0.018716,1,0,0,0,0,0,0
0.53684,0.40747,1.3592,0.059282,-0.068601,-0.018382,1,0,0,0,0,0,0
0.53191,0.40897,1.3596,0.059427,-0.067371,-0.018052,1,0,0,0,0,0,0
0.527,0.41045,1.36,0.059532,-0.066162,-0.017728,1,0,0,0,0,0,0
0.52212,0.41191,1.3604,0.059601,-0.064974,-0.01741,1,0,0,0,0,0,0
0.51726,0.41333,1.3608,0.059633,-0.063805,-0.017097,1,0,0,0,0,0,0
0.51242,0.41474,1.3611,0.059632,-0.062657,-0.016789,1,0,0,0,0,0,0
0.50761,0.41611,1.3615,0.059598,-0.061529,-0.016487,1,0,0,0,0,0,0
0.50283,0.41747,1.3619,0.059533,-0.060421,-0.01619,1,0,0,0,0,0,0
0.49806,0.4188,1.3622,0.059439,-0.059333,-0.015898,1,0,0,0,0,0,0
0.49332,0.4201,1.3626,0.059317,-0.058264,-0.015612,1,0,0,0,0,0,0
0.48861,0.42139,1.3629,0.059168,-0.057215,-0.015331,1,0,0,0,0,0,0
0.48391,0.42265,1.3632,0.058994,-0.056186,-0.015055,1,0,0,0,0,0,0
0.47925,0.42389,1.3636,0.058796,-0.055175,-0.014784,1,0,0,0,0,0,0
0.4746,0.4251,1.3639,0.058576,-0.054183,-0.014518,1,0,0,0,0,0,0
0.46998,0.4263,1.3642,0.058334,-0.05321,-0.014258,1,0,0,0,0,0,0
0.46538,0.42748,1.3645,0.058073,-0.052256,-0.014002,1,0,0,0,0,0,0
0.4608,0.42863,1.3649,0.057791,-0.05132,-0.013751,1,0,0,0,0,0,0
0.45625,0.42977,1.3652,0.057492,-0.050401,-0.013505,1,0,0,0,0,0,0
0.45172,0.43088,1.3655,0.057176,-0.049501,-0.013264,1,0,0,0,0,0,0
0.44721,0.43198,1.3657,0.056843,-0.048618,-0.013027,1,0,0,0,0,0,0
0.44273,0.43305,1.366,0.056496,-0.047752,-0.012795,1,0,0,0,0,0,0
0.43827,0.43411,1.3663,0.056134,-0.046903,-0.012568,1,0,0,0,0,0,0
0.43383,0.43515,1.3666,0.055758,-0.046071,-0.012345,1,0,0,0,0,0,0
0.42941,0.43617,1.3669,0.055371,-0.045256,-0.012126,1,0,0,0,0,0,0
0.42501,0.43717,1.3671,0.054971,-0.044456,-0.011912,1,0,0,0,0,0,0
0.42064,0.43816,1.3674,0.05456,-0.043673,-0.011702,1,0,0,0,0,0,0
0.41629,0.43913,1.3677,0.054139,-0.042906,-0.011497,1,0,0,0,0,0,0
0.41196,0.44008,1.3679,0.053708,-0.042154,-0.011295,1,0,0,0,0,0,0
0.40765,0.44101,1.3682,0.053268,-0.041417,-0.011098,1,0,0,0,0,0,0
0.40336,0.44193,1.3684,0.05282,-0.040695,-0.010904,1,0,0,0,0,0,0
0.39909,0.44283,1.3687,0.052364,-0.039988,-0.010715,1,0,0,0,0,0,0
0.39484,0.44372,1.3689,0.051901,-0.039295,-0.010529,1,0,0,0,0,0,0
0.39062,0.44459,1.3691,0.051431,-0.038617,-0.010347,1,0,0,0,0,0,0
0.38641,0.44545,1.3694,0.050955,-0.037953,-0.010169,1,0,0,0,0,0,0
0.38223,0.44629,1.3696,0.050474,-0.037302,-0.009995,1,0,0,0,0,0,0
0.37806,0.44712,1.3698,0.049987,-0.036665,-0.0098243,1,0,0,0,0,0,0
0.37392,0.44793,1.37,0.049496,-0.036041,-0.0096571,1,0,0,0,0,0,0
0.36979,0.44873,1.3702,0.049,-0.03543,-0.0094933,1,0,0,0,0,0,0
0.36568,0.44951,1.3704,0.0485,-0.034831,-0.009333,1,0,0,0,0,0,0
0.3616,0.45028,1.3707,0.047997,-0.034246,-0.0091761,1,0,0,0,0,0,0
0.35753,0.45104,1.3709,0.047491,-0.033672,-0.0090224,1,0,0,0,0,0,0
0.35348,0.45178,1.3711,0.046982,-0.033111,-0.008872,1,0,0,0,0,0,0
0.34945,0.45252,1.3713,0.046471,-0.032561,-0.0087247,1,0,0,0,0,0,0
0.34543,0.45323,1.3714,0.045957,-0.032023,-0.0085805,1,0,0,0,0,0,0
0.34144,0.45394,1.3716,0.045442,-0.031496,-0.0084394,1,0,0,0,0,0,0
0.33746,0.45463,1.3718,0.044925,-0.030981,-0.0083013,1,0,0,0,0,0,0
0.3335,0.45531,1.372,0.044407,-0.030476,-0.0081661,1,0,0,0,0,0,0
0.32956,0.45598,1.3722,0.043887,-0.029982,-0.0080337,1,0,0,0,0,0,0
0.32564,0.45664,1.3724,0.043367,-0.029499,-0.0079042,1,0,0,0,0,0,0
0.32173,0.45728,1.3725,0.042847,-0.029026,-0.0077775,1,0,0,0,0,0,0
0.31784,0.45792,1.3727,0.042326,-0.028563,-0.0076535,1,0,0,0,0,0,0
0.31397,0.45854,1.3729,0.041805,-0.02811,-0.0075321,1,0,0,0,0,0,0
0.31011,0.45915,1.373,0.041284,-0.027667,-0.0074133,1,0,0,0,0,0,0
0.30627,0.45975,1.3732,0.040763,-0.027233,-0.0072971,1,0,0,0,0,0,0
0.30245,0.46034,1.3733,0.040243,-0.026809,-0.0071834,1,0,0,0,0,0,0
0.29864,0.46092,1.3735,0.039723,-0.026394,-0.0070722,1,0,0,0,0,0,0
0.29485,0.46149,1.3737,0.039204,-0.025988,-0.0069634,1,0,0,0,0,0,0
0.29107,0.46205,1.3738,0.038686,-0.02559,-0.0068569,1,0,0,0,0,0,0
0.28731,0.4626,1.374,0.038168,-0.025201,-0.0067527,1,0,0,0,0,0,0
0.28356,0.46314,1.3741,0.037652,-0.024821,-0.0066508,1,0,0,0,0,0,0
0.27983,0.46367,1.3742,0.037137,-0.024449,-0.0065512,1,0,0,0,0,0,0
0.27611,0.46419,1.3744,0.036624,-0.024085,-0.0064537,1,0,0,0,0,0,0
0.27241,0.4647,1.3745,0.036111,-0.02373,-0.0063583,1,0,0,0,0,0,0
0.26872,0.4652,1.3746,0.035601,-0.023382,-0.0062651,1,0,0,0,0,0,0
0.26505,0.46569,1.3748,0.035092,-0.023041,-0.0061739,1,0,0,0,0,0,0
0.26139,0.46617,1.3749,0.034584,-0.022708,-0.0060847,1,0,0,0,0,0,0
0.25774,0.46665,1.375,0.034078,-0.022383,-0.0059975,1,0,0,0,0,0,0
0.2541,0.46711,1.3752,0.033574,-0.022065,-0.0059123,1,0,0,0,0,0,0
0.25048,0.46757,1.3753,0.033072,-0.021754,-0.0058289,1,0,0,0,0,0,0
0.24688,0.46801,1.3754,0.032572,-0.02145,-0.0057474,1,0,0,0,0,0,0
0.24328,0.46845,1.3755,0.032074,-0.021152,-0.0056678,1,0,0,0,0,0,0
0.2397,0.46888,1.3756,0.031578,-0.020862,-0.0055899,1,0,0,0,0,0,0
0.23613,0.46931,1.3757,0.031084,-0.020578,-0.0055138,1,0,0,0,0,0,0
0.23257,0.46972,1.3759,0.030592,-0.0203,-0.0054394,1,0,0,0,0,0,0
0.22903,0.47013,1.376,0.030102,-0.020029,-0.0053667,1,0,0,0,0,0,0
0.22549,0.47052,1.3761,0.029614,-0.019764,-0.0052957,1,0,0,0,0,0,0
0.22197,0.47091,1.3762,0.029129,-0.019505,-0.0052262,1,0,0,0,0,0,0
0.21846,0.4713,1.3763,0.028645,-0.019252,-0.0051584,1,0,0,0,0,0,0
0.21496,0.47167,1.3764,0.028164,-0.019004,-0.0050922,1,0,0,0,0,0,0
0.21148,0.47204,1.3765,0.027685,-0.018763,-0.0050275,1,0,0,0,0,0,0
0.208,0.4724,1.3766,0.027208,-0.018527,-0.0049643,1,0,0,0,0,0,0
0.20453,0.47275,1.3767,0.026734,-0.018297,-0.0049026,1,0,0,0,0,0,0
0.20108,0.4731,1.3768,0.026262,-0.018072,-0.0048424,1,0,0,0,0,0,0
0.19763,0.47344,1.3769,0.025792,-0.017853,-0.0047836,1,0,0,0,0,0,0
0.1942,0.47377,1.3769,0.025324,-0.017638,-0.0047262,1,0,0,0,0,0,0
0.19077,0.47409,1.377,0.024858,-0.017429,-0.0046701,1,0,0,0,0,0,0
0.18735,0.47441,1.3771,0.024395,-0.017225,-0.0046155,1,0,0,0,0,0,0
0.18395,0.47472,1.3772,0.023934,-0.017026,-0.0045621,1,0,0,0,0,0,0
0.18055,0.47503,1.3773,0.023475,-0.016832,-0.0045101,1,0,0,0,0,0,0
0.17716,0.47532,1.3774,0.023018,-0.016642,-0.0044593,1,0,0,0,0,0,0
0.17379,0.47561,1.3774,0.022564,-0.016458,-0.0044099,1,0,0,0,0,0,0
0.17042,0.4759,1.3775,0.022111,-0.016278,-0.0043616,1,0,0,0,0,0,0
0.16705,0.47618,1.3776,0.021661,-0.016102,-0.0043146,1,0,0,0,0,0,0
0.1637,0.47645,1.3777,0.021213,-0.015931,-0.0042688,1,0,0,0,0,0,0
0.16036,0.47671,1.3777,0.020767,-0.015765,-0.0042241,1,0,0,0,0,0,0
0.15702,0.47697,1.3778,0.020323,-0.015602,-0.0041806,1,0,0,0,0,0,0
0.15369,0.47722,1.3779,0.019881,-0.015444,-0.0041383,1,0,0,0,0,0,0
0.15037,0.47747,1.3779,0.019442,-0.015291,-0.0040971,1,0,0,0,0,0,0
0.14706,0.47771,1.378,0.019004,-0.015141,-0.004057,1,0,0,0,0,0,0
0.14375,0.47795,1.3781,0.018568,-0.014995,-0.004018,1,0,0,0,0,0,0
0.14046,0.47818,1.3781,0.018134,-0.014854,-0.00398,1,0,0,0,0,0,0
0.13717,0.4784,1.3782,0.017702,-0.014716,-0.0039431,1,0,0,0,0,0,0
0.13388,0.47861,1.3782,0.017272,-0.014582,-0.0039073,1,0,0,0,0,0,0
0.1306,0.47883,1.3783,0.016844,-0.014452,-0.0038725,1,0,0,0,0,0,0
0.12733,0.47903,1.3784,0.016417,-0.014326,-0.0038386,1,0,0,0,0,0,0
0.12407,0.47923,1.3784,0.015993,-0.014204,-0.0038058,1,0,0,0,0,0,0
0.12081,0.47943,1.3785,0.01557,-0.014085,-0.003774,1,0,0,0,0,0,0
0.11756,0.47961,1.3785,0.015148,-0.01397,-0.0037431,1,0,0,0,0,0,0
0.11431,0.4798,1.3786,0.014729,-0.013858,-0.0037132,1,0,0,0,0,0,0
0.11107,0.47997,1.3786,0.014311,-0.01375,-0.0036842,1,0,0,0,0,0,0
0.10784,0.48015,1.3787,0.013895,-0.013645,-0.0036562,1,0,0,0,0,0,0
0.10461,0.48031,1.3787,0.01348,-0.013544,-0.0036291,1,0,0,0,0,0,0
0.10138,0.48047,1.3787,0.013067,-0.013446,-0.0036029,1,0,0,0,0,0,0
0.098164,0.48063,1.3788,0.012655,-0.013352,-0.0035775,1,0,0,0,0,0,0
0.094949,0.48078,1.3788,0.012245,-0.01326,-0.0035531,1,0,0,0,0,0,0
0.09174,0.48093,1.3789,0.011836,-0.013172,-0.0035296,1,0,0,0,0,0,0
0.088534,0.48107,1.3789,0.011428,-0.013088,-0.0035069,1,0,0,0,0,0,0
0.085334,0.4812,1.3789,0.011022,-0.013006,-0.003485,1,0,0,0,0,0,0
0.082137,0.48133,1.379,0.010617,-0.012928,-0.003464,1,0,0,0,0,0,0
0.078945,0.48146,1.379,0.010213,-0.012853,-0.0034439,1,0,0,0,0,0,0
0.075757,0.48158,1.379,0.0098103,-0.012781,-0.0034245,1,0,0,0,0,0,0
0.072572,0.48169,1.3791,0.0094089,-0.012712,-0.003406,1,0,0,0,0,0,0
0.069391,0.4818,1.3791,0.0090085,-0.012646,-0.0033884,1,0,0,0,0,0,0
0.066213,0.4819,1.3791,0.0086092,-0.012582,-0.0033715,1,0,0,0,0,0,0
0.063039,0.482,1.3792,0.008211,-0.012522,-0.0033554,1,0,0,0,0,0,0
0.059868,0.4821,1.3792,0.0078136,-0.012465,-0.0033401,1,0,0,0,0,0,0
0.0567,0.48219,1.3792,0.0074172,-0.012411,-0.0033256,1,0,0,0,0,0,0
0.053534,0.48227,1.3792,0.0070217,-0.01236,-0.0033119,1,0,0,0,0,0,0
0.050371,0.48235,1.3792,0.006627,-0.012312,-0.0032989,1,0,0,0,0,0,0
0.047211,0.48242,1.3793,0.0062331,-0.012266,-0.0032867,1,0,0,0,0,0,0
0.044053,0.48249,1.3793,0.0058399,-0.012224,-0.0032753,1,0,0,0,0,0,0
0.040898,0.48256,1.3793,0.0054475,-0.012184,-0.0032646,1,0,0,0,0,0,0
0.037744,0.48262,1.3793,0.0050556,-0.012147,-0.0032547,1,0,0,0,0,0,0
0.034592,0.48267,1.3793,0.0046644,-0.012113,-0.0032456,1,0,0,0,0,0,0
0.031442,0.48272,1.3793,0.0042737,-0.012081,-0.0032371,1,0,0,0,0,0,0
0.028293,0.48277,1.3794,0.0038836,-0.012053,-0.0032295,1,0,0,0,0,0,0
0.025146,0.48281,1.3794,0.0034939,-0.012027,-0.0032226,1,0,0,0,0,0,0
0.022,0.48285,1.3794,0.0031046,-0.012004,-0.0032164,1,0,0,0,0,0,0
0.018855,0.48288,1.3794,0.0027157,-0.011983,-0.0032109,1,0,0,0,0,0,0
0.015711,0.4829,1.3794,0.0023272,-0.011966,-0.0032062,1,0,0,0,0,0,0
0.012568,0.48292,1.3794,0.0019389,-0.011951,-0.0032022,1,0,0,0,0,0,0
0.0094255,0.48294,1.3794,0.0015508,-0.011939,-0.0031989,1,0,0,0,0,0,0
0.0062834,0.48295,1.3794,0.001163,-0.011929,-0.0031964,1,0,0,0,0,0,0
0.0031416,0.48296,1.3794,0.00077523,-0.011922,-0.0031946,1,0,0,0,0,0,0
3.0616e-17,0.48296,1.3794,0.00038759,-0.011918,-0.0031935,1,0,0,0,0,0,0
-0.0031416,0.48296,1.3794,-1.3878e-15,-0.011917,-0.0031931,1,0,0,0,0,0,0
-0.0062834,0.48295,1.3794,-0.00038759,-0.011918,-0.0031935,1,0,0,0,0,0,0
-0.0094255,0.48294,1.3794,-0.00077523,-0.011922,-0.0031946,1,0,0,0,0,0,0
-0.012568,0.48292,1.3794,-0.001163,-0.011929,-0.0031964,1,0,0,0,0,0,0
-0.015711,0.4829,1.3794,-0.0015508,-0.011939,-0.0031989,1,0,0,0,0,0,0
-0.018855,0.48288,1.3794,-0.0019389,-0.011951,-0.0032022,1,0,0,0,0,0,0
-0.022,0.48285,1.3794,-0.0023272,-0.011966,-0.0032062,1,0,0,0,0,0,0
-0.025146,0.48281,1.3794,-0.0027157,-0.011983,-0.0032109,1,0,0,0,0,0,0
-0.028293,0.48277,1.3794,-0.0031046,-0.012004,-0.0032164,1,0,0,0,0,0,0
-0.031442,0.48272,1.3793,-0.0034939,-0.012027,-0.0032226,1,0,0,0,0,0,0
-0.034592,0.48267,1.3793,-0.0038836,-0.012053,-0.0032295,1,0,0,0,0,0,0
-0.037744,0.48262,1.3793,-0.0042737,-0.012081,-0.0032371,1,0,0,0,0,0,0
-0.040898,0.48256,1.3793,-0.0046644,-0.012113,-0.0032456,1,0,0,0,0,0,0
-0.044053,0.48249,1.3793,-0.0050556,-0.012147,-0.0032547,1,0,0,0,0,0,0
-0.047211,0.48242,1.3793,-0.0054475,-0.012184,-0.0032646,1,0,0,0,0,0,0
-0.050371,0.48235,1.3792,-0.0058399,-0.012224,-0.0032753,1,0,0,0,0,0,0
-0.053534,0.48227,1.3792,-0.0062331,-0.012266,-0.0032867,1,0,0,0,0,0,0
-0.0567,0.48219,1.3792,-0.006627,-0.012312,-0.0032989,1,0,0,0,0,0,0
-0.059868,0.4821,1.3792,-0.0070217,-0.01236,-0.0033119,1,0,0,0,0,0,0
-0.063039,0.482,1.3792,-0.0074172,-0.012411,-0.0033256,1,0,0,0,0,0,0
-0.066213,0.4819,1.3791,-0.0078136,-0.012465,-0.0033401,1,0,0,0,0,0,0
-0.069391,0.4818,1.3791,-0.008211,-0.012522,-0.0033554,1,0,0,0,0,0,0
-0.072572,0.48169,1.3791,-0.0086092,-0.012582,-0.0033715,1,0,0,0,0,0,0
-0.075757,0.48158,1.379,-0.0090085,-0.012646,-0.0033884,1,0,0,0,0,0,0
-0.078945,0.48146,1.379,-0.0094089,-0.012712,-0.003406,1,0,0,0,0,0,0
-0.082137,0.48133,1.379,-0.0098103,-0.012781,-0.0034245,1,0,0,0,0,0,0
-0.085334,0.4812,1.3789,-0.010213,-0.012853,-0.0034439,1,0,0,0,0,0,0
-0.088534,0.48107,1.3789,-0.010617,-0.012928,-0.003464,1,0,0,0,0,0,0
-0.09174,0.48093,1.3789,-0.011022,-0.013006,-0.003485,1,0,0,0,0,0,0
-0.094949,0.48078,1.3788,-0.011428,-0.013088,-0.0035069,1,0,0,0,0,0,0
-0.098164,0.48063,1.3788,-0.011836,-0.013172,-0.0035296,1,0,0,0,0,0,0
-0.10138,0.48047,1.3787,-0.012245,-0.01326,-0.0035531,1,0,0,0,0,0,0
-0.10461,0.48031,1.3787,-0.012655,-0.013352,-0.0035775,1,0,0,0,0,0,0
-0.10784,0.48015,1.3787,-0.013067,-0.013446,-0.0036029,1,0,0,0,0,0,0
-0.11107,0.47997,1.3786,-0.01348,-0.013544,-0.0036291,1,0,0,0,0,0,0
-0.11431,0.4798,1.3786,-0.013895,-0.013645,-0.0036562,1,0,0,0,0,0,0
-0.11756,0.47961,1.3785,-0.014311,-0.01375,-0.0036842,1,0,0,0,0,0,0
-0.12081,0.47943,1.3785,-0.014729,-0.013858,-0.0037132,1,0,0,0,0,0,0
-0.12407,0.47923,1.3784,-0.015148,-0.01397,-0.0037431,1,0,0,0,0,0,0
-0.12733,0.47903,1.3784,-0.01557,-0.014085,-0.003774,1,0,0,0,0,0,0
-0.1306,0.47883,1.3783,-0.015993,-0.014204,-0.0038058,1,0,0,0,0,0,0
-0.13388,0.47861,1.3782,-0.016417,-0.014326,-0.0038386,1,0,0,0,0,0,0
-0.13717,0.4784,1.3782,-0.016844,-0.014452,-0.0038725,1,0,0,0,0,0,0
-0.14046,0.47818,1.3781,-0.017272,-0.014582,-0.0039073,1,0,0,0,0,0,0
-0.14375,0.47795,1.3781,-0.017702,-0.014716,-0.0039431,1,0,0,0,0,0,0
-0.14706,0.47771,1.378,-0.018134,-0.014854,-0.00398,1,0,0,0,0,0,0
-0.15037,0.47747,1.3779,-0.018568,-0.014995,-0.004018,1,0,0,0,0,0,0
-0.15369,0.47722,1.3779,-0.019004,-0.015141,-0.004057,1,0,0,0,0,0,0
-0.15702,0.47697,1.3778,-0.019442,-0.015291,-0.0040971,1,0,0,0,0,0,0
-0.16036,0.47671,1.3777,-0.019881,-0.015444,-0.0041383,1,0,0,0,0,0,0
-0.1637,0.47645,1.3777,-0.020323,-0.015602,-0.0041806,1,0,0,0,0,0,0
-0.16705,0.47618,1.3776,-0.020767,-0.015765,-0.0042241,1,0,0,0,0,0,0
-0.17042,0.4759,1.3775,-0.021213,-0.015931,-0.0042688,1,0,0,0,0,0,0
-0.17379,0.47561,1.3774,-0.021661,-0.016102,-0.0043146,1,0,0,0,0,0,0
-0.17716,0.47532,1.3774,-0.022111,-0.016278,-0.0043616,1,0,0,0,0,0,0
-0.18055,0.47503,1.3773,-0.022564,-0.016458,-0.0044099,1,0,0,0,0,0,0
-0.18395,0.47472,1.3772,-0.023018,-0.016642,-0.0044593,1,0,0,0,0,0,0
-0.18735,0.47441,1.3771,-0.023475,-0.016832,-0.0045101,1,0,0,0,0,0,0
-0.19077,0.47409,1.377,-0.023934,-0.017026,-0.0045621,1,0,0,0,0,0,0
-0.1942,0.47377,1.3769,-0.024395,-0.017225,-0.0046155,1,0,0,0,0,0,0
-0.19763,0.47344,1.3769,-0.024858,-0.017429,-0.0046701,1,0,0,0,0,0,0
-0.20108,0.4731,1.3768,-0.025324,-0.017638,-0.0047262,1,0,0,0,0,0,0
-0.20453,0.47275,1.3767,-0.025792,-0.017853,-0.0047836,1,0,0,0,0,0,0
-0.208,0.4724,1.3766,-0.026262,-0.018072,-0.0048424,1,0,0,0,0,0,0
-0.21148,0.47204,1.3765,-0.026734,-0.018297,-0.0049026,1,0,0,0,0,0,0
-0.21496,0.47167,1.3764,-0.027208,-0.018527,-0.0049643,1,0,0,0,0,0,0
-0.21846,0.4713,1.3763,-0.027685,-0.018763,-0.0050275,1,0,0,0,0,0,0
-0.22197,0.47091,1.3762,-0.028164,-0.019004,-0.0050922,1,0,0,0,0,0,0
-0.22549,0.47052,1.3761,-0.028645,-0.019252,-0.0051584,1,0,0,0,0,0,0
-0.22903,0.47013,1.376,-0.029129,-0.019505,-0.0052262,1,0,0,0,0,0,0
-0.23257,0.46972,1.3759,-0.029614,-0.019764,-0.0052957,1,0,0,0,0,0,0
-0.23613,0.46931,1.3757,-0.030102,-0.020029,-0.0053667,1,0,0,0,0,0,0
-0.2397,0.46888,1.3756,-0.030592,-0.0203,-0.0054394,1,0,0,0,0,0,0
-0.24328,0.46845,1.3755,-0.031084,-0.020578,-0.0055138,1,0,0,0,0,0,0
-0.24688,0.46801,1.3754,-0.031578,-0.020862,-0.0055899,1,0,0,0,0,0,0
-0.25048,0.46757,1.3753,-0.032074,-0.021152,-0.0056678,1,0,0,0,0,0,0
-0.2541,0.46711,1.3752,-0.032572,-0.02145,-0.0057474,1,0,0,0,0,0,0
-0.25774,0.46665,1.375,-0.033072,-0.021754,-0.0058289,1,0,0,0,0,0,0
-0.26139,0.46617,1.3749,-0.033574,-0.022065,-0.0059123,1,0,0,0,0,0,0
-0.26505,0.46569,1.3748,-0.034078,-0.022383,-0.0059975,1,0,0,0,0,0,0
-0.26872,0.4652,1.3746,-0.034584,-0.022708,-0.0060847,1,0,0,0,0,0,0
-0.27241,0.4647,1.3745,-0.035092,-0.023041,-0.0061739,1,0,0,0,0,0,0
-0.27611,0.46419,1.3744,-0.035601,-0.023382,-0.0062651,1,0,0,0,0,0,0
-0.27983,0.46367,1.3742,-0.036111,-0.02373,-0.0063583,1,0,0,0,0,0,0
-0.28356,0.46314,1.3741,-0.036624,-0.024085,-0.0064537,1,0,0,0,0,0,0
-0.28731,0.4626,1.374,-0.037137,-0.024449,-0.0065512,1,0,0,0,0,0,0
-0.29107,0.46205,1.3738,-0.037652,-0.024821,-0.0066508,1,0,0,0,0,0,0
-0.29485,0.46149,1.3737,-0.038168,-0.025201,-0.0067527,1,0,0,0,0,0,0
-0.29864,0.46092,1.3735,-0.038686,-0.02559,-0.0068569,1,0,0,0,0,0,0
-0.30245,0.46034,1.3733,-0.039204,-0.025988,-0.0069634,1,0,0,0,0,0,0
-0.30627,0.45975,1.3732,-0.039723,-0.026394,-0.0070722,1,0,0,0,0,0,0
-0.31011,0.45915,1.373,-0.040243,-0.026809,-0.0071834,1,0,0,0,0,0,0
-0.31397,0.45854,1.3729,-0.040763,-0.027233,-0.0072971,1,0,0,0,0,0,0
-0.31784,0.45792,1.3727,-0.041284,-0.027667,-0.0074133,1,0,0,0,0,0,0
-0.32173,0.45728,1.3725,-0.041805,-0.02811,-0.0075321,1,0,0,0,0,0,0
-0.32564,0.45664,1.3724,-0.042326,-0.028563,-0.0076535,1,0,0,0,0,0,0
-0.32956,0.45598,1.3722,-0.042847,-0.029026,-0.0077775,1,0,0,0,0,0,0
-0.3335,0.45531,1.372,-0.043367,-0.029499,-0.0079042,1,0,0,0,0,0,0
-0.33746,0.45463,1.3718,-0.043887,-0.029982,-0.0080337,1,0,0,0,0,0,0
-0.34144,0.45394,1.3716,-0.044407,-0.030476,-0.0081661,1,0,0,0,0,0,0
-0.34543,0.45323,1.3714,-0.044925,-0.030981,-0.0083013,1,0,0,0,0,0,0
-0.34945,0.45252,1.3713,-0.045442,-0.031496,-0.0084394,1,0,0,0,0,0,0
-0.35348,0.45178,1.3711,-0.045957,-0.032023,-0.0085805,1,0,0,0,0,0,0
-0.35753,0.45104,1.3709,-0.046471,-0.032561,-0.0087247,1,0,0,0,0,0,0
-0.3616,0.45028,1.3707,-0.046982,-0.033111,-0.008872,1,0,0,0,0,0,0
-0.36568,0.44951,1.3704,-0.047491,-0.033672,-0.0090224,1,0,0,0,0,0,0
-0.36979,0.44873,1.3702,-0.047997,-0.034246,-0.0091761,1,0,0,0,0,0,0
-0.37392,0.44793,1.37,-0.0485,-0.034831,-0.009333,1,0,0,0,0,0,0
-0.37806,0.44712,1.3698,-0.049,-0.03543,-0.0094933,1,0,0,0,0,0,0
-0.38223,0.44629,1.3696,-0.049496,-0.036041,-0.0096571,1,0,0,0,0,0,0
-0.38641,0.44545,1.3694,-0.049987,-0.036665,-0.0098243,1,0,0,0,0,0,0
-0.39062,0.44459,1.3691,-0.050474,-0.037302,-0.009995,1,0,0,0,0,0,0
-0.39484,0.44372,1.3689,-0.050955,-0.037953,-0.010169,1,0,0,0,0,0,0
-0.39909,0.44283,1.3687,-0.051431,-0.038617,-0.010347,1,0,0,0,0,0,0
-0.40336,0.44193,1.3684,-0.051901,-0.039295,-0.010529,1,0,0,0,0,0,0
-0.40765,0.44101,1.3682,-0.052364,-0.039988,-0.010715,1,0,0,0,0,0,0
-0.41196,0.44008,1.3679,-0.05282,-0.040695,-0.010904,1,0,0,0,0,0,0
-0.41629,0.43913,1.3677,-0.053268,-0.041417,-0.011098,1,0,0,0,0,0,0
-0.42064,0.43816,1.3674,-0.053708,-0.042154,-0.011295,1,0,0,0,0,0,0
-0.42501,0.43717,1.3671,-0.054139,-0.042906,-0.011497,1,0,0,0,0,0,0
-0.42941,0.43617,1.3669,-0.05456,-0.043673,-0.011702,1,0,0,0,0,0,0
-0.43383,0.43515,1.3666,-0.054971,-0.044456,-0.011912,1,0,0,0,0,0,0
-0.43827,0.43411,1.3663,-0.055371,-0.045256,-0.012126,1,0,0,0,0,0,0
-0.44273,0.43305,1.366,-0.055758,-0.046071,-0.012345,1,0,0,0,0,0,0
-0.44721,0.43198,1.3657,-0.056134,-0.046903,-0.012568,1,0,0,0,0,0,0
-0.45172,0.43088,1.3655,-0.056496,-0.047752,-0.012795,1,0,0,0,0,0,0
-0.45625,0.42977,1.3652,-0.056843,-0.048618,-0.013027,1,0,0,0,0,0,0
-0.4608,0.42863,1.3649,-0.057176,-0.049501,-0.013264,1,0,0,0,0,0,0
-0.46538,0.42748,1.3645,-0.057492,-0.050401,-0.013505,1,0,0,0,0,0,0
-0.46998,0.4263,1.3642,-0.057791,-0.05132,-0.013751,1,0,0,0,0,0,0
-0.4746,0.4251,1.3639,-0.058073,-0.052256,-0.014002,1,0,0,0,0,0,0
-0.47925,0.42389,1.3636,-0.058334,-0.05321,-0.014258,1,0,0,0,0,0,0
-0.48391,0.42265,1.3632,-0.058576,-0.054183,-0.014518,1,0,0,0,0,0,0
-0.48861,0.42139,1.3629,-0.058796,-0.055175,-0.014784,1,0,0,0,0,0,0
-0.49332,0.4201,1.3626,-0.058994,-0.056186,-0.015055,1,0,0,0,0,0,0
-0.49806,0.4188,1.3622,-0.059168,-0.057215,-0.015331,1,0,0,0,0,0,0
-0.50283,0.41747,1.3619,-0.059317,-0.058264,-0.015612,1,0,0,0,0,0,0
-0.50761,0.41611,1.3615,-0.059439,-0.059333,-0.015898,1,0,0,0,0,0,0
-0.51242,0.41474,1.3611,-0.059533,-0.060421,-0.01619,1,0,0,0,0,0,0
-0.51726,0.41333,1.3608,-0.059598,-0.061529,-0.016487,1,0,0,0,0,0,0
-0.52212,0.41191,1.3604,-0.059632,-0.062657,-0.016789,1,0,0,0,0,0,0
-0.527,0.41045,1.36,-0.059633,-0.063805,-0.017097,1,0,0,0,0,0,0
-0.53191,0.40897,1.3596,-0.059601,-0.064974,-0.01741,1,0,0,0,0,0,0
-0.53684,0.40747,1.3592,-0.059532,-0.066162,-0.017728,1,0,0,0,0,0,0
-0.54179,0.40594,1.3588,-0.059427,-0.067371,-0.018052,1,0,0,0,0,0,0
-0.54677,0.40438,1.3584,-0.059282,-0.068601,-0.018382,1,0,0,0,0,0,0
-0.55177,0.40279,1.3579,-0.059095,-0.069851,-0.018716,1,0,0,0,0,0,0
-0.5568,0.40117,1.3575,-0.058866,-0.071121,-0.019057,1,0,0,0,0,0,0
-0.56184,0.39953,1.3571,-0.058591,-0.072413,-0.019403,1,0,0,0,0,0,0
-0.56692,0.39785,1.3566,-0.05827,-0.073724,-0.019754,1,0,0,0,0,0,0
-0.57201,0.39615,1.3561,-0.057898,-0.075056,-0.020111,1,0,0,0,0,0,0
-0.57713,0.39441,1.3557,-0.057476,-0.076408,-0.020474,1,0,0,0,0,0,0
-0.58227,0.39265,1.3552,-0.056999,-0.077781,-0.020841,1,0,0,0,0,0,0
-0.58743,0.39085,1.3547,-0.056467,-0.079173,-0.021214,1,0,0,0,0,0,0
-0.59262,0.38902,1.3542,-0.055876,-0.080585,-0.021593,1,0,0,0,0,0,0
-0.59782,0.38716,1.3537,-0.055224,-0.082017,-0.021976,1,0,0,0,0,0,0
-0.60305,0.38526,1.3532,-0.054508,-0.083468,-0.022365,1,0,0,0,0,0,0
-0.6083,0.38333,1.3527,-0.053726,-0.084938,-0.022759,1,0,0,0,0,0,0
-0.61358,0.38136,1.3522,-0.052875,-0.086426,-0.023158,1,0,0,0,0,0,0
-0.61887,0.37936,1.3517,-0.051953,-0.087932,-0.023561,1,0,0,0,0,0,0
-0.62418,0.37733,1.3511,-0.050956,-0.089455,-0.023969,1,0,0,0,0,0,0
-0.62952,0.37526,1.3505,-0.049881,-0.090996,-0.024382,1,0,0,0,0,0,0
-0.63487,0.37315,1.35,-0.048727,-0.092553,-0.024799,1,0,0,0,0,0,0
-0.64024,0.371,1.3494,-0.047489,-0.094125,-0.025221,1,0,0,0,0,0,0
-0.64563,0.36881,1.3488,-0.046165,-0.095712,-0.025646,1,0,0,0,0,0,0
-0.65104,0.36659,1.3482,-0.044751,-0.097313,-0.026075,1,0,0,0,0,0,0
-0.65646,0.36433,1.3476,-0.043245,-0.098927,-0.026507,1,0,0,0,0,0,0
-0.66191,0.36202,1.347,-0.041642,-0.10055,-0.026943,1,0,0,0,0,0,0
-0.66736,0.35968,1.3464,-0.039941,-0.10219,-0.027382,1,0,0,0,0,0,0
-0.67284,0.35729,1.3457,-0.038137,-0.10384,-0.027823,1,0,0,0,0,0,0
-0.67832,0.35486,1.3451,-0.036227,-0.10549,-0.028266,1,0,0,0,0,0,0
-0.68383,0.35239,1.3444,-0.034209,-0.10715,-0.028712,1,0,0,0,0,0,0
-0.68934,0.34988,1.3437,-0.032077,-0.10882,-0.029158,1,0,0,0,0,0,0
-0.69487,0.34732,1.3431,-0.02983,-0.11049,-0.029606,1,0,0,0,0,0,0
-0.7004,0.34471,1.3424,-0.027463,-0.11217,-0.030055,1,0,0,0,0,0,0
-0.70595,0.34206,1.3417,-0.024974,-0.11384,-0.030504,1,0,0,0,0,0,0
-0.71151,0.33937,1.3409,-0.022359,-0.11551,-0.030952,1,0,0,0,0,0,0
-0.71707,0.33663,1.3402,-0.019614,-0.11718,-0.031399,1,0,0,0,0,0,0
-0.72264,0.33384,1.3395,-0.016736,-0.11885,-0.031845,1,0,0,0,0,0,0
-0.72822,0.331,1.3387,-0.013722,-0.1205,-0.032289,1,0,0,0,0,0,0
-0.7338,0.32811,1.3379,-0.010569,-0.12215,-0.03273,1,0,0,0,0,0,0
-0.73938,0.32517,1.3371,-0.007274,-0.12378,-0.033167,1,0,0,0,0,0,0
-0.74497,0.32219,1.3363,-0.0038331,-0.1254,-0.033601,1,0,0,0,0,0,0
-0.75055,0.31915,1.3355,-0.00024383,-0.127,-0.034029,1,0,0,0,0,0,0
-0.75613,0.31606,1.3347,0.0034967,-0.12858,-0.034452,1,0,0,0,0,0,0
-0.76171,0.31292,1.3338,0.0073912,-0.13013,-0.034868,1,0,0,0,0,0,0
-0.76729,0.30972,1.333,0.011442,-0.13165,-0.035277,1,0,0,0,0,0,0
-0.77286,0.30648,1.3321,0.015652,-0.13315,-0.035677,1,0,0,0,0,0,0
-0.77842,0.30318,1.3312,0.020022,-0.13461,-0.036068,1,0,0,0,0,0,0
-0.78397,0.29982,1.3303,0.024556,-0.13603,-0.036449,1,0,0,0,0,0,0
-0.78951,0.29641,1.3294,0.029254,-0.13741,-0.036818,1,0,0,0,0,0,0
-0.79504,0.29294,1.3285,0.034118,-0.13874,-0.037175,1,0,0,0,0,0,0
-0.80055,0.28942,1.3276,0.039149,-0.14002,-0.037519,1,0,0,0,0,0,0
-0.80604,0.28584,1.3266,0.044347,-0.14125,-0.037848,1,0,0,0,0,0,0
-0.81152,0.28221,1.3256,0.049715,-0.14242,-0.038161,1,0,0,0,0,0,0
-0.81697,0.27852,1.3246,0.05525,-0.14353,-0.038457,1,0,0,0,0,0,0
-0.8224,0.27477,1.3236,0.060954,-0.14456,-0.038735,1,0,0,0,0,0,0
-0.8278,0.27096,1.3226,0.066825,-0.14553,-0.038994,1,0,0,0,0,0,0
-0.83317,0.26709,1.3216,0.072863,-0.14641,-0.039232,1,0,0,0,0,0,0
-0.83851,0.26316,1.3205,0.079065,-0.14722,-0.039447,1,0,0,0,0,0,0
-0.84381,0.25918,1.3194,0.08543,-0.14794,-0.03964,1,0,0,0,0,0,0
-0.84908,0.25513,1.3184,0.091955,-0.14856,-0.039807,1,0,0,0,0,0,0
-0.85431,0.25103,1.3173,0.098637,-0.14909,-0.039948,1,0,0,0,0,0,0
-0.85949,0.24686,1.3161,0.10547,-0.14951,-0.040062,1,0,0,0,0,0,0
-0.86464,0.24264,1.315,0.11245,-0.14983,-0.040146,1,0,0,0,0,0,0
-0.86973,0.23836,1.3139,0.11958,-0.15003,-0.040201,1,0,0,0,0,0,0
-0.87477,0.23401,1.3127,0.12685,-0.15011,-0.040223,1,0,0,0,0,0,0
-0.87976,0.22961,1.3115,0.13424,-0.15007,-0.040212,1,0,0,0,0,0,0
-0.88469,0.22514,1.3103,0.14177,-0.14991,-0.040167,1,0,0,0,0,0,0
-0.88957,0.22062,1.3091,0.14941,-0.1496,-0.040086,1,0,0,0,0,0,0
-0.89438,0.21604,1.3079,0.15715,-0.14916,-0.039967,1,0,0,0,0,0,0
-0.89912,0.21139,1.3066,0.165,-0.14857,-0.039811,1,0,0,0,0,0,0
-0.9038,0.20669,1.3054,0.17294,-0.14784,-0.039614,1,0,0,0,0,0,0
-0.9084,0.20193,1.3041,0.18096,-0.14695,-0.039376,1,0,0,0,0,0,0
-0.91293,0.19711,1.3028,0.18905,-0.14591,-0.039096,1,0,0,0,0,0,0
-0.91737,0.19223,1.3015,0.19719,-0.1447,-0.038773,1,0,0,0,0,0,0
-0.92174,0.1873,1.3002,0.20538,-0.14333,-0.038405,1,0,0,0,0,0,0
-0.92602,0.18231,1.2988,0.2136,-0.14179,-0.037993,1,0,0,0,0,0,0
-0.93021,0.17726,1.2975,0.22183,-0.14008,-0.037534,1,0,0,0,0,0,0
-0.93431,0.17216,1.2961,0.23007,-0.13819,-0.037028,1,0,0,0,0,0,0
-0.93832,0.167,1.2947,0.2383,-0.13613,-0.036475,1,0,0,0,0,0,0
-0.94222,0.16179,1.2934,0.24649,-0.13388,-0.035873,1,0,0,0,0,0,0
-0.94602,0.15653,1.2919,0.25465,-0.13145,-0.035223,1,0,0,0,0,0,0
-0.94972,0.15121,1.2905,0.26274,-0.12885,-0.034524,1,0,0,0,0,0,0
-0.95331,0.14585,1.2891,0.27075,-0.12605,-0.033776,1,0,0,0,0,0,0
-0.95679,0.14043,1.2876,0.27866,-0.12308,-0.032979,1,0,0,0,0,0,0
-0.96016,0.13497,1.2862,0.28647,-0.11992,-0.032132,1,0,0,0,0,0,0
-0.9634,0.12946,1.2847,0.29413,-0.11658,-0.031237,1,0,0,0,0,0,0
-0.96653,0.12391,1.2832,0.30165,-0.11305,-0.030293,1,0,0,0,0,0,0
-0.96953,0.11831,1.2817,0.309,-0.10935,-0.029301,1,0,0,0,0,0,0
-0.97241,0.11267,1.2802,0.31616,-0.10547,-0.028261,1,0,0,0,0,0,0
-0.97516,0.10699,1.2787,0.32312,-0.10142,-0.027176,1,0,0,0,0,0,0
-0.97777,0.10127,1.2771,0.32985,-0.097199,-0.026045,1,0,0,0,0,0,0
-0.98025,0.09551,1.2756,0.33633,-0.092813,-0.024869,1,0,0,0,0,0,0
-0.98259,0.089718,1.274,0.34256,-0.088266,-0.023651,1,0,0,0,0,0,0
-0.9848,0.083892,1.2725,0.34851,-0.083565,-0.022391,1,0,0,0,0,0,0
-0.98686,0.078035,1.2709,0.35416,-0.078715,-0.021092,1,0,0,0,0,0,0
-0.98878,0.072149,1.2693,0.3595,-0.073724,-0.019754,1,0,0,0,0,0,0
-0.99055,0.066235,1.2677,0.36452,-0.068599,-0.018381,1,0,0,0,0,0,0
-0.99218,0.060295,1.2662,0.36919,-0.063348,-0.016974,1,0,0,0,0,0,0
-0.99365,0.054333,1.2646,0.37351,-0.05798,-0.015536,1,0,0,0,0,0,0
-0.99498,0.04835,1.263,0.37746,-0.052502,-0.014068,1,0,0,0,0,0,0
-0.99615,0.042347,1.2613,0.38102,-0.046926,-0.012574,1,0,0,0,0,0,0
-0.99717,0.036329,1.2597,0.3842,-0.04126,-0.011056,1,0,0,0,0,0,0
-0.99803,0.030296,1.2581,0.38697,-0.035515,-0.0095163,1,0,0,0,0,0,0
-0.99874,0.024251,1.2565,0.38933,-0.029702,-0.0079586,1,0,0,0,0,0,0
-0.99929,0.018197,1.2549,0.39127,-0.023831,-0.0063856,1,0,0,0,0,0,0
-0.99968,0.012135,1.2533,0.39279,-0.017914,-0.0048001,1,0,0,0,0,0,0
-0.99992,0.0060687,1.2516,0.39388,-0.011962,-0.0032053,1,0,0,0,0,0,0
-1,1.1829e-16,1.25,0.39453,-0.005987,-0.0016042,1,0,0,0,0,0,0
-0.99992,-0.0060687,1.2484,0.39475,2.7756e-15,0,1,0,0,0,0,0,0
-0.99968,-0.012135,1.2467,0.39453,0.005987,0.0016042,1,0,0,0,0,0,0
-0.99929,-0.018197,1.2451,0.39388,0.011962,0.0032053,1,0,0,0,0,0,0
-0.99874,-0.024251,1.2435,0.39279,0.017914,0.0048001,1,0,0,0,0,0,0
-0.99803,-0.030296,1.2419,0.39127,0.023831,0.0063856,1,0,0,0,0,0,0
-0.99717,-0.036329,1.2403,0.38933,0.029702,0.0079586,1,0,0,0,0,0,0
-0.99615,-0.042347,1.2387,0.38697,0.035515,0.0095163,1,0,0,0,0,0,0
-0.99498,-0.04835,1.237,0.3842,0.04126,0.011056,1,0,0,0,0,0,0
-0.99365,-0.054333,1.2354,0.38102,0.046926,0.012574,1,0,0,0,0,0,0
-0.99218,-0.060295,1.2338,0.37746,0.052502,0.014068,1,0,0,0,0,0,0
-0.99055,-0.066235,1.2323,0.37351,0.05798,0.015536,1,0,0,0,0,0,0
-0.98878,-0.072149,1.2307,0.36919,0.063348,0.016974,1,0,0,0,0,0,0
-0.98686,-0.078035,1.2291,0.36452,0.068599,0.018381,1,0,0,0,0,0,0
-0.9848,-0.083892,1.2275,0.3595,0.073724,0.019754,1,0,0,0,0,0,0
-0.98259,-0.089718,1.226,0.35416,0.078715,0.021092,1,0,0,0,0,0,0
-0.98025,-0.09551,1.2244,0.34851,0.083565,0.022391,1,0,0,0,0,0,0
-0.97777,-0.10127,1.2229,0.34256,0.088266,0.023651,1,0,0,0,0,0,0
-0.97516,-0.10699,1.2213,0.33633,0.092813,0.024869,1,0,0,0,0,0,0
-0.97241,-0.11267,1.2198,0.32985,0.097199,0.026045,1,0,0,0,0,0,0
-0.96953,-0.11831,1.2183,0.32312,0.10142,0.027176,1,0,0,0,0,0,0
-0.96653,-0.12391,1.2168,0.31616,0.10547,0.028261,1,0,0,0,0,0,0
-0.9634,-0.12946,1.2153,0.309,0.10935,0.029301,1,0,0,0,0,0,0
-0.96016,-0.13497,1.2138,0.30165,0.11305,0.030293,1,0,0,0,0,0,0
-0.95679,-0.14043,1.2124,0.29413,0.11658,0.031237,1,0,0,0,0,0,0
-0.95331,-0.14585,1.2109,0.28647,0.11992,0.032132,1,0,0,0,0,0,0
-0.94972,-0.15121,1.2095,0.27866,0.12308,0.032979,1,0,0,0,0,0,0
-0.94602,-0.15653,1.2081,0.27075,0.12605,0.033776,1,0,0,0,0,0,0
-0.94222,-0.16179,1.2066,0.26274,0.12885,0.034524,1,0,0,0,0,0,0
-0.93832,-0.167,1.2053,0.25465,0.13145,0.035223,1,0,0,0,0,0,0
-0.93431,-0.17216,1.2039,0.24649,0.13388,0.035873,1,0,0,0,0,0,0
-0.93021,-0.17726,1.2025,0.2383,0.13613,0.036475,1,0,0,0,0,0,0
-0.92602,-0.18231,1.2012,0.23007,0.13819,0.037028,1,0,0,0,0,0,0
-0.92174,-0.1873,1.1998,0.22183,0.14008,0.037534,1,0,0,0,0,0,0
-0.91737,-0.19223,1.1985,0.2136,0.14179,0.037993,1,0,0,0,0,0,0
-0.91293,-0.19711,1.1972,0.20538,0.14333,0.038405,1,0,0,0,0,0,0
-0.9084,-0.20193,1.1959,0.19719,0.1447,0.038773,1,0,0,0,0,0,0
-0.9038,-0.20669,1.1946,0.18905,0.14591,0.039096,1,0,0,0,0,0,0
-0.89912,-0.21139,1.1934,0.18096,0.14695,0.039376,1,0,0,0,0,0,0
-0.89438,-0.21604,1.1921,0.17294,0.14784,0.039614,1,0,0,0,0,0,0
-0.88957,-0.22062,1.1909,0.165,0.14857,0.039811,1,0,0,0,0,0,0
-0.88469,-0.22514,1.1897,0.15715,0.14916,0.039967,1,0,0,0,0,0,0
-0.87976,-0.22961,1.1885,0.14941,0.1496,0.040086,1,0,0,0,0,0,0
-0.87477,-0.23401,1.1873,0.14177,0.14991,0.040167,1,0,0,0,0,0,0
-0.86973,-0.23836,1.1861,0.13424,0.15007,0.040212,1,0,0,0,0,0,0
-0.86464,-0.24264,1.185,0.12685,0.15011,0.040223,1,0,0,0,0,0,0
-0.85949,-0.24686,1.1839,0.11958,0.15003,0.040201,1,0,0,0,0,0,0
-0.85431,-0.25103,1.1827,0.11245,0.14983,0.040146,1,0,0,0,0,0,0
-0.84908,-0.25513,1.1816,0.10547,0.14951,0.040062,1,0,0,0,0,0,0
-0.84381,-0.25918,1.1806,0.098637,0.14909,0.039948,1,0,0,0,0,0,0
-0.83851,-0.26316,1.1795,0.091955,0.14856,0.039807,1,0,0,0,0,0,0
-0.83317,-0.26709,1.1784,0.08543,0.14794,0.03964,1,0,0,0,0,0,0
-0.8278,-0.27096,1.1774,0.079065,0.14722,0.039447,1,0,0,0,0,0,0
-0.8224,-0.27477,1.1764,0.072863,0.14641,0.039232,1,0,0,0,0,0,0
-0.81697,-0.27852,1.1754,0.066825,0.14553,0.038994,1,0,0,0,0,0,0
-0.81152,-0.28221,1.1744,0.060954,0.14456,0.038735,1,0,0,0,0,0,0
-0.80604,-0.28584,1.1734,0.05525,0.14353,0.038457,1,0,0,0,0,0,0
-0.80055,-0.28942,1.1724,0.049715,0.14242,0.038161,1,0,0,0,0,0,0
-0.79504,-0.29294,1.1715,0.044347,0.14125,0.037848,1,0,0,0,0,0,0
-0.78951,-0.29641,1.1706,0.039149,0.14002,0.037519,1,0,0,0,0,0,0
-0.78397,-0.29982,1.1697,0.034118,0.13874,0.037175,1,0,0,0,0,0,0
-0.77842,-0.30318,1.1688,0.029254,0.13741,0.036818,1,0,0,0,0,0,0
-0.77286,-0.30648,1.1679,0.024556,0.13603,0.036449,1,0,0,0,0,0,0
-0.76729,-0.30972,1.167,0.020022,0.13461,0.036068,1,0,0,0,0,0,0
-0.76171,-0.31292,1.1662,0.015652,0.13315,0.035677,1,0,0,0,0,0,0
-0.75613,-0.31606,1.1653,0.011442,0.13165,0.035277,1,0,0,0,0,0,0
-0.75055,-0.31915,1.1645,0.0073912,0.13013,0.034868,1,0,0,0,0,0,0
-0.74497,-0.32219,1.1637,0.0034967,0.12858,0.034452,1,0,0,0,0,0,0
-0.73938,-0.32517,1.1629,-0.00024383,0.127,0.034029,1,0,0,0,0,0,0
-0.7338,-0.32811,1.1621,-0.0038331,0.1254,0.033601,1,0,0,0,0,0,0
-0.72822,-0.331,1.1613,-0.007274,0.12378,0.033167,1,0,0,0,0,0,0
-0.72264,-0.33384,1.1605,-0.010569,0.12215,0.03273,1,0,0,0,0,0,0
-0.71707,-0.33663,1.1598,-0.013722,0.1205,0.032289,1,0,0,0,0,0,0
-0.71151,-0.33937,1.1591,-0.016736,0.11885,0.031845,1,0,0,0,0,0,0
-0.70595,-0.34206,1.1583,-0.019614,0.11718,0.031399,1,0,0,0,0,0,0
-0.7004,-0.34471,1.1576,-0.022359,0.11551,0.030952,1,0,0,0,0,0,0
-0.69487,-0.34732,1.1569,-0.024974,0.11384,0.030504,1,0,0,0,0,0,0
-0.68934,-0.34988,1.1563,-0.027463,0.11217,0.030055,1,0,0,0,0,0,0
-0.68383,-0.35239,1.1556,-0.02983,0.11049,0.029606,1,0,0,0,0,0,0
-0.67832,-0.35486,1.1549,-0.032077,0.10882,0.029158,1,0,0,0,0,0,0
-0.67284,-0.35729,1.1543,-0.034209,0.10715,0.028712,1,0,0,0,0,0,0
-0.66736,-0.35968,1.1536,-0.036227,0.10549,0.028266,1,0,0,0,0,0,0
-0.66191,-0.36202,1.153,-0.038137,0.10384,0.027823,1,0,0,0,0,0,0
-0.65646,-0.36433,1.1524,-0.039941,0.10219,0.027382,1,0,0,0,0,0,0
-0.65104,-0.36659,1.1518,-0.041642,0.10055,0.026943,1,0,0,0,0,0,0
-0.64563,-0.36881,1.1512,-0.043245,0.098927,0.026507,1,0,0,0,0,0,0
-0.64024,-0.371,1.1506,-0.044751,0.097313,0.026075,1,0,0,0,0,0,0
-0.63487,-0.37315,1.15,-0.046165,0.095712,0.025646,1,0,0,0,0,0,0
-0.62952,-0.37526,1.1495,-0.047489,0.094125,0.025221,1,0,0,0,0,0,0
-0.62418,-0.37733,1.1489,-0.048727,0.092553,0.024799,1,0,0,0,0,0,0
-0.61887,-0.37936,1.1483,-0.049881,0.090996,0.024382,1,0,0,0,0,0,0
-0.61358,-0.38136,1.1478,-0.050956,0.089455,0.023969,1,0,0,0,0,0,0
-0.6083,-0.38333,1.1473,-0.051953,0.087932,0.023561,1,0,0,0,0,0,0
-0.60305,-0.38526,1.1468,-0.052875,0.086426,0.023158,1,0,0,0,0,0,0
-0.59782,-0.38716,1.1463,-0.053726,0.084938,0.022759,1,0,0,0,0,0,0
-0.59262,-0.38902,1.1458,-0.054508,0.083468,0.022365,1,0,0,0,0,0,0
-0.58743,-0.39085,1.1453,-0.055224,0.082017,0.021976,1,0,0,0,0,0,0
-0.58227,-0.39265,1.1448,-0.055876,0.080585,0.021593,1,0,0,0,0,0,0
-0.57713,-0.39441,1.1443,-0.056467,0.079173,0.021214,1,0,0,0,0,0,0
-0.57201,-0.39615,1.1439,-0.056999,0.077781,0.020841,1,0,0,0,0,0,0
-0.56692,-0.39785,1.1434,-0.057476,0.076408,0.020474,1,0,0,0,0,0,0
-0.56184,-0.39953,1.1429,-0.057898,0.075056,0.020111,1,0,0,0,0,0,0
-0.5568,-0.40117,1.1425,-0.05827,0.073724,0.019754,1,0,0,0,0,0,0
-0.55177,-0.40279,1.1421,-0.058591,0.072413,0.019403,1,0,0,0,0,0,0
-0.54677,-0.40438,1.1416,-0.058866,0.071121,0.019057,1,0,0,0,0,0,0
-0.54179,-0.40594,1.1412,-0.059095,0.069851,0.018716,1,0,0,0,0,0,0
-0.53684,-0.40747,1.1408,-0.059282,0.068601,0.018382,1,0,0,0,0,0,0
-0.53191,-0.40897,1.1404,-0.059427,0.067371,0.018052,1,0,0,0,0,0,0
-0.527,-0.41045,1.14,-0.059532,0.066162,0.017728,1,0,0,0,0,0,0
-0.52212,-0.41191,1.1396,-0.059601,0.064974,0.01741,1,0,0,0,0,0,0
-0.51726,-0.41333,1.1392,-0.059633,0.063805,0.017097,1,0,0,0,0,0,0
-0.51242,-0.41474,1.1389,-0.059632,0.062657,0.016789,1,0,0,0,0,0,0
-0.50761,-0.41611,1.1385,-0.059598,0.061529,0.016487,1,0,0,0,0,0,0
-0.50283,-0.41747,1.1381,-0.059533,0.060421,0.01619,1,0,0,0,0,0,0
-0.49806,-0.4188,1.1378,-0.059439,0.059333,0.015898,1,0,0,0,0,0,0
-0.49332,-0.4201,1.1374,-0.059317,0.058264,0.015612,1,0,0,0,0,0,0
-0.48861,-0.42139,1.1371,-0.059168,0.057215,0.015331,1,0,0,0,0,0,0
-0.48391,-0.42265,1.1368,-0.058994,0.056186,0.015055,1,0,0,0,0,0,0
-0.47925,-0.42389,1.1364,-0.058796,0.055175,0.014784,1,0,0,0,0,0,0
-0.4746,-0.4251,1.1361,-0.058576,0.054183,0.014518,1,0,0,0,0,0,0
-0.46998,-0.4263,1.1358,-0.058334,0.05321,0.014258,1,0,0,0,0,0,0
-0.46538,-0.42748,1.1355,-0.058073,0.052256,0.014002,1,0,0,0,0,0,0
-0.4608,-0.42863,1.1351,-0.057791,0.05132,0.013751,1,0,0,0,0,0,0
-0.45625,-0.42977,1.1348,-0.057492,0.050401,0.013505,1,0,0,0,0,0,0
-0.45172,-0.43088,1.1345,-0.057176,0.049501,0.013264,1,0,0,0,0,0,0
-0.44721,-0.43198,1.1343,-0.056843,0.048618,0.013027,1,0,0,0,0,0,0
-0.44273,-0.43305,1.134,-0.056496,0.047752,0.012795,1,0,0,0,0,0,0
-0.43827,-0.43411,1.1337,-0.056134,0.046903,0.012568,1,0,0,0,0,0,0
-0.43383,-0.43515,1.1334,-0.055758,0.046071,0.012345,1,0,0,0,0,0,0
-0.42941,-0.43617,1.1331,-0.055371,0.045256,0.012126,1,0,0,0,0,0,0
-0.42501,-0.43717,1.1329,-0.054971,0.044456,0.011912,1,0,0,0,0,0,0
-0.42064,-0.43816,1.1326,-0.05456,0.043673,0.011702,1,0,0,0,0,0,0
-0.41629,-0.43913,1.1323,-0.054139,0.042906,0.011497,1,0,0,0,0,0,0
-0.41196,-0.44008,1.1321,-0.053708,0.042154,0.011295,1,0,0,0,0,0,0
-0.40765,-0.44101,1.1318,-0.053268,0.041417,0.011098,1,0,0,0,0,0,0
-0.40336,-0.44193,1.1316,-0.05282,0.040695,0.010904,1,0,0,0,0,0,0
-0.39909,-0.44283,1.1313,-0.052364,0.039988,0.010715,1,0,0,0,0,0,0
-0.39484,-0.44372,1.1311,-0.051901,0.039295,0.010529,1,0,0,0,0,0,0
-0.39062,-0.44459,1.1309,-0.051431,0.038617,0.010347,1,0,0,0,0,0,0
-0.38641,-0.44545,1.1306,-0.050955,0.037953,0.010169,1,0,0,0,0,0,0
-0.38223,-0.44629,1.1304,-0.050474,0.037302,0.009995,1,0,0,0,0,0,0
-0.37806,-0.44712,1.1302,-0.049987,0.036665,0.0098243,1,0,0,0,0,0,0
-0.37392,-0.44793,1.13,-0.049496,0.036041,0.0096571,1,0,0,0,0,0,0
-0.36979,-0.44873,1.1298,-0.049,0.03543,0.0094933,1,0,0,0,0,0,0
-0.36568,-0.44951,1.1296,-0.0485,0.034831,0.009333,1,0,0,0,0,0,0
-0.3616,-0.45028,1.1293,-0.047997,0.034246,0.0091761,1,0,0,0,0,0,0
-0.35753,-0.45104,1.1291,-0.047491,0.033672,0.0090224,1,0,0,0,0,0,0
-0.35348,-0.45178,1.1289,-0.046982,0.033111,0.008872,1,0,0,0,0,0,0
-0.34945,-0.45252,1.1287,-0.046471,0.032561,0.0087247,1,0,0,0,0,0,0
-0.34543,-0.45323,1.1286,-0.045957,0.032023,0.0085805,1,0,0,0,0,0,0
-0.34144,-0.45394,1.1284,-0.045442,0.031496,0.0084394,1,0,0,0,0,0,0
-0.33746,-0.45463,1.1282,-0.044925,0.030981,0.0083013,1,0,0,0,0,0,0
-0.3335,-0.45531,1.128,-0.044407,0.030476,0.0081661,1,0,0,0,0,0,0
-0.32956,-0.45598,1.1278,-0.043887,0.029982,0.0080337,1,0,0,0,0,0,0
-0.32564,-0.45664,1.1276,-0.043367,0.029499,0.0079042,1,0,0,0,0,0,0
-0.32173,-0.45728,1.1275,-0.042847,0.029026,0.0077775,1,0,0,0,0,0,0
-0.31784,-0.45792,1.1273,-0.042326,0.028563,0.0076535,1,0,0,0,0,0,0
-0.31397,-0.45854,1.1271,-0.041805,0.02811,0.0075321,1,0,0,0,0,0,0
-0.31011,-0.45915,1.127,-0.041284,0.027667,0.0074133,1,0,0,0,0,0,0
-0.30627,-0.45975,1.1268,-0.040763,0.027233,0.0072971,1,0,0,0,0,0,0
-0.30245,-0.46034,1.1267,-0.040243,0.026809,0.0071834,1,0,0,0,0,0,0
-0.29864,-0.46092,1.1265,-0.039723,0.026394,0.0070722,1,0,0,0,0,0,0
-0.29485,-0.46149,1.1263,-0.039204,0.025988,0.0069634,1,0,0,0,0,0,0
-0.29107,-0.46205,1.1262,-0.038686,0.02559,0.0068569,1,0,0,0,0,0,0
-0.28731,-0.4626,1.126,-0.038168,0.025201,0.0067527,1,0,0,0,0,0,0
-0.28356,-0.46314,1.1259,-0.037652,0.024821,0.0066508,1,0,0,0,0,0,0
-0.27983,-0.46367,1.1258,-0.037137,0.024449,0.0065512,1,0,0,0,0,0,0
-0.27611,-0.46419,1.1256,-0.036624,0.024085,0.0064537,1,0,0,0,0,0,0
-0.27241,-0.4647,1.1255,-0.036111,0.02373,0.0063583,1,0,0,0,0,0,0
-0.26872,-0.4652,1.1254,-0.035601,0.023382,0.0062651,1,0,0,0,0,0,0
-0.26505,-0.46569,1.1252,-0.035092,0.023041,0.0061739,1,0,0,0,0,0,0
-0.26139,-0.46617,1.1251,-0.034584,0.022708,0.0060847,1,0,0,0,0,0,0
-0.25774,-0.46665,1.125,-0.034078,0.022383,0.0059975,1,0,0,0,0,0,0
-0.2541,-0.46711,1.1248,-0.033574,0.022065,0.0059123,1,0,0,0,0,0,0
-0.25048,-0.46757,1.1247,-0.033072,0.021754,0.0058289,1,0,0,0,0,0,0
-0.24688,-0.46801,1.1246,-0.032572,0.02145,0.0057474,1,0,0,0,0,0,0
-0.24328,-0.46845,1.1245,-0.032074,0.021152,0.0056678,1,0,0,0,0,0,0
-0.2397,-0.46888,1.1244,-0.031578,0.020862,0.0055899,1,0,0,0,0,0,0
-0.23613,-0.46931,1.1243,-0.031084,0.020578,0.0055138,1,0,0,0,0,0,0
-0.23257,-0.46972,1.1241,-0.030592,0.0203,0.0054394,1,0,0,0,0,0,0
-0.22903,-0.47013,1.124,-0.030102,0.020029,0.0053667,1,0,0,0,0,0,0
-0.22549,-0.47052,1.1239,-0.029614,0.019764,0.0052957,1,0,0,0,0,0,0
-0.22197,-0.47091,1.1238,-0.029129,0.019505,0.0052262,1,0,0,0,0,0,0
-0.21846,-0.4713,1.1237,-0.028645,0.019252,0.0051584,1,0,0,0,0,0,0
-0.21496,-0.47167,1.1236,-0.028164,0.019004,0.0050922,1,0,0,0,0,0,0
-0.21148,-0.47204,1.1235,-0.027685,0.018763,0.0050275,1,0,0,0,0,0,0
-0.208,-0.4724,1.1234,-0.027208,0.018527,0.0049643,1,0,0,0,0,0,0
-0.20453,-0.47275,1.1233,-0.026734,0.018297,0.0049026,1,0,0,0,0,0,0
-0.20108,-0.4731,1.1232,-0.026262,0.018072,0.0048424,1,0,0,0,0,0,0
-0.19763,-0.47344,1.1231,-0.025792,0.017853,0.0047836,1,0,0,0,0,0,0
-0.1942,-0.47377,1.1231,-0.025324,0.017638,0.0047262,1,0,0,0,0,0,0
-0.19077,-0.47409,1.123,-0.024858,0.017429,0.0046701,1,0,0,0,0,0,0
-0.18735,-0.47441,1.1229,-0.024395,0.017225,0.0046155,1,0,0,0,0,0,0
-0.18395,-0.47472,1.1228,-0.023934,0.017026,0.0045621,1,0,0,0,0,0,0
-0.18055,-0.47503,1.1227,-0.023475,0.016832,0.0045101,1,0,0,0,0,0,0
-0.17716,-0.47532,1.1226,-0.023018,0.016642,0.0044593,1,0,0,0,0,0,0
-0.17379,-0.47561,1.1226,-0.022564,0.016458,0.0044099,1,0,0,0,0,0,0
-0.17042,-0.4759,1.1225,-0.022111,0.016278,0.0043616,1,0,0,0,0,0,0
-0.16705,-0.47618,1.1224,-0.021661,0.016102,0.0043146,1,0,0,0,0,0,0
-0.1637,-0.47645,1.1223,-0.021213,0.015931,0.0042688,1,0,0,0,0,0,0
-0.16036,-0.47671,1.1223,-0.020767,0.015765,0.0042241,1,0,0,0,0,0,0
-0.15702,-0.47697,1.1222,-0.020323,0.015602,0.0041806,1,0,0,0,0,0,0
-0.15369,-0.47722,1.1221,-0.019881,0.015444,0.0041383,1,0,0,0,0,0,0
-0.15037,-0.47747,1.1221,-0.019442,0.015291,0.0040971,1,0,0,0,0,0,0
-0.14706,-0.47771,1.122,-0.019004,0.015141,0.004057,1,0,0,0,0,0,0
-0.14375,-0.47795,1.1219,-0.018568,0.014995,0.004018,1,0,0,0,0,0,0
-0.14046,-0.47818,1.1219,-0.018134,0.014854,0.00398,1,0,0,0,0,0,0
-0.13717,-0.4784,1.1218,-0.017702,0.014716,0.0039431,1,0,0,0,0,0,0
-0.13388,-0.47861,1.1218,-0.017272,0.014582,0.0039073,1,0,0,0,0,0,0
-0.1306,-0.47883,1.1217,-0.016844,0.014452,0.0038725,1,0,0,0,0,0,0
-0.12733,-0.47903,1.1216,-0.016417,0.014326,0.0038386,1,0,0,0,0,0,0
-0.12407,-0.47923,1.1216,-0.015993,0.014204,0.0038058,1,0,0,0,0,0,0
-0.12081,-0.47943,1.1215,-0.01557,0.014085,0.003774,1,0,0,0,0,0,0
-0.11756,-0.47961,1.1215,-0.015148,0.01397,0.0037431,1,0,0,0,0,0,0
-0.11431,-0.4798,1.1214,-0.014729,0.013858,0.0037132,1,0,0,0,0,0,0
-0.11107,-0.47997,1.1214,-0.014311,0.01375,0.0036842,1,0,0,0,0,0,0
-0.10784,-0.48015,1.1213,-0.013895,0.013645,0.0036562,1,0,0,0,0,0,0
-0.10461,-0.48031,1.1213,-0.01348,0.013544,0.0036291,1,0,0,0,0,0,0
-0.10138,-0.48047,1.1213,-0.013067,0.013446,0.0036029,1,0,0,0,0,0,0
-0.098164,-0.48063,1.1212,-0.012655,0.013352,0.0035775,1,0,0,0,0,0,0
-0.094949,-0.48078,1.1212,-0.012245,0.01326,0.0035531,1,0,0,0,0,0,0
-0.09174,-0.48093,1.1211,-0.011836,0.013172,0.0035296,1,0,0,0,0,0,0
-0.088534,-0.48107,1.1211,-0.011428,0.013088,0.0035069,1,0,0,0,0,0,0
-0.085334,-0.4812,1.1211,-0.011022,0.013006,0.003485,1,0,0,0,0,0,0
-0.082137,-0.48133,1.121,-0.010617,0.012928,0.003464,1,0,0,0,0,0,0
-0.078945,-0.48146,1.121,-0.010213,0.012853,0.0034439,1,0,0,0,0,0,0
-0.075757,-0.48158,1.121,-0.0098103,0.012781,0.0034245,1,0,0,0,0,0,0
-0.072572,-0.48169,1.1209,-0.0094089,0.012712,0.003406,1,0,0,0,0,0,0
-0.069391,-0.4818,1.1209,-0.0090085,0.012646,0.0033884,1,0,0,0,0,0,0
-0.066213,-0.4819,1.1209,-0.0086092,0.012582,0.0033715,1,0,0,0,0,0,0
-0.063039,-0.482,1.1208,-0.008211,0.012522,0.0033554,1,0,0,0,0,0,0
-0.059868,-0.4821,1.1208,-0.0078136,0.012465,0.0033401,1,0,0,0,0,0,0
-0.0567,-0.48219,1.1208,-0.0074172,0.012411,0.0033256,1,0,0,0,0,0,0
-0.053534,-0.48227,1.1208,-0.0070217,0.01236,0.0033119,1,0,0,0,0,0,0
-0.050371,-0.48235,1.1208,-0.006627,0.012312,0.0032989,1,0,0,0,0,0,0
-0.047211,-0.48242,1.1207,-0.0062331,0.012266,0.0032867,1,0,0,0,0,0,0
-0.044053,-0.48249,1.1207,-0.0058399,0.012224,0.0032753,1,0,0,0,0,0,0
-0.040898,-0.48256,1.1207,-0.0054475,0.012184,0.0032646,1,0,0,0,0,0,0
-0.037744,-0.48262,1.1207,-0.0050556,0.012147,0.0032547,1,0,0,0,0,0,0
-0.034592,-0.48267,1.1207,-0.0046644,0.012113,0.0032456,1,0,0,0,0,0,0
-0.031442,-0.48272,1.1207,-0.0042737,0.012081,0.0032371,1,0,0,0,0,0,0
-0.028293,-0.48277,1.1206,-0.0038836,0.012053,0.0032295,1,0,0,0,0,0,0
-0.025146,-0.48281,1.1206,-0.0034939,0.012027,0.0032226,1,0,0,0,0,0,0
-0.022,-0.48285,1.1206,-0.0031046,0.012004,0.0032164,1,0,0,0,0,0,0
-0.018855,-0.48288,1.1206,-0.0027157,0.011983,0.0032109,1,0,0,0,0,0,0
-0.015711,-0.4829,1.1206,-0.0023272,0.011966,0.0032062,1,0,0,0,0,0,0
-0.012568,-0.48292,1.1206,-0.0019389,0.011951,0.0032022,1,0,0,0,0,0,0
-0.0094255,-0.48294,1.1206,-0.0015508,0.011939,0.0031989,1,0,0,0,0,0,0
-0.0062834,-0.48295,1.1206,-0.001163,0.011929,0.0031964,1,0,0,0,0,0,0
-0.0031416,-0.48296,1.1206,-0.00077523,0.011922,0.0031946,1,0,0,0,0,0,0
-9.1849e-17,-0.48296,1.1206,-0.00038759,0.011918,0.0031935,1,0,0,0,0,0,0
0.0031416,-0.48296,1.1206,1.3878e-15,0.011917,0.0031931,1,0,0,0,0,0,0
0.0062834,-0.48295,1.1206,0.00038759,0.011918,0.0031935,1,0,0,0,0,0,0
0.0094255,-0.48294,1.1206,0.00077523,0.011922,0.0031946,1,0,0,0,0,0,0
0.012568,-0.48292,1.1206,0.001163,0.011929,0.0031964,1,0,0,0,0,0,0
0.015711,-0.4829,1.1206,0.0015508,0.011939,0.0031989,1,0,0,0,0,0,0
0.018855,-0.48288,1.1206,0.0019389,0.011951,0.0032022,1,0,0,0,0,0,0
0.022,-0.48285,1.1206,0.0023272,0.011966,0.0032062,1,0,0,0,0,0,0
0.025146,-0.48281,1.1206,0.0027157,0.011983,0.0032109,1,0,0,0,0,0,0
0.028293,-0.48277,1.1206,0.0031046,0.012004,0.0032164,1,0,0,0,0,0,0
0.031442,-0.48272,1.1207,0.0034939,0.012027,0.0032226,1,0,0,0,0,0,0
0.034592,-0.48267,1.1207,0.0038836,0.012053,0.0032295,1,0,0,0,0,0,0
0.037744,-0.48262,1.1207,0.0042737,0.012081,0.0032371,1,0,0,0,0,0,0
0.040898,-0.48256,1.1207,0.0046644,0.012113,0.0032456,1,0,0,0,0,0,0
0.044053,-0.48249,1.1207,0.0050556,0.012147,0.0032547,1,0,0,0,0,0,0
0.047211,-0.48242,1.1207,0.0054475,0.012184,0.0032646,1,0,0,0,0,0,0
0.050371,-0.48235,1.1208,0.0058399,0.012224,0.0032753,1,0,0,0,0,0,0
0.053534,-0.48227,1.1208,0.0062331,0.012266,0.0032867,1,0,0,0,0,0,0
0.0567,-0.48219,1.1208,0.006627,0.012312,0.0032989,1,0,0,0,0,0,0
0.059868,-0.4821,1.1208,0.0070217,0.01236,0.0033119,1,0,0,0,0,0,0
0.063039,-0.482,1.1208,0.0074172,0.012411,0.0033256,1,0,0,0,0,0,0
0.066213,-0.4819,1.1209,0.0078136,0.012465,0.0033401,1,0,0,0,0,0,0
0.069391,-0.4818,1.1209,0.008211,0.012522,0.0033554,1,0,0,0,0,0,0
0.072572,-0.48169,1.1209,0.0086092,0.012582,0.0033715,1,0,0,0,0,0,0
0.075757,-0.48158,1.121,0.0090085,0.012646,0.0033884,1,0,0,0,0,0,0
0.078945,-0.48146,1.121,0.0094089,0.012712,0.003406,1,0,0,0,0,0,0
0.082137,-0.48133,1.121,0.0098103,0.012781,0.0034245,1,0,0,0,0,0,0
0.085334,-0.4812,1.1211,0.010213,0.012853,0.0034439,1,0,0,0,0,0,0
0.088534,-0.48107,1.1211,0.010617,0.012928,0.003464,1,0,0,0,0,0,0
0.09174,-0.48093,1.1211,0.011022,0.013006,0.003485,1,0,0,0,0,0,0
0.094949,-0.48078,1.1212,0.011428,0.013088,0.0035069,1,0,0,0,0,0,0
0.098164,-0.48063,1.1212,0.011836,0.013172,0.0035296,1,0,0,0,0,0,0
0.10138,-0.48047,1.1213,0.012245,0.01326,0.0035531,1,0,0,0,0,0,0
0.10461,-0.48031,1.1213,0.012655,0.013352,0.0035775,1,0,0,0,0,0,0
0.10784,-0.48015,1.1213,0.013067,0.013446,0.0036029,1,0,0,0,0,0,0
0.11107,-0.47997,1.1214,0.01348,0.013544,0.0036291,1,0,0,0,0,0,0
0.11431,-0.4798,1.1214,0.013895,0.013645,0.0036562,1,0,0,0,0,0,0
0.11756,-0.47961,1.1215,0.014311,0.01375,0.0036842,1,0,0,0,0,0,0
0.12081,-0.47943,1.1215,0.014729,0.013858,0.0037132,1,0,0,0,0,0,0
0.12407,-0.47923,1.1216,0.015148,0.01397,0.0037431,1,0,0,0,0,0,0
0.12733,-0.47903,1.1216,0.01557,0.014085,0.003774,1,0,0,0,0,0,0
0.1306,-0.47883,1.1217,0.015993,0.014204,0.0038058,1,0,0,0,0,0,0
0.13388,-0.47861,1.1218,0.016417,0.014326,0.0038386,1,0,0,0,0,0,0
0.13717,-0.4784,1.1218,0.016844,0.014452,0.0038725,1,0,0,0,0,0,0
0.14046,-0.47818,1.1219,0.017272,0.014582,0.0039073,1,0,0,0,0,0,0
0.14375,-0.47795,1.1219,0.017702,0.014716,0.0039431,1,0,0,0,0,0,0
0.14706,-0.47771,1.122,0.018134,0.014854,0.00398,1,0,0,0,0,0,0
0.15037,-0.47747,1.1221,0.018568,0.014995,0.004018,1,0,0,0,0,0,0
0.15369,-0.47722,1.1221,0.019004,0.015141,0.004057,1,0,0,0,0,0,0
0.15702,-0.47697,1.1222,0.019442,0.015291,0.0040971,1,0,0,0,0,0,0
0.16036,-0.47671,1.1223,0.019881,0.015444,0.0041383,1,0,0,0,0,0,0
0.1637,-0.47645,1.1223,0.020323,0.015602,0.0041806,1,0,0,0,0,0,0
0.16705,-0.47618,1.1224,0.020767,0.015765,0.0042241,1,0,0,0,0,0,0
0.17042,-0.4759,1.1225,0.021213,0.015931,0.0042688,1,0,0,0,0,0,0
0.17379,-0.47561,1.1226,0.021661,0.016102,0.0043146,1,0,0,0,0,0,0
0.17716,-0.47532,1.1226,0.022111,0.016278,0.0043616,1,0,0,0,0,0,0
0.18055,-0.47503,1.1227,0.022564,0.016458,0.0044099,1,0,0,0,0,0,0
0.18395,-0.47472,1.1228,0.023018,0.016642,0.0044593,1,0,0,0,0,0,0
0.18735,-0.47441,1.1229,0.023475,0.016832,0.0045101,1,0,0,0,0,0,0
0.19077,-0.47409,1.123,0.023934,0.017026,0.0045621,1,0,0,0,0,0,0
0.1942,-0.47377,1.1231,0.024395,0.017225,0.0046155,1,0,0,0,0,0,0
0.19763,-0.47344,1.1231,0.024858,0.017429,0.0046701,1,0,0,0,0,0,0
0.20108,-0.4731,1.1232,0.025324,0.017638,0.0047262,1,0,0,0,0,0,0
0.20453,-0.47275,1.1233,0.025792,0.017853,0.0047836,1,0,0,0,0,0,0
0.208,-0.4724,1.1234,0.026262,0.018072,0.0048424,1,0,0,0,0,0,0
0.21148,-0.47204,1.1235,0.026734,0.018297,0.0049026,1,0,0,0,0,0,0
0.21496,-0.47167,1.1236,0.027208,0.018527,0.0049643,1,0,0,0,0,0,0
0.21846,-0.4713,1.1237,0.027685,0.018763,0.0050275,1,0,0,0,0,0,0
0.22197,-0.47091,1.1238,0.028164,0.019004,0.0050922,1,0,0,0,0,0,0
0.22549,-0.47052,1.1239,0.028645,0.019252,0.0051584,1,0,0,0,0,0,0
0.22903,-0.47013,1.124,0.029129,0.019505,0.0052262,1,0,0,0,0,0,0
0.23257,-0.46972,1.1241,0.029614,0.019764,0.0052957,1,0,0,0,0,0,0
0.23613,-0.46931,1.1243,0.030102,0.020029,0.0053667,1,0,0,0,0,0,0
0.2397,-0.46888,1.1244,0.030592,0.0203,0.0054394,1,0,0,0,0,0,0
0.24328,-0.46845,1.1245,0.031084,0.020578,0.0055138,1,0,0,0,0,0,0
0.24688,-0.46801,1.1246,0.031578,0.020862,0.0055899,1,0,0,0,0,0,0
0.25048,-0.46757,1.1247,0.032074,0.021152,0.0056678,1,0,0,0,0,0,0
0.2541,-0.46711,1.1248,0.032572,0.02145,0.0057474,1,0,0,0,0,0,0
0.25774,-0.46665,1.125,0.033072,0.021754,0.0058289,1,0,0,0,0,0,0
0.26139,-0.46617,1.1251,0.033574,0.022065,0.0059123,1,0,0,0,0,0,0
0.26505,-0.46569,1.1252,0.034078,0.022383,0.0059975,1,0,0,0,0,0,0
0.26872,-0.4652,1.1254,0.034584,0.022708,0.0060847,1,0,0,0,0,0,0
0.27241,-0.4647,1.1255,0.035092,0.023041,0.0061739,1,0,0,0,0,0,0
0.27611,-0.46419,1.1256,0.035601,0.023382,0.0062651,1,0,0,0,0,0,0
0.27983,-0.46367,1.1258,0.036111,0.02373,0.0063583,1,0,0,0,0,0,0
0.28356,-0.46314,1.1259,0.036624,0.024085,0.0064537,1,0,0,0,0,0,0
0.28731,-0.4626,1.126,0.037137,0.024449,0.0065512,1,0,0,0,0,0,0
0.29107,-0.46205,1.1262,0.037652,0.024821,0.0066508,1,0,0,0,0,0,0
0.29485,-0.46149,1.1263,0.038168,0.025201,0.0067527,1,0,0,0,0,0,0
0.29864,-0.46092,1.1265,0.038686,0.02559,0.0068569,1,0,0,0,0,0,0
0.30245,-0.46034,1.1267,0.039204,0.025988,0.0069634,1,0,0,0,0,0,0
0.30627,-0.45975,1.1268,0.039723,0.026394,0.0070722,1,0,0,0,0,0,0
0.31011,-0.45915,1.127,0.040243,0.026809,0.0071834,1,0,0,0,0,0,0
0.31397,-0.45854,1.1271,0.040763,0.027233,0.0072971,1,0,0,0,0,0,0
0.31784,-0.45792,1.1273,0.041284,0.027667,0.0074133,1,0,0,0,0,0,0
0.32173,-0.45728,1.1275,0.041805,0.02811,0.0075321,1,0,0,0,0,0,0
0.32564,-0.45664,1.1276,0.042326,0.028563,0.0076535,1,0,0,0,0,0,0
0.32956,-0.45598,1.1278,0.042847,0.029026,0.0077775,1,0,0,0,0,0,0
0.3335,-0.45531,1.128,0.043367,0.029499,0.0079042,1,0,0,0,0,0,0
0.33746,-0.45463,1.1282,0.043887,0.029982,0.0080337,1,0,0,0,0,0,0
0.34144,-0.45394,1.1284,0.044407,0.030476,0.0081661,1,0,0,0,0,0,0
0.34543,-0.45323,1.1286,0.044925,0.030981,0.0083013,1,0,0,0,0,0,0
0.34945,-0.45252,1.1287,0.045442,0.031496,0.0084394,1,0,0,0,0,0,0
0.35348,-0.45178,1.1289,0.045957,0.032023,0.0085805,1,0,0,0,0,0,0
0.35753,-0.45104,1.1291,0.046471,0.032561,0.0087247,1,0,0,0,0,0,0
0.3616,-0.45028,1.1293,0.046982,0.033111,0.008872,1,0,0,0,0,0,0
0.36568,-0.44951,1.1296,0.047491,0.033672,0.0090224,1,0,0,0,0,0,0
0.36979,-0.44873,1.1298,0.047997,0.034246,0.0091761,1,0,0,0,0,0,0
0.37392,-0.44793,1.13,0.0485,0.034831,0.009333,1,0,0,0,0,0,0
0.37806,-0.44712,1.1302,0.049,0.03543,0.0094933,1,0,0,0,0,0,0
0.38223,-0.44629,1.1304,0.049496,0.036041,0.0096571,1,0,0,0,0,0,0
0.38641,-0.44545,1.1306,0.049987,0.036665,0.0098243,1,0,0,0,0,0,0
0.39062,-0.44459,1.1309,0.050474,0.037302,0.009995,1,0,0,0,0,0,0
0.39484,-0.44372,1.1311,0.050955,0.037953,0.010169,1,0,0,0,0,0,0
0.39909,-0.44283,1.1313,0.051431,0.038617,0.010347,1,0,0,0,0,0,0
0.40336,-0.44193,1.1316,0.051901,0.039295,0.010529,1,0,0,0,0,0,0
0.40765,-0.44101,1.1318,0.052364,0.039988,0.010715,1,0,0,0,0,0,0
0.41196,-0.44008,1.1321,0.05282,0.040695,0.010904,1,0,0,0,0,0,0
0.41629,-0.43913,1.1323,0.053268,0.041417,0.011098,1,0,0,0,0,0,0
0.42064,-0.43816,1.1326,0.053708,0.042154,0.011295,1,0,0,0,0,0,0
0.42501,-0.43717,1.1329,0.054139,0.042906,0.011497,1,0,0,0,0,0,0
0.42941,-0.43617,1.1331,0.05456,0.043673,0.011702,1,0,0,0,0,0,0
0.43383,-0.43515,1.1334,0.054971,0.044456,0.011912,1,0,0,0,0,0,0
0.43827,-0.43411,1.1337,0.055371,0.045256,0.012126,1,0,0,0,0,0,0
0.44273,-0.43305,1.134,0.055758,0.046071,0.012345,1,0,0,0,0,0,0
0.44721,-0.43198,1.1343,0.056134,0.046903,0.012568,1,0,0,0,0,0,0
0.45172,-0.43088,1.1345,0.056496,0.047752,0.012795,1,0,0,0,0,0,0
0.45625,-0.42977,1.1348,0.056843,0.048618,0.013027,1,0,0,0,0,0,0
0.4608,-0.42863,1.1351,0.057176,0.049501,0.013264,1,0,0,0,0,0,0
0.46538,-0.42748,1.1355,0.057492,0.050401,0.013505,1,0,0,0,0,0,0
0.46998,-0.4263,1.1358,0.057791,0.05132,0.013751,1,0,0,0,0,0,0
0.4746,-0.4251,1.1361,0.058073,0.052256,0.014002,1,0,0,0,0,0,0
0.47925,-0.42389,1.1364,0.058334,0.05321,0.014258,1,0,0,0,0,0,0
0.48391,-0.42265,1.1368,0.058576,0.054183,0.014518,1,0,0,0,0,0,0
0.48861,-0.42139,1.1371,0.058796,0.055175,0.014784,1,0,0,0,0,0,0
0.49332,-0.4201,1.1374,0.058994,0.056186,0.015055,1,0,0,0,0,0,0
0.49806,-0.4188,1.1378,0.059168,0.057215,0.015331,1,0,0,0,0,0,0
0.50283,-0.41747,1.1381,0.059317,0.058264,0.015612,1,0,0,0,0,0,0
0.50761,-0.41611,1.1385,0.059439,0.059333,0.015898,1,0,0,0,0,0,0
0.51242,-0.41474,1.1389,0.059533,0.060421,0.01619,1,0,0,0,0,0,0
0.51726,-0.41333,1.1392,0.059598,0.061529,0.016487,1,0,0,0,0,0,0
0.52212,-0.41191,1.1396,0.059632,0.062657,0.016789,1,0,0,0,0,0,0
0.527,-0.41045,1.14,0.059633,0.063805,0.017097,1,0,0,0,0,0,0
0.53191,-0.40897,1.1404,0.059601,0.064974,0.01741,1,0,0,0,0,0,0
0.53684,-0.40747,1.1408,0.059532,0.066162,0.017728,1,0,0,0,0,0,0
0.54179,-0.40594,1.1412,0.059427,0.067371,0.018052,1,0,0,0,0,0,0
0.54677,-0.40438,1.1416,0.059282,0.068601,0.018382,1,0,0,0,0,0,0
0.55177,-0.40279,1.1421,0.059095,0.069851,0.018716,1,0,0,0,0,0,0
0.5568,-0.40117,1.1425,0.058866,0.071121,0.019057,1,0,0,0,0,0,0
0.56184,-0.39953,1.1429,0.058591,0.072413,0.019403,1,0,0,0,0,0,0
0.56692,-0.39785,1.1434,0.05827,0.073724,0.019754,1,0,0,0,0,0,0
0.57201,-0.39615,1.1439,0.057898,0.075056,0.020111,1,0,0,0,0,0,0
0.57713,-0.39441,1.1443,0.057476,0.076408,0.020474,1,0,0,0,0,0,0
0.58227,-0.39265,1.1448,0.056999,0.077781,0.020841,1,0,0,0,0,0,0
0.58743,-0.39085,1.1453,0.056467,0.079173,0.021214,1,0,0,0,0,0,0
0.59262,-0.38902,1.1458,0.055876,0.080585,0.021593,1,0,0,0,0,0,0
0.59782,-0.38716,1.1463,0.055224,0.082017,0.021976,1,0,0,0,0,0,0
0.60305,-0.38526,1.1468,0.054508,0.083468,0.022365,1,0,0,0,0,0,0
0.6083,-0.38333,1.1473,0.053726,0.084938,0.022759,1,0,0,0,0,0,0
0.61358,-0.38136,1.1478,0.052875,0.086426,0.023158,1,0,0,0,0,0,0
0.61887,-0.37936,1.1483,0.051953,0.087932,0.023561,1,0,0,0,0,0,0
0.62418,-0.37733,1.1489,0.050956,0.089455,0.023969,1,0,0,0,0,0,0
0.62952,-0.37526,1.1495,0.049881,0.090996,0.024382,1,0,0,0,0,0,0
0.63487,-0.37315,1.15,0.048727,0.092553,0.024799,1,0,0,0,0,0,0
0.64024,-0.371,1.1506,0.047489,0.094125,0.025221,1,0,0,0,0,0,0
0.64563,-0.36881,1.1512,0.046165,0.095712,0.025646,1,0,0,0,0,0,0
0.65104,-0.36659,1.1518,0.044751,0.097313,0.026075,1,0,0,0,0,0,0
0.65646,-0.36433,1.1524,0.043245,0.098927,0.026507,1,0,0,0,0,0,0
0.66191,-0.36202,1.153,0.041642,0.10055,0.026943,1,0,0,0,0,0,0
0.66736,-0.35968,1.1536,0.039941,0.10219,0.027382,1,0,0,0,0,0,0
0.67284,-0.35729,1.1543,0.038137,0.10384,0.027823,1,0,0,0,0,0,0
0.67832,-0.35486,1.1549,0.036227,0.10549,0.028266,1,0,0,0,0,0,0
0.68383,-0.35239,1.1556,0.034209,0.10715,0.028712,1,0,0,0,0,0,0
0.68934,-0.34988,1.1563,0.032077,0.10882,0.029158,1,0,0,0,0,0,0
0.69487,-0.34732,1.1569,0.02983,0.11049,0.029606,1,0,0,0,0,0,0
0.7004,-0.34471,1.1576,0.027463,0.11217,0.030055,1,0,0,0,0,0,0
0.70595,-0.34206,1.1583,0.024974,0.11384,0.030504,1,0,0,0,0,0,0
0.71151,-0.33937,1.1591,0.022359,0.11551,0.030952,1,0,0,0,0,0,0
0.71707,-0.33663,1.1598,0.019614,0.11718,0.031399,1,0,0,0,0,0,0
0.72264,-0.33384,1.1605,0.016736,0.11885,0.031845,1,0,0,0,0,0,0
0.72822,-0.331,1.1613,0.013722,0.1205,0.032289,1,0,0,0,0,0,0
0.7338,-0.32811,1.1621,0.010569,0.12215,0.03273,1,0,0,0,0,0,0
0.73938,-0.32517,1.1629,0.007274,0.12378,0.033167,1,0,0,0,0,0,0
0.74497,-0.32219,1.1637,0.0038331,0.1254,0.033601,1,0,0,0,0,0,0
0.75055,-0.31915,1.1645,0.00024383,0.127,0.034029,1,0,0,0,0,0,0
0.75613,-0.31606,1.1653,-0.0034967,0.12858,0.034452,1,0,0,0,0,0,0
0.76171,-0.31292,1.1662,-0.0073912,0.13013,0.034868,1,0,0,0,0,0,0
0.76729,-0.30972,1.167,-0.011442,0.13165,0.035277,1,0,0,0,0,0,0
0.77286,-0.30648,1.1679,-0.015652,0.13315,0.035677,1,0,0,0,0,0,0
0.77842,-0.30318,1.1688,-0.020022,0.13461,0.036068,1,0,0,0,0,0,0
0.78397,-0.29982,1.1697,-0.024556,0.13603,0.036449,1,0,0,0,0,0,0
0.78951,-0.29641,1.1706,-0.029254,0.13741,0.036818,1,0,0,0,0,0,0
0.79504,-0.29294,1.1715,-0.034118,0.13874,0.037175,1,0,0,0,0,0,0
0.80055,-0.28942,1.1724,-0.039149,0.14002,0.037519,1,0,0,0,0,0,0
0.80604,-0.28584,1.1734,-0.044347,0.14125,0.037848,1,0,0,0,0,0,0
0.81152,-0.28221,1.1744,-0.049715,0.14242,0.038161,1,0,0,0,0,0,0
0.81697,-0.27852,1.1754,-0.05525,0.14353,0.038457,1,0,0,0,0,0,0
0.8224,-0.27477,1.1764,-0.060954,0.14456,0.038735,1,0,0,0,0,0,0
0.8278,-0.27096,1.1774,-0.066825,0.14553,0.038994,1,0,0,0,0,0,0
0.83317,-0.26709,1.1784,-0.072863,0.14641,0.039232,1,0,0,0,0,0,0
0.83851,-0.26316,1.1795,-0.079065,0.14722,0.039447,1,0,0,0,0,0,0
0.84381,-0.25918,1.1806,-0.08543,0.14794,0.03964,1,0,0,0,0,0,0
0.84908,-0.25513,1.1816,-0.091955,0.14856,0.039807,1,0,0,0,0,0,0
0.85431,-0.25103,1.1827,-0.098637,0.14909,0.039948,1,0,0,0,0,0,0
0.85949,-0.24686,1.1839,-0.10547,0.14951,0.040062,1,0,0,0,0,0,0
0.86464,-0.24264,1.185,-0.11245,0.14983,0.040146,1,0,0,0,0,0,0
0.86973,-0.23836,1.1861,-0.11958,0.15003,0.040201,1,0,0,0,0,0,0
0.87477,-0.23401,1.1873,-0.12685,0.15011,0.040223,1,0,0,0,0,0,0
0.87976,-0.22961,1.1885,-0.13424,0.15007,0.040212,1,0,0,0,0,0,0
0.88469,-0.22514,1.1897,-0.14177,0.14991,0.040167,1,0,0,0,0,0,0
0.88957,-0.22062,1.1909,-0.14941,0.1496,0.040086,1,0,0,0,0,0,0
0.89438,-0.21604,1.1921,-0.15715,0.14916,0.039967,1,0,0,0,0,0,0
0.89912,-0.21139,1.1934,-0.165,0.14857,0.039811,1,0,0,0,0,0,0
0.9038,-0.20669,1.1946,-0.17294,0.14784,0.039614,1,0,0,0,0,0,0
0.9084,-0.20193,1.1959,-0.18096,0.14695,0.039376,1,0,0,0,0,0,0
0.91293,-0.19711,1.1972,-0.18905,0.14591,0.039096,1,0,0,0,0,0,0
0.91737,-0.19223,1.1985,-0.19719,0.1447,0.038773,1,0,0,0,0,0,0
0.92174,-0.1873,1.1998,-0.20538,0.14333,0.038405,1,0,0,0,0,0,0
0.92602,-0.18231,1.2012,-0.2136,0.14179,0.037993,1,0,0,0,0,0,0
0.93021,-0.17726,1.2025,-0.22183,0.14008,0.037534,1,0,0,0,0,0,0
0.93431,-0.17216,1.2039,-0.23007,0.13819,0.037028,1,0,0,0,0,0,0
0.93832,-0.167,1.2053,-0.2383,0.13613,0.036475,1,0,0,0,0,0,0
0.94222,-0.16179,1.2066,-0.24649,0.13388,0.035873,1,0,0,0,0,0,0
0.94602,-0.15653,1.2081,-0.25465,0.13145,0.035223,1,0,0,0,0,0,0
0.94972,-0.15121,1.2095,-0.26274,0.12885,0.034524,1,0,0,0,0,0,0
0.95331,-0.14585,1.2109,-0.27075,0.12605,0.033776,1,0,0,0,0,0,0
0.95679,-0.14043,1.2124,-0.27866,0.12308,0.032979,1,0,0,0,0,0,0
0.96016,-0.13497,1.2138,-0.28647,0.11992,0.032132,1,0,0,0,0,0,0
0.9634,-0.12946,1.2153,-0.29413,0.11658,0.031237,1,0,0,0,0,0,0
0.96653,-0.12391,1.2168,-0.30165,0.11305,0.030293,1,0,0,0,0,0,0
0.96953,-0.11831,1.2183,-0.309,0.10935,0.029301,1,0,0,0,0,0,0
0.97241,-0.11267,1.2198,-0.31616,0.10547,0.028261,1,0,0,0,0,0,0
0.97516,-0.10699,1.2213,-0.32312,0.10142,0.027176,1,0,0,0,0,0,0
0.97777,-0.10127,1.2229,-0.32985,0.097199,0.026045,1,0,0,0,0,0,0
0.98025,-0.09551,1.2244,-0.33633,0.092813,0.024869,1,0,0,0,0,0,0
0.98259,-0.089718,1.226,-0.34256,0.088266,0.023651,1,0,0,0,0,0,0
0.9848,-0.083892,1.2275,-0.34851,0.083565,0.022391,1,0,0,0,0,0,0
0.98686,-0.078035,1.2291,-0.35416,0.078715,0.021092,1,0,0,0,0,0,0
0.98878,-0.072149,1.2307,-0.3595,0.073724,0.019754,1,0,0,0,0,0,0
0.99055,-0.066235,1.2323,-0.36452,0.068599,0.018381,1,0,0,0,0,0,0
0.99218,-0.060295,1.2338,-0.36919,0.063348,0.016974,1,0,0,0,0,0,0
0.99365,-0.054333,1.2354,-0.37351,0.05798,0.015536,1,0,0,0,0,0,0
0.99498,-0.04835,1.237,-0.37746,0.052502,0.014068,1,0,0,0,0,0,0
0.99615,-0.042347,1.2387,-0.38102,0.046926,0.012574,1,0,0,0,0,0,0
0.99717,-0.036329,1.2403,-0.3842,0.04126,0.011056,1,0,0,0,0,0,0
0.99803,-0.030296,1.2419,-0.38697,0.035515,0.0095163,1,0,0,0,0,0,0
0.99874,-0.024251,1.2435,-0.38933,0.029702,0.0079586,1,0,0,0,0,0,0
0.99929,-0.018197,1.2451,-0.39127,0.023831,0.0063856,1,0,0,0,0,0,0
0.99968,-0.012135,1.2467,-0.39279,0.017914,0.0048001,1,0,0,0,0,0,0
0.99992,-0.0060687,1.2484,-0.39388,0.011962,0.0032053,1,0,0,0,0,0,0
1,-2.3658e-16,1.25,-0.39453,0.005987,0.0016042,1,0,0,0,0,0,0
