0,0,0.75,0,0,0,1,0,0,0,0,0,0
0,0,0.75,0,0,0,0.99999,0,0.0034907,0,0,0.34907,0
0,0,0.75,0,0,0,0.99998,0,0.0069813,0,0,0.34907,0
0,0,0.75,0,0,0,0.99995,0,0.010472,0,0,0.34907,0
0,0,0.75,0,0,0,0.9999,0,0.013962,0,0,0.34907,0
0,0,0.75,0,0,0,0.99985,0,0.017452,0,0,0.34907,0
0,0,0.75,0,0,0,0.99978,0,0.020942,0,0,0.34907,0
0,0,0.75,0,0,0,0.9997,0,0.024432,0,0,0.34907,0
0,0,0.75,0,0,0,0.99961,0,0.027922,0,0,0.34907,0
0,0,0.75,0,0,0,0.99951,0,0.031411,0,0,0.34907,0
0,0,0.75,0,0,0,0.99939,0,0.034899,0,0,0.34907,0
0,0,0.75,0,0,0,0.99926,0,0.038388,0,0,0.34907,0
0,0,0.75,0,0,0,0.99912,0,0.041876,0,0,0.34907,0
0,0,0.75,0,0,0,0.99897,0,0.045363,0,0,0.34907,0
0,0,0.75,0,0,0,0.99881,0,0.04885,0,0,0.34907,0
0,0,0.75,0,0,0,0.99863,0,0.052336,0,0,0.34907,0
0,0,0.75,0,0,0,0.99844,0,0.055822,0,0,0.34907,0
0,0,0.75,0,0,0,0.99824,0,0.059306,0,0,0.34907,0
0,0,0.75,0,0,0,0.99803,0,0.062791,0,0,0.34907,0
0,0,0.75,0,0,0,0.9978,0,0.066274,0,0,0.34907,0
0,0,0.75,0,0,0,0.99756,0,0.069756,0,0,0.34907,0
0,0,0.75,0,0,0,0.99731,0,0.073238,0,0,0.34907,0
0,0,0.75,0,0,0,0.99705,0,0.076719,0,0,0.34907,0
0,0,0.75,0,0,0,0.99678,0,0.080199,0,0,0.34907,0
0,0,0.75,0,0,0,0.99649,0,0.083678,0,0,0.34907,0
0,0,0.75,0,0,0,0.99619,0,0.087156,0,0,0.34907,0
0,0,0.75,0,0,0,0.99588,0,0.090633,0,0,0.34907,0
0,0,0.75,0,0,0,0.99556,0,0.094108,0,0,0.34907,0
0,0,0.75,0,0,0,0.99523,0,0.097583,0,0,0.34907,0
0,0,0.75,0,0,0,0.99488,0,0.10106,0,0,0.34907,0
0,0,0.75,0,0,0,0.99452,0,0.10453,0,0,0.34907,0
0,0,0.75,0,0,0,0.99415,0,0.108,0,0,0.34907,0
0,0,0.75,0,0,0,0.99377,0,0.11147,0,0,0.34907,0
0,0,0.75,0,0,0,0.99337,0,0.11494,0,0,0.34907,0
0,0,0.75,0,0,0,0.99297,0,0.1184,0,0,0.34907,0
0,0,0.75,0,0,0,0.99255,0,0.12187,0,0,0.34907,0
0,0,0.75,0,0,0,0.99211,0,0.12533,0,0,0.34907,0
0,0,0.75,0,0,0,0.99167,0,0.1288,0,0,0.34907,0
0,0,0.75,0,0,0,0.99122,0,0.13226,0,0,0.34907,0
0,0,0.75,0,0,0,0.99075,0,0.13572,0,0,0.34907,0
0,0,0.75,0,0,0,0.99027,0,0.13917,0,0,0.34907,0
0,0,0.75,0,0,0,0.98978,0,0.14263,0,0,0.34907,0
0,0,0.75,0,0,0,0.98927,0,0.14608,0,0,0.34907,0
0,0,0.75,0,0,0,0.98876,0,0.14954,0,0,0.34907,0
0,0,0.75,0,0,0,0.98823,0,0.15299,0,0,0.34907,0
0,0,0.75,0,0,0,0.98769,0,0.15643,0,0,0.34907,0
0,0,0.75,0,0,0,0.98714,0,0.15988,0,0,0.34907,0
0,0,0.75,0,0,0,0.98657,0,0.16333,0,0,0.34907,0
0,0,0.75,0,0,0,0.986,0,0.16677,0,0,0.34907,0
0,0,0.75,0,0,0,0.98541,0,0.17021,0,0,0.34907,0
0,0,0.75,0,0,0,0.98481,0,0.17365,0,0,0.34907,0
0,0,0.75,0,0,0,0.9842,0,0.17708,0,0,0.34907,0
0,0,0.75,0,0,0,0.98357,0,0.18052,0,0,0.34907,0
0,0,0.75,0,0,0,0.98294,0,0.18395,0,0,0.34907,0
0,0,0.75,0,0,0,0.98229,0,0.18738,0,0,0.34907,0
0,0,0.75,0,0,0,0.98163,0,0.19081,0,0,0.34907,0
0,0,0.75,0,0,0,0.98096,0,0.19423,0,0,0.34907,0
0,0,0.75,0,0,0,0.98027,0,0.19766,0,0,0.34907,0
0,0,0.75,0,0,0,0.97958,0,0.20108,0,0,0.34907,0
0,0,0.75,0,0,0,0.97887,0,0.2045,0,0,0.34907,0
0,0,0.75,0,0,0,0.97815,0,0.20791,0,0,0.34907,0
0,0,0.75,0,0,0,0.97742,0,0.21132,0,0,0.34907,0
0,0,0.75,0,0,0,0.97667,0,0.21474,0,0,0.34907,0
0,0,0.75,0,0,0,0.97592,0,0.21814,0,0,0.34907,0
0,0,0.75,0,0,0,0.97515,0,0.22155,0,0,0.34907,0
0,0,0.75,0,0,0,0.97437,0,0.22495,0,0,0.34907,0
0,0,0.75,0,0,0,0.97358,0,0.22835,0,0,0.34907,0
0,0,0.75,0,0,0,0.97278,0,0.23175,0,0,0.34907,0
0,0,0.75,0,0,0,0.97196,0,0.23514,0,0,0.34907,0
0,0,0.75,0,0,0,0.97113,0,0.23853,0,0,0.34907,0
0,0,0.75,0,0,0,0.9703,0,0.24192,0,0,0.34907,0
0,0,0.75,0,0,0,0.96945,0,0.24531,0,0,0.34907,0
0,0,0.75,0,0,0,0.96858,0,0.24869,0,0,0.34907,0
0,0,0.75,0,0,0,0.96771,0,0.25207,0,0,0.34907,0
0,0,0.75,0,0,0,0.96682,0,0.25545,0,0,0.34907,0
0,0,0.75,0,0,0,0.96593,0,0.25882,0,0,0.34907,0
0,0,0.75,0,0,0,0.96502,0,0.26219,0,0,0.34907,0
0,0,0.75,0,0,0,0.9641,0,0.26556,0,0,0.34907,0
0,0,0.75,0,0,0,0.96316,0,0.26892,0,0,0.34907,0
0,0,0.75,0,0,0,0.96222,0,0.27228,0,0,0.34907,0
0,0,0.75,0,0,0,0.96126,0,0.27564,0,0,0.34907,0
0,0,0.75,0,0,0,0.96029,0,0.27899,0,0,0.34907,0
0,0,0.75,0,0,0,0.95931,0,0.28234,0,0,0.34907,0
0,0,0.75,0,0,0,0.95832,0,0.28569,0,0,0.34907,0
0,0,0.75,0,0,0,0.95732,0,0.28903,0,0,0.34907,0
0,0,0.75,0,0,0,0.9563,0,0.29237,0,0,0.34907,0
0,0,0.75,0,0,0,0.95528,0,0.29571,0,0,0.34907,0
0,0,0.75,0,0,0,0.95424,0,0.29904,0,0,0.34907,0
0,0,0.75,0,0,0,0.95319,0,0.30237,0,0,0.34907,0
0,0,0.75,0,0,0,0.95213,0,0.3057,0,0,0.34907,0
0,0,0.75,0,0,0,0.95106,0,0.30902,0,0,0.34907,0
0,0,0.75,0,0,0,0.94997,0,0.31233,0,0,0.34907,0
0,0,0.75,0,0,0,0.94888,0,0.31565,0,0,0.34907,0
0,0,0.75,0,0,0,0.94777,0,0.31896,0,0,0.34907,0
0,0,0.75,0,0,0,0.94665,0,0.32227,0,0,0.34907,0
0,0,0.75,0,0,0,0.94552,0,0.32557,0,0,0.34907,0
0,0,0.75,0,0,0,0.94438,0,0.32887,0,0,0.34907,0
0,0,0.75,0,0,0,0.94322,0,0.33216,0,0,0.34907,0
0,0,0.75,0,0,0,0.94206,0,0.33545,0,0,0.34907,0
0,0,0.75,0,0,0,0.94088,0,0.33874,0,0,0.34907,0
0,0,0.75,0,0,0,0.93969,0,0.34202,0,0,0.34907,0
0,0,0.75,0,0,0,0.93849,0,0.3453,0,0,0.34907,0
0,0,0.75,0,0,0,0.93728,0,0.34857,0,0,0.34907,0
0,0,0.75,0,0,0,0.93606,0,0.35184,0,0,0.34907,0
0,0,0.75,0,0,0,0.93483,0,0.35511,0,0,0.34907,0
0,0,0.75,0,0,0,0.93358,0,0.35837,0,0,0.34907,0
0,0,0.75,0,0,0,0.93232,0,0.36162,0,0,0.34907,0
0,0,0.75,0,0,0,0.93106,0,0.36488,0,0,0.34907,0
0,0,0.75,0,0,0,0.92978,0,0.36812,0,0,0.34907,0
0,0,0.75,0,0,0,0.92849,0,0.37137,0,0,0.34907,0
0,0,0.75,0,0,0,0.92718,0,0.37461,0,0,0.34907,0
0,0,0.75,0,0,0,0.92587,0,0.37784,0,0,0.34907,0
0,0,0.75,0,0,0,0.92455,0,0.38107,0,0,0.34907,0
0,0,0.75,0,0,0,0.92321,0,0.3843,0,0,0.34907,0
0,0,0.75,0,0,0,0.92186,0,0.38752,0,0,0.34907,0
0,0,0.75,0,0,0,0.9205,0,0.39073,0,0,0.34907,0
0,0,0.75,0,0,0,0.91914,0,0.39394,0,0,0.34907,0
0,0,0.75,0,0,0,0.91775,0,0.39715,0,0,0.34907,0
0,0,0.75,0,0,0,0.91636,0,0.40035,0,0,0.34907,0
0,0,0.75,0,0,0,0.91496,0,0.40355,0,0,0.34907,0
0,0,0.75,0,0,0,0.91355,0,0.40674,0,0,0.34907,0
0,0,0.75,0,0,0,0.91212,0,0.40992,0,0,0.34907,0
0,0,0.75,0,0,0,0.91068,0,0.4131,0,0,0.34907,0
0,0,0.75,0,0,0,0.90924,0,0.41628,0,0,0.34907,0
0,0,0.75,0,0,0,0.90778,0,0.41945,0,0,0.34907,0
0,0,0.75,0,0,0,0.90631,0,0.42262,0,0,0.34907,0
0,0,0.75,0,0,0,0.90483,0,0.42578,0,0,0.34907,0
0,0,0.75,0,0,0,0.90334,0,0.42894,0,0,0.34907,0
0,0,0.75,0,0,0,0.90183,0,0.43209,0,0,0.34907,0
0,0,0.75,0,0,0,0.90032,0,0.43523,0,0,0.34907,0
0,0,0.75,0,0,0,0.89879,0,0.43837,0,0,0.34907,0
0,0,0.75,0,0,0,0.89726,0,0.44151,0,0,0.34907,0
0,0,0.75,0,0,0,0.89571,0,0.44464,0,0,0.34907,0
0,0,0.75,0,0,0,0.89415,0,0.44776,0,0,0.34907,0
0,0,0.75,0,0,0,0.89259,0,0.45088,0,0,0.34907,0
0,0,0.75,0,0,0,0.89101,0,0.45399,0,0,0.34907,0
0,0,0.75,0,0,0,0.88942,0,0.4571,0,0,0.34907,0
0,0,0.75,0,0,0,0.88782,0,0.4602,0,0,0.34907,0
0,0,0.75,0,0,0,0.8862,0,0.4633,0,0,0.34907,0
0,0,0.75,0,0,0,0.88458,0,0.46639,0,0,0.34907,0
0,0,0.75,0,0,0,0.88295,0,0.46947,0,0,0.34907,0
0,0,0.75,0,0,0,0.8813,0,0.47255,0,0,0.34907,0
0,0,0.75,0,0,0,0.87965,0,0.47562,0,0,0.34907,0
0,0,0.75,0,0,0,0.87798,0,0.47869,0,0,0.34907,0
0,0,0.75,0,0,0,0.87631,0,0.48175,0,0,0.34907,0
0,0,0.75,0,0,0,0.87462,0,0.48481,0,0,0.34907,0
0,0,0.75,0,0,0,0.87292,0,0.48786,0,0,0.34907,0
0,0,0.75,0,0,0,0.87121,0,0.4909,0,0,0.34907,0
0,0,0.75,0,0,0,0.86949,0,0.49394,0,0,0.34907,0
0,0,0.75,0,0,0,0.86777,0,0.49697,0,0,0.34907,0
0,0,0.75,0,0,0,0.86603,0,0.5,0,0,0.34907,0
0,0,0.75,0,0,0,0.86427,0,0.50302,0,0,0.34907,0
0,0,0.75,0,0,0,0.86251,0,0.50603,0,0,0.34907,0
0,0,0.75,0,0,0,0.86074,0,0.50904,0,0,0.34907,0
0,0,0.75,0,0,0,0.85896,0,0.51204,0,0,0.34907,0
0,0,0.75,0,0,0,0.85717,0,0.51504,0,0,0.34907,0
0,0,0.75,0,0,0,0.85536,0,0.51803,0,0,0.34907,0
0,0,0.75,0,0,0,0.85355,0,0.52101,0,0,0.34907,0
0,0,0.75,0,0,0,0.85173,0,0.52399,0,0,0.34907,0
0,0,0.75,0,0,0,0.84989,0,0.52696,0,0,0.34907,0
0,0,0.75,0,0,0,0.84805,0,0.52992,0,0,0.34907,0
0,0,0.75,0,0,0,0.84619,0,0.53288,0,0,0.34907,0
0,0,0.75,0,0,0,0.84433,0,0.53583,0,0,0.34907,0
0,0,0.75,0,0,0,0.84245,0,0.53877,0,0,0.34907,0
0,0,0.75,0,0,0,0.84057,0,0.54171,0,0,0.34907,0
0,0,0.75,0,0,0,0.83867,0,0.54464,0,0,0.34907,0
0,0,0.75,0,0,0,0.83676,0,0.54756,0,0,0.34907,0
0,0,0.75,0,0,0,0.83485,0,0.55048,0,0,0.34907,0
0,0,0.75,0,0,0,0.83292,0,0.55339,0,0,0.34907,0
0,0,0.75,0,0,0,0.83098,0,0.5563,0,0,0.34907,0
0,0,0.75,0,0,0,0.82904,0,0.55919,0,0,0.34907,0
0,0,0.75,0,0,0,0.82708,0,0.56208,0,0,0.34907,0
0,0,0.75,0,0,0,0.82511,0,0.56497,0,0,0.34907,0
0,0,0.75,0,0,0,0.82314,0,0.56784,0,0,0.34907,0
0,0,0.75,0,0,0,0.82115,0,0.57071,0,0,0.34907,0
0,0,0.75,0,0,0,0.81915,0,0.57358,0,0,0.34907,0
0,0,0.75,0,0,0,0.81714,0,0.57643,0,0,0.34907,0
0,0,0.75,0,0,0,0.81513,0,0.57928,0,0,0.34907,0
0,0,0.75,0,0,0,0.8131,0,0.58212,0,0,0.34907,0
0,0,0.75,0,0,0,0.81106,0,0.58496,0,0,0.34907,0
0,0,0.75,0,0,0,0.80902,0,0.58779,0,0,0.34907,0
0,0,0.75,0,0,0,0.80696,0,0.59061,0,0,0.34907,0
0,0,0.75,0,0,0,0.80489,0,0.59342,0,0,0.34907,0
0,0,0.75,0,0,0,0.80282,0,0.59622,0,0,0.34907,0
0,0,0.75,0,0,0,0.80073,0,0.59902,0,0,0.34907,0
0,0,0.75,0,0,0,0.79864,0,0.60182,0,0,0.34907,0
0,0,0.75,0,0,0,0.79653,0,0.6046,0,0,0.34907,0
0,0,0.75,0,0,0,0.79441,0,0.60738,0,0,0.34907,0
0,0,0.75,0,0,0,0.79229,0,0.61015,0,0,0.34907,0
0,0,0.75,0,0,0,0.79016,0,0.61291,0,0,0.34907,0
0,0,0.75,0,0,0,0.78801,0,0.61566,0,0,0.34907,0
0,0,0.75,0,0,0,0.78586,0,0.61841,0,0,0.34907,0
0,0,0.75,0,0,0,0.78369,0,0.62115,0,0,0.34907,0
0,0,0.75,0,0,0,0.78152,0,0.62388,0,0,0.34907,0
0,0,0.75,0,0,0,0.77934,0,0.6266,0,0,0.34907,0
0,0,0.75,0,0,0,0.77715,0,0.62932,0,0,0.34907,0
0,0,0.75,0,0,0,0.77494,0,0.63203,0,0,0.34907,0
0,0,0.75,0,0,0,0.77273,0,0.63473,0,0,0.34907,0
0,0,0.75,0,0,0,0.77051,0,0.63742,0,0,0.34907,0
0,0,0.75,0,0,0,0.76828,0,0.64011,0,0,0.34907,0
0,0,0.75,0,0,0,0.76604,0,0.64279,0,0,0.34907,0
0,0,0.75,0,0,0,0.7638,0,0.64546,0,0,0.34907,0
0,0,0.75,0,0,0,0.76154,0,0.64812,0,0,0.34907,0
0,0,0.75,0,0,0,0.75927,0,0.65077,0,0,0.34907,0
0,0,0.75,0,0,0,0.757,0,0.65342,0,0,0.34907,0
0,0,0.75,0,0,0,0.75471,0,0.65606,0,0,0.34907,0
0,0,0.75,0,0,0,0.75241,0,0.65869,0,0,0.34907,0
0,0,0.75,0,0,0,0.75011,0,0.66131,0,0,0.34907,0
0,0,0.75,0,0,0,0.7478,0,0.66393,0,0,0.34907,0
0,0,0.75,0,0,0,0.74548,0,0.66653,0,0,0.34907,0
0,0,0.75,0,0,0,0.74314,0,0.66913,0,0,0.34907,0
0,0,0.75,0,0,0,0.7408,0,0.67172,0,0,0.34907,0
0,0,0.75,0,0,0,0.73846,0,0.6743,0,0,0.34907,0
0,0,0.75,0,0,0,0.7361,0,0.67688,0,0,0.34907,0
0,0,0.75,0,0,0,0.73373,0,0.67944,0,0,0.34907,0
0,0,0.75,0,0,0,0.73135,0,0.682,0,0,0.34907,0
0,0,0.75,0,0,0,0.72897,0,0.68455,0,0,0.34907,0
0,0,0.75,0,0,0,0.72657,0,0.68709,0,0,0.34907,0
0,0,0.75,0,0,0,0.72417,0,0.68962,0,0,0.34907,0
0,0,0.75,0,0,0,0.72176,0,0.69214,0,0,0.34907,0
0,0,0.75,0,0,0,0.71934,0,0.69466,0,0,0.34907,0
0,0,0.75,0,0,0,0.71691,0,0.69717,0,0,0.34907,0
0,0,0.75,0,0,0,0.71447,0,0.69966,0,0,0.34907,0
0,0,0.75,0,0,0,0.71203,0,0.70215,0,0,0.34907,0
0,0,0.75,0,0,0,0.70957,0,0.70463,0,0,0.34907,0
0,0,0.75,0,0,0,0.70711,0,0.70711,0,0,0.34907,0
0,0,0.75,0,0,0,0.70463,0,0.70957,0,0,0.34907,0
0,0,0.75,0,0,0,0.70215,0,0.71203,0,0,0.34907,0
0,0,0.75,0,0,0,0.69966,0,0.71447,0,0,0.34907,0
0,0,0.75,0,0,0,0.69717,0,0.71691,0,0,0.34907,0
0,0,0.75,0,0,0,0.69466,0,0.71934,0,0,0.34907,0
0,0,0.75,0,0,0,0.69214,0,0.72176,0,0,0.34907,0
0,0,0.75,0,0,0,0.68962,0,0.72417,0,0,0.34907,0
0,0,0.75,0,0,0,0.68709,0,0.72657,0,0,0.34907,0
0,0,0.75,0,0,0,0.68455,0,0.72897,0,0,0.34907,0
0,0,0.75,0,0,0,0.682,0,0.73135,0,0,0.34907,0
0,0,0.75,0,0,0,0.67944,0,0.73373,0,0,0.34907,0
0,0,0.75,0,0,0,0.67688,0,0.7361,0,0,0.34907,0
0,0,0.75,0,0,0,0.6743,0,0.73846,0,0,0.34907,0
0,0,0.75,0,0,0,0.67172,0,0.7408,0,0,0.34907,0
0,0,0.75,0,0,0,0.66913,0,0.74314,0,0,0.34907,0
0,0,0.75,0,0,0,0.66653,0,0.74548,0,0,0.34907,0
0,0,0.75,0,0,0,0.66393,0,0.7478,0,0,0.34907,0
0,0,0.75,0,0,0,0.66131,0,0.75011,0,0,0.34907,0
0,0,0.75,0,0,0,0.65869,0,0.75241,0,0,0.34907,0
0,0,0.75,0,0,0,0.65606,0,0.75471,0,0,0.34907,0
0,0,0.75,0,0,0,0.65342,0,0.757,0,0,0.34907,0
0,0,0.75,0,0,0,0.65077,0,0.75927,0,0,0.34907,0
0,0,0.75,0,0,0,0.64812,0,0.76154,0,0,0.34907,0
0,0,0.75,0,0,0,0.64546,0,0.7638,0,0,0.34907,0
0,0,0.75,0,0,0,0.64279,0,0.76604,0,0,0.34907,0
0,0,0.75,0,0,0,0.64011,0,0.76828,0,0,0.34907,0
0,0,0.75,0,0,0,0.63742,0,0.77051,0,0,0.34907,0
0,0,0.75,0,0,0,0.63473,0,0.77273,0,0,0.34907,0
0,0,0.75,0,0,0,0.63203,0,0.77494,0,0,0.34907,0
0,0,0.75,0,0,0,0.62932,0,0.77715,0,0,0.34907,0
0,0,0.75,0,0,0,0.6266,0,0.77934,0,0,0.34907,0
0,0,0.75,0,0,0,0.62388,0,0.78152,0,0,0.34907,0
0,0,0.75,0,0,0,0.62115,0,0.78369,0,0,0.34907,0
0,0,0.75,0,0,0,0.61841,0,0.78586,0,0,0.34907,0
0,0,0.75,0,0,0,0.61566,0,0.78801,0,0,0.34907,0
0,0,0.75,0,0,0,0.61291,0,0.79016,0,0,0.34907,0
0,0,0.75,0,0,0,0.61015,0,0.79229,0,0,0.34907,0
0,0,0.75,0,0,0,0.60738,0,0.79441,0,0,0.34907,0
0,0,0.75,0,0,0,0.6046,0,0.79653,0,0,0.34907,0
0,0,0.75,0,0,0,0.60182,0,0.79864,0,0,0.34907,0
0,0,0.75,0,0,0,0.59902,0,0.80073,0,0,0.34907,0
0,0,0.75,0,0,0,0.59622,0,0.80282,0,0,0.34907,0
0,0,0.75,0,0,0,0.59342,0,0.80489,0,0,0.34907,0
0,0,0.75,0,0,0,0.59061,0,0.80696,0,0,0.34907,0
0,0,0.75,0,0,0,0.58779,0,0.80902,0,0,0.34907,0
0,0,0.75,0,0,0,0.58496,0,0.81106,0,0,0.34907,0
0,0,0.75,0,0,0,0.58212,0,0.8131,0,0,0.34907,0
0,0,0.75,0,0,0,0.57928,0,0.81513,0,0,0.34907,0
0,0,0.75,0,0,0,0.57643,0,0.81714,0,0,0.34907,0
0,0,0.75,0,0,0,0.57358,0,0.81915,0,0,0.34907,0
0,0,0.75,0,0,0,0.57071,0,0.82115,0,0,0.34907,0
0,0,0.75,0,0,0,0.56784,0,0.82314,0,0,0.34907,0
0,0,0.75,0,0,0,0.56497,0,0.82511,0,0,0.34907,0
0,0,0.75,0,0,0,0.56208,0,0.82708,0,0,0.34907,0
0,0,0.75,0,0,0,0.55919,0,0.82904,0,0,0.34907,0
0,0,0.75,0,0,0,0.5563,0,0.83098,0,0,0.34907,0
0,0,0.75,0,0,0,0.55339,0,0.83292,0,0,0.34907,0
0,0,0.75,0,0,0,0.55048,0,0.83485,0,0,0.34907,0
0,0,0.75,0,0,0,0.54756,0,0.83676,0,0,0.34907,0
0,0,0.75,0,0,0,0.54464,0,0.83867,0,0,0.34907,0
0,0,0.75,0,0,0,0.54171,0,0.84057,0,0,0.34907,0
0,0,0.75,0,0,0,0.53877,0,0.84245,0,0,0.34907,0
0,0,0.75,0,0,0,0.53583,0,0.84433,0,0,0.34907,0
0,0,0.75,0,0,0,0.53288,0,0.84619,0,0,0.34907,0
0,0,0.75,0,0,0,0.52992,0,0.84805,0,0,0.34907,0
0,0,0.75,0,0,0,0.52696,0,0.84989,0,0,0.34907,0
0,0,0.75,0,0,0,0.52399,0,0.85173,0,0,0.34907,0
0,0,0.75,0,0,0,0.52101,0,0.85355,0,0,0.34907,0
0,0,0.75,0,0,0,0.51803,0,0.85536,0,0,0.34907,0
0,0,0.75,0,0,0,0.51504,0,0.85717,0,0,0.34907,0
0,0,0.75,0,0,0,0.51204,0,0.85896,0,0,0.34907,0
0,0,0.75,0,0,0,0.50904,0,0.86074,0,0,0.34907,0
0,0,0.75,0,0,0,0.50603,0,0.86251,0,0,0.34907,0
0,0,0.75,0,0,0,0.50302,0,0.86427,0,0,0.34907,0
0,0,0.75,0,0,0,0.5,0,0.86603,0,0,0.34907,0
0,0,0.75,0,0,0,0.49697,0,0.86777,0,0,0.34907,0
0,0,0.75,0,0,0,0.49394,0,0.86949,0,0,0.34907,0
0,0,0.75,0,0,0,0.4909,0,0.87121,0,0,0.34907,0
0,0,0.75,0,0,0,0.48786,0,0.87292,0,0,0.34907,0
0,0,0.75,0,0,0,0.48481,0,0.87462,0,0,0.34907,0
0,0,0.75,0,0,0,0.48175,0,0.87631,0,0,0.34907,0
0,0,0.75,0,0,0,0.47869,0,0.87798,0,0,0.34907,0
0,0,0.75,0,0,0,0.47562,0,0.87965,0,0,0.34907,0
0,0,0.75,0,0,0,0.47255,0,0.8813,0,0,0.34907,0
0,0,0.75,0,0,0,0.46947,0,0.88295,0,0,0.34907,0
0,0,0.75,0,0,0,0.46639,0,0.88458,0,0,0.34907,0
0,0,0.75,0,0,0,0.4633,0,0.8862,0,0,0.34907,0
0,0,0.75,0,0,0,0.4602,0,0.88782,0,0,0.34907,0
0,0,0.75,0,0,0,0.4571,0,0.88942,0,0,0.34907,0
0,0,0.75,0,0,0,0.45399,0,0.89101,0,0,0.34907,0
0,0,0.75,0,0,0,0.45088,0,0.89259,0,0,0.34907,0
0,0,0.75,0,0,0,0.44776,0,0.89415,0,0,0.34907,0
0,0,0.75,0,0,0,0.44464,0,0.89571,0,0,0.34907,0
0,0,0.75,0,0,0,0.44151,0,0.89726,0,0,0.34907,0
0,0,0.75,0,0,0,0.43837,0,0.89879,0,0,0.34907,0
0,0,0.75,0,0,0,0.43523,0,0.90032,0,0,0.34907,0
0,0,0.75,0,0,0,0.43209,0,0.90183,0,0,0.34907,0
0,0,0.75,0,0,0,0.42894,0,0.90334,0,0,0.34907,0
0,0,0.75,0,0,0,0.42578,0,0.90483,0,0,0.34907,0
0,0,0.75,0,0,0,0.42262,0,0.90631,0,0,0.34907,0
0,0,0.75,0,0,0,0.41945,0,0.90778,0,0,0.34907,0
0,0,0.75,0,0,0,0.41628,0,0.90924,0,0,0.34907,0
0,0,0.75,0,0,0,0.4131,0,0.91068,0,0,0.34907,0
0,0,0.75,0,0,0,0.40992,0,0.91212,0,0,0.34907,0
0,0,0.75,0,0,0,0.40674,0,0.91355,0,0,0.34907,0
0,0,0.75,0,0,0,0.40355,0,0.91496,0,0,0.34907,0
0,0,0.75,0,0,0,0.40035,0,0.91636,0,0,0.34907,0
0,0,0.75,0,0,0,0.39715,0,0.91775,0,0,0.34907,0
0,0,0.75,0,0,0,0.39394,0,0.91914,0,0,0.34907,0
0,0,0.75,0,0,0,0.39073,0,0.9205,0,0,0.34907,0
0,0,0.75,0,0,0,0.38752,0,0.92186,0,0,0.34907,0
0,0,0.75,0,0,0,0.3843,0,0.92321,0,0,0.34907,0
0,0,0.75,0,0,0,0.38107,0,0.92455,0,0,0.34907,0
0,0,0.75,0,0,0,0.37784,0,0.92587,0,0,0.34907,0
0,0,0.75,0,0,0,0.37461,0,0.92718,0,0,0.34907,0
0,0,0.75,0,0,0,0.37137,0,0.92849,0,0,0.34907,0
0,0,0.75,0,0,0,0.36812,0,0.92978,0,0,0.34907,0
0,0,0.75,0,0,0,0.36488,0,0.93106,0,0,0.34907,0
0,0,0.75,0,0,0,0.36162,0,0.93232,0,0,0.34907,0
0,0,0.75,0,0,0,0.35837,0,0.93358,0,0,0.34907,0
0,0,0.75,0,0,0,0.35511,0,0.93483,0,0,0.34907,0
0,0,0.75,0,0,0,0.35184,0,0.93606,0,0,0.34907,0
0,0,0.75,0,0,0,0.34857,0,0.93728,0,0,0.34907,0
0,0,0.75,0,0,0,0.3453,0,0.93849,0,0,0.34907,0
0,0,0.75,0,0,0,0.34202,0,0.93969,0,0,0.34907,0
0,0,0.75,0,0,0,0.33874,0,0.94088,0,0,0.34907,0
0,0,0.75,0,0,0,0.33545,0,0.94206,0,0,0.34907,0
0,0,0.75,0,0,0,0.33216,0,0.94322,0,0,0.34907,0
0,0,0.75,0,0,0,0.32887,0,0.94438,0,0,0.34907,0
0,0,0.75,0,0,0,0.32557,0,0.94552,0,0,0.34907,0
0,0,0.75,0,0,0,0.32227,0,0.94665,0,0,0.34907,0
0,0,0.75,0,0,0,0.31896,0,0.94777,0,0,0.34907,0
0,0,0.75,0,0,0,0.31565,0,0.94888,0,0,0.34907,0
0,0,0.75,0,0,0,0.31233,0,0.94997,0,0,0.34907,0
0,0,0.75,0,0,0,0.30902,0,0.95106,0,0,0.34907,0
0,0,0.75,0,0,0,0.3057,0,0.95213,0,0,0.34907,0
0,0,0.75,0,0,0,0.30237,0,0.95319,0,0,0.34907,0
0,0,0.75,0,0,0,0.29904,0,0.95424,0,0,0.34907,0
0,0,0.75,0,0,0,0.29571,0,0.95528,0,0,0.34907,0
0,0,0.75,0,0,0,0.29237,0,0.9563,0,0,0.34907,0
0,0,0.75,0,0,0,0.28903,0,0.95732,0,0,0.34907,0
0,0,0.75,0,0,0,0.28569,0,0.95832,0,0,0.34907,0
0,0,0.75,0,0,0,0.28234,0,0.95931,0,0,0.34907,0
0,0,0.75,0,0,0,0.27899,0,0.96029,0,0,0.34907,0
0,0,0.75,0,0,0,0.27564,0,0.96126,0,0,0.34907,0
0,0,0.75,0,0,0,0.27228,0,0.96222,0,0,0.34907,0
0,0,0.75,0,0,0,0.26892,0,0.96316,0,0,0.34907,0
0,0,0.75,0,0,0,0.26556,0,0.9641,0,0,0.34907,0
0,0,0.75,0,0,0,0.26219,0,0.96502,0,0,0.34907,0
0,0,0.75,0,0,0,0.25882,0,0.96593,0,0,0.34907,0
0,0,0.75,0,0,0,0.25545,0,0.96682,0,0,0.34907,0
0,0,0.75,0,0,0,0.25207,0,0.96771,0,0,0.34907,0
0,0,0.75,0,0,0,0.24869,0,0.96858,0,0,0.34907,0
0,0,0.75,0,0,0,0.24531,0,0.96945,0,0,0.34907,0
0,0,0.75,0,0,0,0.24192,0,0.9703,0,0,0.34907,0
0,0,0.75,0,0,0,0.23853,0,0.97113,0,0,0.34907,0
0,0,0.75,0,0,0,0.23514,0,0.97196,0,0,0.34907,0
0,0,0.75,0,0,0,0.23175,0,0.97278,0,0,0.34907,0
0,0,0.75,0,0,0,0.22835,0,0.97358,0,0,0.34907,0
0,0,0.75,0,0,0,0.22495,0,0.97437,0,0,0.34907,0
0,0,0.75,0,0,0,0.22155,0,0.97515,0,0,0.34907,0
0,0,0.75,0,0,0,0.21814,0,0.97592,0,0,0.34907,0
0,0,0.75,0,0,0,0.21474,0,0.97667,0,0,0.34907,0
0,0,0.75,0,0,0,0.21132,0,0.97742,0,0,0.34907,0
0,0,0.75,0,0,0,0.20791,0,0.97815,0,0,0.34907,0
0,0,0.75,0,0,0,0.2045,0,0.97887,0,0,0.34907,0
0,0,0.75,0,0,0,0.20108,0,0.97958,0,0,0.34907,0
0,0,0.75,0,0,0,0.19766,0,0.98027,0,0,0.34907,0
0,0,0.75,0,0,0,0.19423,0,0.98096,0,0,0.34907,0
0,0,0.75,0,0,0,0.19081,0,0.98163,0,0,0.34907,0
0,0,0.75,0,0,0,0.18738,0,0.98229,0,0,0.34907,0
0,0,0.75,0,0,0,0.18395,0,0.98294,0,0,0.34907,0
0,0,0.75,0,0,0,0.18052,0,0.98357,0,0,0.34907,0
0,0,0.75,0,0,0,0.17708,0,0.9842,0,0,0.34907,0
0,0,0.75,0,0,0,0.17365,0,0.98481,0,0,0.34907,0
0,0,0.75,0,0,0,0.17021,0,0.98541,0,0,0.34907,0
0,0,0.75,0,0,0,0.16677,0,0.986,0,0,0.34907,0
0,0,0.75,0,0,0,0.16333,0,0.98657,0,0,0.34907,0
0,0,0.75,0,0,0,0.15988,0,0.98714,0,0,0.34907,0
0,0,0.75,0,0,0,0.15643,0,0.98769,0,0,0.34907,0
0,0,0.75,0,0,0,0.15299,0,0.98823,0,0,0.34907,0
0,0,0.75,0,0,0,0.14954,0,0.98876,0,0,0.34907,0
0,0,0.75,0,0,0,0.14608,0,0.98927,0,0,0.34907,0
0,0,0.75,0,0,0,0.14263,0,0.98978,0,0,0.34907,0
0,0,0.75,0,0,0,0.13917,0,0.99027,0,0,0.34907,0
0,0,0.75,0,0,0,0.13572,0,0.99075,0,0,0.34907,0
0,0,0.75,0,0,0,0.13226,0,0.99122,0,0,0.34907,0
0,0,0.75,0,0,0,0.1288,0,0.99167,0,0,0.34907,0
0,0,0.75,0,0,0,0.12533,0,0.99211,0,0,0.34907,0
0,0,0.75,0,0,0,0.12187,0,0.99255,0,0,0.34907,0
0,0,0.75,0,0,0,0.1184,0,0.99297,0,0,0.34907,0
0,0,0.75,0,0,0,0.11494,0,0.99337,0,0,0.34907,0
0,0,0.75,0,0,0,0.11147,0,0.99377,0,0,0.34907,0
0,0,0.75,0,0,0,0.108,0,0.99415,0,0,0.34907,0
0,0,0.75,0,0,0,0.10453,0,0.99452,0,0,0.34907,0
0,0,0.75,0,0,0,0.10106,0,0.99488,0,0,0.34907,0
0,0,0.75,0,0,0,0.097583,0,0.99523,0,0,0.34907,0
0,0,0.75,0,0,0,0.094108,0,0.99556,0,0,0.34907,0
0,0,0.75,0,0,0,0.090633,0,0.99588,0,0,0.34907,0
0,0,0.75,0,0,0,0.087156,0,0.99619,0,0,0.34907,0
0,0,0.75,0,0,0,0.083678,0,0.99649,0,0,0.34907,0
0,0,0.75,0,0,0,0.080199,0,0.99678,0,0,0.34907,0
0,0,0.75,0,0,0,0.076719,0,0.99705,0,0,0.34907,0
0,0,0.75,0,0,0,0.073238,0,0.99731,0,0,0.34907,0
0,0,0.75,0,0,0,0.069756,0,0.99756,0,0,0.34907,0
0,0,0.75,0,0,0,0.066274,0,0.9978,0,0,0.34907,0
0,0,0.75,0,0,0,0.062791,0,0.99803,0,0,0.34907,0
0,0,0.75,0,0,0,0.059306,0,0.99824,0,0,0.34907,0
0,0,0.75,0,0,0,0.055822,0,0.99844,0,0,0.34907,0
0,0,0.75,0,0,0,0.052336,0,0.99863,0,0,0.34907,0
0,0,0.75,0,0,0,0.04885,0,0.99881,0,0,0.34907,0
0,0,0.75,0,0,0,0.045363,0,0.99897,0,0,0.34907,0
0,0,0.75,0,0,0,0.041876,0,0.99912,0,0,0.34907,0
0,0,0.75,0,0,0,0.038388,0,0.99926,0,0,0.34907,0
0,0,0.75,0,0,0,0.034899,0,0.99939,0,0,0.34907,0
0,0,0.75,0,0,0,0.031411,0,0.99951,0,0,0.34907,0
0,0,0.75,0,0,0,0.027922,0,0.99961,0,0,0.34907,0
0,0,0.75,0,0,0,0.024432,0,0.9997,0,0,0.34907,0
0,0,0.75,0,0,0,0.020942,0,0.99978,0,0,0.34907,0
0,0,0.75,0,0,0,0.017452,0,0.99985,0,0,0.34907,0
0,0,0.75,0,0,0,0.013962,0,0.9999,0,0,0.34907,0
0,0,0.75,0,0,0,0.010472,0,0.99995,0,0,0.34907,0
0,0,0.75,0,0,0,0.0069813,0,0.99998,0,0,0.34907,0
0,0,0.75,0,0,0,0.0034907,0,0.99999,0,0,0.34907,0
0,0,0.75,0,0,0,6.1232e-17,0,1,0,0,0.34907,0
0,0,0.75,0,0,0,-0.0034907,0,0.99999,0,0,0.34907,0
0,0,0.75,0,0,0,-0.0069813,0,0.99998,0,0,0.34907,0
0,0,0.75,0,0,0,-0.010472,0,0.99995,0,0,0.34907,0
0,0,0.75,0,0,0,-0.013962,0,0.9999,0,0,0.34907,0
0,0,0.75,0,0,0,-0.017452,0,0.99985,0,0,0.34907,0
0,0,0.75,0,0,0,-0.020942,0,0.99978,0,0,0.34907,0
0,0,0.75,0,0,0,-0.024432,0,0.9997,0,0,0.34907,0
0,0,0.75,0,0,0,-0.027922,0,0.99961,0,0,0.34907,0
0,0,0.75,0,0,0,-0.031411,0,0.99951,0,0,0.34907,0
0,0,0.75,0,0,0,-0.034899,0,0.99939,0,0,0.34907,0
0,0,0.75,0,0,0,-0.038388,0,0.99926,0,0,0.34907,0
0,0,0.75,0,0,0,-0.041876,0,0.99912,0,0,0.34907,0
0,0,0.75,0,0,0,-0.045363,0,0.99897,0,0,0.34907,0
0,0,0.75,0,0,0,-0.04885,0,0.99881,0,0,0.34907,0
0,0,0.75,0,0,0,-0.052336,0,0.99863,0,0,0.34907,0
0,0,0.75,0,0,0,-0.055822,0,0.99844,0,0,0.34907,0
0,0,0.75,0,0,0,-0.059306,0,0.99824,0,0,0.34907,0
0,0,0.75,0,0,0,-0.062791,0,0.99803,0,0,0.34907,0
0,0,0.75,0,0,0,-0.066274,0,0.9978,0,0,0.34907,0
0,0,0.75,0,0,0,-0.069756,0,0.99756,0,0,0.34907,0
0,0,0.75,0,0,0,-0.073238,0,0.99731,0,0,0.34907,0
0,0,0.75,0,0,0,-0.076719,0,0.99705,0,0,0.34907,0
0,0,0.75,0,0,0,-0.080199,0,0.99678,0,0,0.34907,0
0,0,0.75,0,0,0,-0.083678,0,0.99649,0,0,0.34907,0
0,0,0.75,0,0,0,-0.087156,0,0.99619,0,0,0.34907,0
0,0,0.75,0,0,0,-0.090633,0,0.99588,0,0,0.34907,0
0,0,0.75,0,0,0,-0.094108,0,0.99556,0,0,0.34907,0
0,0,0.75,0,0,0,-0.097583,0,0.99523,0,0,0.34907,0
0,0,0.75,0,0,0,-0.10106,0,0.99488,0,0,0.34907,0
0,0,0.75,0,0,0,-0.10453,0,0.99452,0,0,0.34907,0
0,0,0.75,0,0,0,-0.108,0,0.99415,0,0,0.34907,0
0,0,0.75,0,0,0,-0.11147,0,0.99377,0,0,0.34907,0
0,0,0.75,0,0,0,-0.11494,0,0.99337,0,0,0.34907,0
0,0,0.75,0,0,0,-0.1184,0,0.99297,0,0,0.34907,0
0,0,0.75,0,0,0,-0.12187,0,0.99255,0,0,0.34907,0
0,0,0.75,0,0,0,-0.12533,0,0.99211,0,0,0.34907,0
0,0,0.75,0,0,0,-0.1288,0,0.99167,0,0,0.34907,0
0,0,0.75,0,0,0,-0.13226,0,0.99122,0,0,0.34907,0
0,0,0.75,0,0,0,-0.13572,0,0.99075,0,0,0.34907,0
0,0,0.75,0,0,0,-0.13917,0,0.99027,0,0,0.34907,0
0,0,0.75,0,0,0,-0.14263,0,0.98978,0,0,0.34907,0
0,0,0.75,0,0,0,-0.14608,0,0.98927,0,0,0.34907,0
0,0,0.75,0,0,0,-0.14954,0,0.98876,0,0,0.34907,0
0,0,0.75,0,0,0,-0.15299,0,0.98823,0,0,0.34907,0
0,0,0.75,0,0,0,-0.15643,0,0.98769,0,0,0.34907,0
0,0,0.75,0,0,0,-0.15988,0,0.98714,0,0,0.34907,0
0,0,0.75,0,0,0,-0.16333,0,0.98657,0,0,0.34907,0
0,0,0.75,0,0,0,-0.16677,0,0.986,0,0,0.34907,0
0,0,0.75,0,0,0,-0.17021,0,0.98541,0,0,0.34907,0
0,0,0.75,0,0,0,-0.17365,0,0.98481,0,0,0.34907,0
0,0,0.75,0,0,0,-0.17708,0,0.9842,0,0,0.34907,0
0,0,0.75,0,0,0,-0.18052,0,0.98357,0,0,0.34907,0
0,0,0.75,0,0,0,-0.18395,0,0.98294,0,0,0.34907,0
0,0,0.75,0,0,0,-0.18738,0,0.98229,0,0,0.34907,0
0,0,0.75,0,0,0,-0.19081,0,0.98163,0,0,0.34907,0
0,0,0.75,0,0,0,-0.19423,0,0.98096,0,0,0.34907,0
0,0,0.75,0,0,0,-0.19766,0,0.98027,0,0,0.34907,0
0,0,0.75,0,0,0,-0.20108,0,0.97958,0,0,0.34907,0
0,0,0.75,0,0,0,-0.2045,0,0.97887,0,0,0.34907,0
0,0,0.75,0,0,0,-0.20791,0,0.97815,0,0,0.34907,0
0,0,0.75,0,0,0,-0.21132,0,0.97742,0,0,0.34907,0
0,0,0.75,0,0,0,-0.21474,0,0.97667,0,0,0.34907,0
0,0,0.75,0,0,0,-0.21814,0,0.97592,0,0,0.34907,0
0,0,0.75,0,0,0,-0.22155,0,0.97515,0,0,0.34907,0
0,0,0.75,0,0,0,-0.22495,0,0.97437,0,0,0.34907,0
0,0,0.75,0,0,0,-0.22835,0,0.97358,0,0,0.34907,0
0,0,0.75,0,0,0,-0.23175,0,0.97278,0,0,0.34907,0
0,0,0.75,0,0,0,-0.23514,0,0.97196,0,0,0.34907,0
0,0,0.75,0,0,0,-0.23853,0,0.97113,0,0,0.34907,0
0,0,0.75,0,0,0,-0.24192,0,0.9703,0,0,0.34907,0
0,0,0.75,0,0,0,-0.24531,0,0.96945,0,0,0.34907,0
0,0,0.75,0,0,0,-0.24869,0,0.96858,0,0,0.34907,0
0,0,0.75,0,0,0,-0.25207,0,0.96771,0,0,0.34907,0
0,0,0.75,0,0,0,-0.25545,0,0.96682,0,0,0.34907,0
0,0,0.75,0,0,0,-0.25882,0,0.96593,0,0,0.34907,0
0,0,0.75,0,0,0,-0.26219,0,0.96502,0,0,0.34907,0
0,0,0.75,0,0,0,-0.26556,0,0.9641,0,0,0.34907,0
0,0,0.75,0,0,0,-0.26892,0,0.96316,0,0,0.34907,0
0,0,0.75,0,0,0,-0.27228,0,0.96222,0,0,0.34907,0
0,0,0.75,0,0,0,-0.27564,0,0.96126,0,0,0.34907,0
0,0,0.75,0,0,0,-0.27899,0,0.96029,0,0,0.34907,0
0,0,0.75,0,0,0,-0.28234,0,0.95931,0,0,0.34907,0
0,0,0.75,0,0,0,-0.28569,0,0.95832,0,0,0.34907,0
0,0,0.75,0,0,0,-0.28903,0,0.95732,0,0,0.34907,0
0,0,0.75,0,0,0,-0.29237,0,0.9563,0,0,0.34907,0
0,0,0.75,0,0,0,-0.29571,0,0.95528,0,0,0.34907,0
0,0,0.75,0,0,0,-0.29904,0,0.95424,0,0,0.34907,0
0,0,0.75,0,0,0,-0.30237,0,0.95319,0,0,0.34907,0
0,0,0.75,0,0,0,-0.3057,0,0.95213,0,0,0.34907,0
0,0,0.75,0,0,0,-0.30902,0,0.95106,0,0,0.34907,0
0,0,0.75,0,0,0,-0.31233,0,0.94997,0,0,0.34907,0
0,0,0.75,0,0,0,-0.31565,0,0.94888,0,0,0.34907,0
0,0,0.75,0,0,0,-0.31896,0,0.94777,0,0,0.34907,0
0,0,0.75,0,0,0,-0.32227,0,0.94665,0,0,0.34907,0
0,0,0.75,0,0,0,-0.32557,0,0.94552,0,0,0.34907,0
0,0,0.75,0,0,0,-0.32887,0,0.94438,0,0,0.34907,0
0,0,0.75,0,0,0,-0.33216,0,0.94322,0,0,0.34907,0
0,0,0.75,0,0,0,-0.33545,0,0.94206,0,0,0.34907,0
0,0,0.75,0,0,0,-0.33874,0,0.94088,0,0,0.34907,0
0,0,0.75,0,0,0,-0.34202,0,0.93969,0,0,0.34907,0
0,0,0.75,0,0,0,-0.3453,0,0.93849,0,0,0.34907,0
0,0,0.75,0,0,0,-0.34857,0,0.93728,0,0,0.34907,0
0,0,0.75,0,0,0,-0.35184,0,0.93606,0,0,0.34907,0
0,0,0.75,0,0,0,-0.35511,0,0.93483,0,0,0.34907,0
0,0,0.75,0,0,0,-0.35837,0,0.93358,0,0,0.34907,0
0,0,0.75,0,0,0,-0.36162,0,0.93232,0,0,0.34907,0
0,0,0.75,0,0,0,-0.36488,0,0.93106,0,0,0.34907,0
0,0,0.75,0,0,0,-0.36812,0,0.92978,0,0,0.34907,0
0,0,0.75,0,0,0,-0.37137,0,0.92849,0,0,0.34907,0
0,0,0.75,0,0,0,-0.37461,0,0.92718,0,0,0.34907,0
0,0,0.75,0,0,0,-0.37784,0,0.92587,0,0,0.34907,0
0,0,0.75,0,0,0,-0.38107,0,0.92455,0,0,0.34907,0
0,0,0.75,0,0,0,-0.3843,0,0.92321,0,0,0.34907,0
0,0,0.75,0,0,0,-0.38752,0,0.92186,0,0,0.34907,0
0,0,0.75,0,0,0,-0.39073,0,0.9205,0,0,0.34907,0
0,0,0.75,0,0,0,-0.39394,0,0.91914,0,0,0.34907,0
0,0,0.75,0,0,0,-0.39715,0,0.91775,0,0,0.34907,0
0,0,0.75,0,0,0,-0.40035,0,0.91636,0,0,0.34907,0
0,0,0.75,0,0,0,-0.40355,0,0.91496,0,0,0.34907,0
0,0,0.75,0,0,0,-0.40674,0,0.91355,0,0,0.34907,0
0,0,0.75,0,0,0,-0.40992,0,0.91212,0,0,0.34907,0
0,0,0.75,0,0,0,-0.4131,0,0.91068,0,0,0.34907,0
0,0,0.75,0,0,0,-0.41628,0,0.90924,0,0,0.34907,0
0,0,0.75,0,0,0,-0.41945,0,0.90778,0,0,0.34907,0
0,0,0.75,0,0,0,-0.42262,0,0.90631,0,0,0.34907,0
0,0,0.75,0,0,0,-0.42578,0,0.90483,0,0,0.34907,0
0,0,0.75,0,0,0,-0.42894,0,0.90334,0,0,0.34907,0
0,0,0.75,0,0,0,-0.43209,0,0.90183,0,0,0.34907,0
0,0,0.75,0,0,0,-0.43523,0,0.90032,0,0,0.34907,0
0,0,0.75,0,0,0,-0.43837,0,0.89879,0,0,0.34907,0
0,0,0.75,0,0,0,-0.44151,0,0.89726,0,0,0.34907,0
0,0,0.75,0,0,0,-0.44464,0,0.89571,0,0,0.34907,0
0,0,0.75,0,0,0,-0.44776,0,0.89415,0,0,0.34907,0
0,0,0.75,0,0,0,-0.45088,0,0.89259,0,0,0.34907,0
0,0,0.75,0,0,0,-0.45399,0,0.89101,0,0,0.34907,0
0,0,0.75,0,0,0,-0.4571,0,0.88942,0,0,0.34907,0
0,0,0.75,0,0,0,-0.4602,0,0.88782,0,0,0.34907,0
0,0,0.75,0,0,0,-0.4633,0,0.8862,0,0,0.34907,0
0,0,0.75,0,0,0,-0.46639,0,0.88458,0,0,0.34907,0
0,0,0.75,0,0,0,-0.46947,0,0.88295,0,0,0.34907,0
0,0,0.75,0,0,0,-0.47255,0,0.8813,0,0,0.34907,0
0,0,0.75,0,0,0,-0.47562,0,0.87965,0,0,0.34907,0
0,0,0.75,0,0,0,-0.47869,0,0.87798,0,0,0.34907,0
0,0,0.75,0,0,0,-0.48175,0,0.87631,0,0,0.34907,0
0,0,0.75,0,0,0,-0.48481,0,0.87462,0,0,0.34907,0
0,0,0.75,0,0,0,-0.48786,0,0.87292,0,0,0.34907,0
0,0,0.75,0,0,0,-0.4909,0,0.87121,0,0,0.34907,0
0,0,0.75,0,0,0,-0.49394,0,0.86949,0,0,0.34907,0
0,0,0.75,0,0,0,-0.49697,0,0.86777,0,0,0.34907,0
0,0,0.75,0,0,0,-0.5,0,0.86603,0,0,0.34907,0
0,0,0.75,0,0,0,-0.50302,0,0.86427,0,0,0.34907,0
0,0,0.75,0,0,0,-0.50603,0,0.86251,0,0,0.34907,0
0,0,0.75,0,0,0,-0.50904,0,0.86074,0,0,0.34907,0
0,0,0.75,0,0,0,-0.51204,0,0.85896,0,0,0.34907,0
0,0,0.75,0,0,0,-0.51504,0,0.85717,0,0,0.34907,0
0,0,0.75,0,0,0,-0.51803,0,0.85536,0,0,0.34907,0
0,0,0.75,0,0,0,-0.52101,0,0.85355,0,0,0.34907,0
0,0,0.75,0,0,0,-0.52399,0,0.85173,0,0,0.34907,0
0,0,0.75,0,0,0,-0.52696,0,0.84989,0,0,0.34907,0
0,0,0.75,0,0,0,-0.52992,0,0.84805,0,0,0.34907,0
0,0,0.75,0,0,0,-0.53288,0,0.84619,0,0,0.34907,0
0,0,0.75,0,0,0,-0.53583,0,0.84433,0,0,0.34907,0
0,0,0.75,0,0,0,-0.53877,0,0.84245,0,0,0.34907,0
0,0,0.75,0,0,0,-0.54171,0,0.84057,0,0,0.34907,0
0,0,0.75,0,0,0,-0.54464,0,0.83867,0,0,0.34907,0
0,0,0.75,0,0,0,-0.54756,0,0.83676,0,0,0.34907,0
0,0,0.75,0,0,0,-0.55048,0,0.83485,0,0,0.34907,0
0,0,0.75,0,0,0,-0.55339,0,0.83292,0,0,0.34907,0
0,0,0.75,0,0,0,-0.5563,0,0.83098,0,0,0.34907,0
0,0,0.75,0,0,0,-0.55919,0,0.82904,0,0,0.34907,0
0,0,0.75,0,0,0,-0.56208,0,0.82708,0,0,0.34907,0
0,0,0.75,0,0,0,-0.56497,0,0.82511,0,0,0.34907,0
0,0,0.75,0,0,0,-0.56784,0,0.82314,0,0,0.34907,0
0,0,0.75,0,0,0,-0.57071,0,0.82115,0,0,0.34907,0
0,0,0.75,0,0,0,-0.57358,0,0.81915,0,0,0.34907,0
0,0,0.75,0,0,0,-0.57643,0,0.81714,0,0,0.34907,0
0,0,0.75,0,0,0,-0.57928,0,0.81513,0,0,0.34907,0
0,0,0.75,0,0,0,-0.58212,0,0.8131,0,0,0.34907,0
0,0,0.75,0,0,0,-0.58496,0,0.81106,0,0,0.34907,0
0,0,0.75,0,0,0,-0.58779,0,0.80902,0,0,0.34907,0
0,0,0.75,0,0,0,-0.59061,0,0.80696,0,0,0.34907,0
0,0,0.75,0,0,0,-0.59342,0,0.80489,0,0,0.34907,0
0,0,0.75,0,0,0,-0.59622,0,0.80282,0,0,0.34907,0
0,0,0.75,0,0,0,-0.59902,0,0.80073,0,0,0.34907,0
0,0,0.75,0,0,0,-0.60182,0,0.79864,0,0,0.34907,0
0,0,0.75,0,0,0,-0.6046,0,0.79653,0,0,0.34907,0
0,0,0.75,0,0,0,-0.60738,0,0.79441,0,0,0.34907,0
0,0,0.75,0,0,0,-0.61015,0,0.79229,0,0,0.34907,0
0,0,0.75,0,0,0,-0.61291,0,0.79016,0,0,0.34907,0
0,0,0.75,0,0,0,-0.61566,0,0.78801,0,0,0.34907,0
0,0,0.75,0,0,0,-0.61841,0,0.78586,0,0,0.34907,0
0,0,0.75,0,0,0,-0.62115,0,0.78369,0,0,0.34907,0
0,0,0.75,0,0,0,-0.62388,0,0.78152,0,0,0.34907,0
0,0,0.75,0,0,0,-0.6266,0,0.77934,0,0,0.34907,0
0,0,0.75,0,0,0,-0.62932,0,0.77715,0,0,0.34907,0
0,0,0.75,0,0,0,-0.63203,0,0.77494,0,0,0.34907,0
0,0,0.75,0,0,0,-0.63473,0,0.77273,0,0,0.34907,0
0,0,0.75,0,0,0,-0.63742,0,0.77051,0,0,0.34907,0
0,0,0.75,0,0,0,-0.64011,0,0.76828,0,0,0.34907,0
0,0,0.75,0,0,0,-0.64279,0,0.76604,0,0,0.34907,0
0,0,0.75,0,0,0,-0.64546,0,0.7638,0,0,0.34907,0
0,0,0.75,0,0,0,-0.64812,0,0.76154,0,0,0.34907,0
0,0,0.75,0,0,0,-0.65077,0,0.75927,0,0,0.34907,0
0,0,0.75,0,0,0,-0.65342,0,0.757,0,0,0.34907,0
0,0,0.75,0,0,0,-0.65606,0,0.75471,0,0,0.34907,0
0,0,0.75,0,0,0,-0.65869,0,0.75241,0,0,0.34907,0
0,0,0.75,0,0,0,-0.66131,0,0.75011,0,0,0.34907,0
0,0,0.75,0,0,0,-0.66393,0,0.7478,0,0,0.34907,0
0,0,0.75,0,0,0,-0.66653,0,0.74548,0,0,0.34907,0
0,0,0.75,0,0,0,-0.66913,0,0.74314,0,0,0.34907,0
0,0,0.75,0,0,0,-0.67172,0,0.7408,0,0,0.34907,0
0,0,0.75,0,0,0,-0.6743,0,0.73846,0,0,0.34907,0
0,0,0.75,0,0,0,-0.67688,0,0.7361,0,0,0.34907,0
0,0,0.75,0,0,0,-0.67944,0,0.73373,0,0,0.34907,0
0,0,0.75,0,0,0,-0.682,0,0.73135,0,0,0.34907,0
0,0,0.75,0,0,0,-0.68455,0,0.72897,0,0,0.34907,0
0,0,0.75,0,0,0,-0.68709,0,0.72657,0,0,0.34907,0
0,0,0.75,0,0,0,-0.68962,0,0.72417,0,0,0.34907,0
0,0,0.75,0,0,0,-0.69214,0,0.72176,0,0,0.34907,0
0,0,0.75,0,0,0,-0.69466,0,0.71934,0,0,0.34907,0
0,0,0.75,0,0,0,-0.69717,0,0.71691,0,0,0.34907,0
0,0,0.75,0,0,0,-0.69966,0,0.71447,0,0,0.34907,0
0,0,0.75,0,0,0,-0.70215,0,0.71203,0,0,0.34907,0
0,0,0.75,0,0,0,-0.70463,0,0.70957,0,0,0.34907,0
0,0,0.75,0,0,0,-0.70711,0,0.70711,0,0,0.34907,0
0,0,0.75,0,0,0,-0.70957,0,0.70463,0,0,0.34907,0
0,0,0.75,0,0,0,-0.71203,0,0.70215,0,0,0.34907,0
0,0,0.75,0,0,0,-0.71447,0,0.69966,0,0,0.34907,0
0,0,0.75,0,0,0,-0.71691,0,0.69717,0,0,0.34907,0
0,0,0.75,0,0,0,-0.71934,0,0.69466,0,0,0.34907,0
0,0,0.75,0,0,0,-0.72176,0,0.69214,0,0,0.34907,0
0,0,0.75,0,0,0,-0.72417,0,0.68962,0,0,0.34907,0
0,0,0.75,0,0,0,-0.72657,0,0.68709,0,0,0.34907,0
0,0,0.75,0,0,0,-0.72897,0,0.68455,0,0,0.34907,0
0,0,0.75,0,0,0,-0.73135,0,0.682,0,0,0.34907,0
0,0,0.75,0,0,0,-0.73373,0,0.67944,0,0,0.34907,0
0,0,0.75,0,0,0,-0.7361,0,0.67688,0,0,0.34907,0
0,0,0.75,0,0,0,-0.73846,0,0.6743,0,0,0.34907,0
0,0,0.75,0,0,0,-0.7408,0,0.67172,0,0,0.34907,0
0,0,0.75,0,0,0,-0.74314,0,0.66913,0,0,0.34907,0
0,0,0.75,0,0,0,-0.74548,0,0.66653,0,0,0.34907,0
0,0,0.75,0,0,0,-0.7478,0,0.66393,0,0,0.34907,0
0,0,0.75,0,0,0,-0.75011,0,0.66131,0,0,0.34907,0
0,0,0.75,0,0,0,-0.75241,0,0.65869,0,0,0.34907,0
0,0,0.75,0,0,0,-0.75471,0,0.65606,0,0,0.34907,0
0,0,0.75,0,0,0,-0.757,0,0.65342,0,0,0.34907,0
0,0,0.75,0,0,0,-0.75927,0,0.65077,0,0,0.34907,0
0,0,0.75,0,0,0,-0.76154,0,0.64812,0,0,0.34907,0
0,0,0.75,0,0,0,-0.7638,0,0.64546,0,0,0.34907,0
0,0,0.75,0,0,0,-0.76604,0,0.64279,0,0,0.34907,0
0,0,0.75,0,0,0,-0.76828,0,0.64011,0,0,0.34907,0
0,0,0.75,0,0,0,-0.77051,0,0.63742,0,0,0.34907,0
0,0,0.75,0,0,0,-0.77273,0,0.63473,0,0,0.34907,0
0,0,0.75,0,0,0,-0.77494,0,0.63203,0,0,0.34907,0
0,0,0.75,0,0,0,-0.77715,0,0.62932,0,0,0.34907,0
0,0,0.75,0,0,0,-0.77934,0,0.6266,0,0,0.34907,0
0,0,0.75,0,0,0,-0.78152,0,0.62388,0,0,0.34907,0
0,0,0.75,0,0,0,-0.78369,0,0.62115,0,0,0.34907,0
0,0,0.75,0,0,0,-0.78586,0,0.61841,0,0,0.34907,0
0,0,0.75,0,0,0,-0.78801,0,0.61566,0,0,0.34907,0
0,0,0.75,0,0,0,-0.79016,0,0.61291,0,0,0.34907,0
0,0,0.75,0,0,0,-0.79229,0,0.61015,0,0,0.34907,0
0,0,0.75,0,0,0,-0.79441,0,0.60738,0,0,0.34907,0
0,0,0.75,0,0,0,-0.79653,0,0.6046,0,0,0.34907,0
0,0,0.75,0,0,0,-0.79864,0,0.60182,0,0,0.34907,0
0,0,0.75,0,0,0,-0.80073,0,0.59902,0,0,0.34907,0
0,0,0.75,0,0,0,-0.80282,0,0.59622,0,0,0.34907,0
0,0,0.75,0,0,0,-0.80489,0,0.59342,0,0,0.34907,0
0,0,0.75,0,0,0,-0.80696,0,0.59061,0,0,0.34907,0
0,0,0.75,0,0,0,-0.80902,0,0.58779,0,0,0.34907,0
0,0,0.75,0,0,0,-0.81106,0,0.58496,0,0,0.34907,0
0,0,0.75,0,0,0,-0.8131,0,0.58212,0,0,0.34907,0
0,0,0.75,0,0,0,-0.81513,0,0.57928,0,0,0.34907,0
0,0,0.75,0,0,0,-0.81714,0,0.57643,0,0,0.34907,0
0,0,0.75,0,0,0,-0.81915,0,0.57358,0,0,0.34907,0
0,0,0.75,0,0,0,-0.82115,0,0.57071,0,0,0.34907,0
0,0,0.75,0,0,0,-0.82314,0,0.56784,0,0,0.34907,0
0,0,0.75,0,0,0,-0.82511,0,0.56497,0,0,0.34907,0
0,0,0.75,0,0,0,-0.82708,0,0.56208,0,0,0.34907,0
0,0,0.75,0,0,0,-0.82904,0,0.55919,0,0,0.34907,0
0,0,0.75,0,0,0,-0.83098,0,0.5563,0,0,0.34907,0
0,0,0.75,0,0,0,-0.83292,0,0.55339,0,0,0.34907,0
0,0,0.75,0,0,0,-0.83485,0,0.55048,0,0,0.34907,0
0,0,0.75,0,0,0,-0.83676,0,0.54756,0,0,0.34907,0
0,0,0.75,0,0,0,-0.83867,0,0.54464,0,0,0.34907,0
0,0,0.75,0,0,0,-0.84057,0,0.54171,0,0,0.34907,0
0,0,0.75,0,0,0,-0.84245,0,0.53877,0,0,0.34907,0
0,0,0.75,0,0,0,-0.84433,0,0.53583,0,0,0.34907,0
0,0,0.75,0,0,0,-0.84619,0,0.53288,0,0,0.34907,0
0,0,0.75,0,0,0,-0.84805,0,0.52992,0,0,0.34907,0
0,0,0.75,0,0,0,-0.84989,0,0.52696,0,0,0.34907,0
0,0,0.75,0,0,0,-0.85173,0,0.52399,0,0,0.34907,0
0,0,0.75,0,0,0,-0.85355,0,0.52101,0,0,0.34907,0
0,0,0.75,0,0,0,-0.85536,0,0.51803,0,0,0.34907,0
0,0,0.75,0,0,0,-0.85717,0,0.51504,0,0,0.34907,0
0,0,0.75,0,0,0,-0.85896,0,0.51204,0,0,0.34907,0
0,0,0.75,0,0,0,-0.86074,0,0.50904,0,0,0.34907,0
0,0,0.75,0,0,0,-0.86251,0,0.50603,0,0,0.34907,0
0,0,0.75,0,0,0,-0.86427,0,0.50302,0,0,0.34907,0
0,0,0.75,0,0,0,-0.86603,0,0.5,0,0,0.34907,0
0,0,0.75,0,0,0,-0.86777,0,0.49697,0,0,0.34907,0
0,0,0.75,0,0,0,-0.86949,0,0.49394,0,0,0.34907,0
0,0,0.75,0,0,0,-0.87121,0,0.4909,0,0,0.34907,0
0,0,0.75,0,0,0,-0.87292,0,0.48786,0,0,0.34907,0
0,0,0.75,0,0,0,-0.87462,0,0.48481,0,0,0.34907,0
0,0,0.75,0,0,0,-0.87631,0,0.48175,0,0,0.34907,0
0,0,0.75,0,0,0,-0.87798,0,0.47869,0,0,0.34907,0
0,0,0.75,0,0,0,-0.87965,0,0.47562,0,0,0.34907,0
0,0,0.75,0,0,0,-0.8813,0,0.47255,0,0,0.34907,0
0,0,0.75,0,0,0,-0.88295,0,0.46947,0,0,0.34907,0
0,0,0.75,0,0,0,-0.88458,0,0.46639,0,0,0.34907,0
0,0,0.75,0,0,0,-0.8862,0,0.4633,0,0,0.34907,0
0,0,0.75,0,0,0,-0.88782,0,0.4602,0,0,0.34907,0
0,0,0.75,0,0,0,-0.88942,0,0.4571,0,0,0.34907,0
0,0,0.75,0,0,0,-0.89101,0,0.45399,0,0,0.34907,0
0,0,0.75,0,0,0,-0.89259,0,0.45088,0,0,0.34907,0
0,0,0.75,0,0,0,-0.89415,0,0.44776,0,0,0.34907,0
0,0,0.75,0,0,0,-0.89571,0,0.44464,0,0,0.34907,0
0,0,0.75,0,0,0,-0.89726,0,0.44151,0,0,0.34907,0
0,0,0.75,0,0,0,-0.89879,0,0.43837,0,0,0.34907,0
0,0,0.75,0,0,0,-0.90032,0,0.43523,0,0,0.34907,0
0,0,0.75,0,0,0,-0.90183,0,0.43209,0,0,0.34907,0
0,0,0.75,0,0,0,-0.90334,0,0.42894,0,0,0.34907,0
0,0,0.75,0,0,0,-0.90483,0,0.42578,0,0,0.34907,0
0,0,0.75,0,0,0,-0.90631,0,0.42262,0,0,0.34907,0
0,0,0.75,0,0,0,-0.90778,0,0.41945,0,0,0.34907,0
0,0,0.75,0,0,0,-0.90924,0,0.41628,0,0,0.34907,0
0,0,0.75,0,0,0,-0.91068,0,0.4131,0,0,0.34907,0
0,0,0.75,0,0,0,-0.91212,0,0.40992,0,0,0.34907,0
0,0,0.75,0,0,0,-0.91355,0,0.40674,0,0,0.34907,0
0,0,0.75,0,0,0,-0.91496,0,0.40355,0,0,0.34907,0
0,0,0.75,0,0,0,-0.91636,0,0.40035,0,0,0.34907,0
0,0,0.75,0,0,0,-0.91775,0,0.39715,0,0,0.34907,0
0,0,0.75,0,0,0,-0.91914,0,0.39394,0,0,0.34907,0
0,0,0.75,0,0,0,-0.9205,0,0.39073,0,0,0.34907,0
0,0,0.75,0,0,0,-0.92186,0,0.38752,0,0,0.34907,0
0,0,0.75,0,0,0,-0.92321,0,0.3843,0,0,0.34907,0
0,0,0.75,0,0,0,-0.92455,0,0.38107,0,0,0.34907,0
0,0,0.75,0,0,0,-0.92587,0,0.37784,0,0,0.34907,0
0,0,0.75,0,0,0,-0.92718,0,0.37461,0,0,0.34907,0
0,0,0.75,0,0,0,-0.92849,0,0.37137,0,0,0.34907,0
0,0,0.75,0,0,0,-0.92978,0,0.36812,0,0,0.34907,0
0,0,0.75,0,0,0,-0.93106,0,0.36488,0,0,0.34907,0
0,0,0.75,0,0,0,-0.93232,0,0.36162,0,0,0.34907,0
0,0,0.75,0,0,0,-0.93358,0,0.35837,0,0,0.34907,0
0,0,0.75,0,0,0,-0.93483,0,0.35511,0,0,0.34907,0
0,0,0.75,0,0,0,-0.93606,0,0.35184,0,0,0.34907,0
0,0,0.75,0,0,0,-0.93728,0,0.34857,0,0,0.34907,0
0,0,0.75,0,0,0,-0.93849,0,0.3453,0,0,0.34907,0
0,0,0.75,0,0,0,-0.93969,0,0.34202,0,0,0.34907,0
0,0,0.75,0,0,0,-0.94088,0,0.33874,0,0,0.34907,0
0,0,0.75,0,0,0,-0.94206,0,0.33545,0,0,0.34907,0
0,0,0.75,0,0,0,-0.94322,0,0.33216,0,0,0.34907,0
0,0,0.75,0,0,0,-0.94438,0,0.32887,0,0,0.34907,0
0,0,0.75,0,0,0,-0.94552,0,0.32557,0,0,0.34907,0
0,0,0.75,0,0,0,-0.94665,0,0.32227,0,0,0.34907,0
0,0,0.75,0,0,0,-0.94777,0,0.31896,0,0,0.34907,0
0,0,0.75,0,0,0,-0.94888,0,0.31565,0,0,0.34907,0
0,0,0.75,0,0,0,-0.94997,0,0.31233,0,0,0.34907,0
0,0,0.75,0,0,0,-0.95106,0,0.30902,0,0,0.34907,0
0,0,0.75,0,0,0,-0.95213,0,0.3057,0,0,0.34907,0
0,0,0.75,0,0,0,-0.95319,0,0.30237,0,0,0.34907,0
0,0,0.75,0,0,0,-0.95424,0,0.29904,0,0,0.34907,0
0,0,0.75,0,0,0,-0.95528,0,0.29571,0,0,0.34907,0
0,0,0.75,0,0,0,-0.9563,0,0.29237,0,0,0.34907,0
0,0,0.75,0,0,0,-0.95732,0,0.28903,0,0,0.34907,0
0,0,0.75,0,0,0,-0.95832,0,0.28569,0,0,0.34907,0
0,0,0.75,0,0,0,-0.95931,0,0.28234,0,0,0.34907,0
0,0,0.75,0,0,0,-0.96029,0,0.27899,0,0,0.34907,0
0,0,0.75,0,0,0,-0.96126,0,0.27564,0,0,0.34907,0
0,0,0.75,0,0,0,-0.96222,0,0.27228,0,0,0.34907,0
0,0,0.75,0,0,0,-0.96316,0,0.26892,0,0,0.34907,0
0,0,0.75,0,0,0,-0.9641,0,0.26556,0,0,0.34907,0
0,0,0.75,0,0,0,-0.96502,0,0.26219,0,0,0.34907,0
0,0,0.75,0,0,0,-0.96593,0,0.25882,0,0,0.34907,0
0,0,0.75,0,0,0,-0.96682,0,0.25545,0,0,0.34907,0
0,0,0.75,0,0,0,-0.96771,0,0.25207,0,0,0.34907,0
0,0,0.75,0,0,0,-0.96858,0,0.24869,0,0,0.34907,0
0,0,0.75,0,0,0,-0.96945,0,0.24531,0,0,0.34907,0
0,0,0.75,0,0,0,-0.9703,0,0.24192,0,0,0.34907,0
0,0,0.75,0,0,0,-0.97113,0,0.23853,0,0,0.34907,0
0,0,0.75,0,0,0,-0.97196,0,0.23514,0,0,0.34907,0
0,0,0.75,0,0,0,-0.97278,0,0.23175,0,0,0.34907,0
0,0,0.75,0,0,0,-0.97358,0,0.22835,0,0,0.34907,0
0,0,0.75,0,0,0,-0.97437,0,0.22495,0,0,0.34907,0
0,0,0.75,0,0,0,-0.97515,0,0.22155,0,0,0.34907,0
0,0,0.75,0,0,0,-0.97592,0,0.21814,0,0,0.34907,0
0,0,0.75,0,0,0,-0.97667,0,0.21474,0,0,0.34907,0
0,0,0.75,0,0,0,-0.97742,0,0.21132,0,0,0.34907,0
0,0,0.75,0,0,0,-0.97815,0,0.20791,0,0,0.34907,0
0,0,0.75,0,0,0,-0.97887,0,0.2045,0,0,0.34907,0
0,0,0.75,0,0,0,-0.97958,0,0.20108,0,0,0.34907,0
0,0,0.75,0,0,0,-0.98027,0,0.19766,0,0,0.34907,0
0,0,0.75,0,0,0,-0.98096,0,0.19423,0,0,0.34907,0
0,0,0.75,0,0,0,-0.98163,0,0.19081,0,0,0.34907,0
0,0,0.75,0,0,0,-0.98229,0,0.18738,0,0,0.34907,0
0,0,0.75,0,0,0,-0.98294,0,0.18395,0,0,0.34907,0
0,0,0.75,0,0,0,-0.98357,0,0.18052,0,0,0.34907,0
0,0,0.75,0,0,0,-0.9842,0,0.17708,0,0,0.34907,0
0,0,0.75,0,0,0,-0.98481,0,0.17365,0,0,0.34907,0
0,0,0.75,0,0,0,-0.98541,0,0.17021,0,0,0.34907,0
0,0,0.75,0,0,0,-0.986,0,0.16677,0,0,0.34907,0
0,0,0.75,0,0,0,-0.98657,0,0.16333,0,0,0.34907,0
0,0,0.75,0,0,0,-0.98714,0,0.15988,0,0,0.34907,0
0,0,0.75,0,0,0,-0.98769,0,0.15643,0,0,0.34907,0
0,0,0.75,0,0,0,-0.98823,0,0.15299,0,0,0.34907,0
0,0,0.75,0,0,0,-0.98876,0,0.14954,0,0,0.34907,0
0,0,0.75,0,0,0,-0.98927,0,0.14608,0,0,0.34907,0
0,0,0.75,0,0,0,-0.98978,0,0.14263,0,0,0.34907,0
0,0,0.75,0,0,0,-0.99027,0,0.13917,0,0,0.34907,0
0,0,0.75,0,0,0,-0.99075,0,0.13572,0,0,0.34907,0
0,0,0.75,0,0,0,-0.99122,0,0.13226,0,0,0.34907,0
0,0,0.75,0,0,0,-0.99167,0,0.1288,0,0,0.34907,0
0,0,0.75,0,0,0,-0.99211,0,0.12533,0,0,0.34907,0
0,0,0.75,0,0,0,-0.99255,0,0.12187,0,0,0.34907,0
0,0,0.75,0,0,0,-0.99297,0,0.1184,0,0,0.34907,0
0,0,0.75,0,0,0,-0.99337,0,0.11494,0,0,0.34907,0
0,0,0.75,0,0,0,-0.99377,0,0.11147,0,0,0.34907,0
0,0,0.75,0,0,0,-0.99415,0,0.108,0,0,0.34907,0
0,0,0.75,0,0,0,-0.99452,0,0.10453,0,0,0.34907,0
0,0,0.75,0,0,0,-0.99488,0,0.10106,0,0,0.34907,0
0,0,0.75,0,0,0,-0.99523,0,0.097583,0,0,0.34907,0
0,0,0.75,0,0,0,-0.99556,0,0.094108,0,0,0.34907,0
0,0,0.75,0,0,0,-0.99588,0,0.090633,0,0,0.34907,0
0,0,0.75,0,0,0,-0.99619,0,0.087156,0,0,0.34907,0
0,0,0.75,0,0,0,-0.99649,0,0.083678,0,0,0.34907,0
0,0,0.75,0,0,0,-0.99678,0,0.080199,0,0,0.34907,0
0,0,0.75,0,0,0,-0.99705,0,0.076719,0,0,0.34907,0
0,0,0.75,0,0,0,-0.99731,0,0.073238,0,0,0.34907,0
0,0,0.75,0,0,0,-0.99756,0,0.069756,0,0,0.34907,0
0,0,0.75,0,0,0,-0.9978,0,0.066274,0,0,0.34907,0
0,0,0.75,0,0,0,-0.99803,0,0.062791,0,0,0.34907,0
0,0,0.75,0,0,0,-0.99824,0,0.059306,0,0,0.34907,0
0,0,0.75,0,0,0,-0.99844,0,0.055822,0,0,0.34907,0
0,0,0.75,0,0,0,-0.99863,0,0.052336,0,0,0.34907,0
0,0,0.75,0,0,0,-0.99881,0,0.04885,0,0,0.34907,0
0,0,0.75,0,0,0,-0.99897,0,0.045363,0,0,0.34907,0
0,0,0.75,0,0,0,-0.99912,0,0.041876,0,0,0.34907,0
0,0,0.75,0,0,0,-0.99926,0,0.038388,0,0,0.34907,0
0,0,0.75,0,0,0,-0.99939,0,0.034899,0,0,0.34907,0
0,0,0.75,0,0,0,-0.99951,0,0.031411,0,0,0.34907,0
0,0,0.75,0,0,0,-0.99961,0,0.027922,0,0,0.34907,0
0,0,0.75,0,0,0,-0.9997,0,0.024432,0,0,0.34907,0
0,0,0.75,0,0,0,-0.99978,0,0.020942,0,0,0.34907,0
0,0,0.75,0,0,0,-0.99985,0,0.017452,0,0,0.34907,0
0,0,0.75,0,0,0,-0.9999,0,0.013962,0,0,0.34907,0
0,0,0.75,0,0,0,-0.99995,0,0.010472,0,0,0.34907,0
0,0,0.75,0,0,0,-0.99998,0,0.0069813,0,0,0.34907,0
0,0,0.75,0,0,0,-0.99999,0,0.0034907,0,0,0.34907,0
0,0,0.75,0,0,0,-0.99999,0,0.0034907,0,0,0,0
0,0,0.75,0,0,0,-0.99999,0,0.0034907,0,0,0,0
0,0,0.75,0,0,0,-0.99999,0,0.0034907,0,0,0,0
0,0,0.75,0,0,0,-0.99999,0,0.0034907,0,0,0,0
0,0,0.75,0,0,0,-0.99999,0,0.0034907,0,0,0,0
0,0,0.75,0,0,0,-0.99999,0,0.0034907,0,0,0,0
0,0,0.75,0,0,0,-0.99999,0,0.0034907,0,0,0,0
0,0,0.75,0,0,0,-0.99999,0,0.0034907,0,0,0,0
0,0,0.75,0,0,0,-0.99999,0,0.0034907,0,0,0,0
0,0,0.75,0,0,0,-0.99999,0,0.0034907,0,0,0,0
0,0,0.75,0,0,0,-0.99999,0,0.0034907,0,0,0,0
0,0,0.75,0,0,0,-0.99999,0,0.0034907,0,0,0,0
0,0,0.75,0,0,0,-0.99999,0,0.0034907,0,0,0,0
0,0,0.75,0,0,0,-0.99999,0,0.0034907,0,0,0,0
0,0,0.75,0,0,0,-0.99999,0,0.0034907,0,0,0,0
0,0,0.75,0,0,0,-0.99999,0,0.0034907,0,0,0,0
0,0,0.75,0,0,0,-0.99999,0,0.0034907,0,0,0,0
0,0,0.75,0,0,0,-0.99999,0,0.0034907,0,0,0,0
0,0,0.75,0,0,0,-0.99999,0,0.0034907,0,0,0,0
0,0,0.75,0,0,0,-0.99999,0,0.0034907,0,0,0,0
0,0,0.75,0,0,0,-0.99999,0,0.0034907,0,0,0,0
0,0,0.75,0,0,0,-0.99999,0,0.0034907,0,0,0,0
0,0,0.75,0,0,0,-0.99999,0,0.0034907,0,0,0,0
0,0,0.75,0,0,0,-0.99999,0,0.0034907,0,0,0,0
0,0,0.75,0,0,0,-0.99999,0,0.0034907,0,0,0,0
0,0,0.75,0,0,0,-0.99999,0,0.0034907,0,0,0,0
0,0,0.75,0,0,0,-0.99999,0,0.0034907,0,0,0,0
0,0,0.75,0,0,0,-0.99999,0,0.0034907,0,0,0,0
0,0,0.75,0,0,0,-0.99999,0,0.0034907,0,0,0,0
0,0,0.75,0,0,0,-0.99999,0,0.0034907,0,0,0,0
0,0,0.75,0,0,0,-0.99999,0,0.0034907,0,0,0,0
0,0,0.75,0,0,0,-0.99999,0,0.0034907,0,0,0,0
0,0,0.75,0,0,0,-0.99999,0,0.0034907,0,0,0,0
0,0,0.75,0,0,0,-0.99999,0,0.0034907,0,0,0,0
0,0,0.75,0,0,0,-0.99999,0,0.0034907,0,0,0,0
0,0,0.75,0,0,0,-0.99999,0,0.0034907,0,0,0,0
0,0,0.75,0,0,0,-0.99999,0,0.0034907,0,0,0,0
0,0,0.75,0,0,0,-0.99999,0,0.0034907,0,0,0,0
0,0,0.75,0,0,0,-0.99999,0,0.0034907,0,0,0,0
0,0,0.75,0,0,0,-0.99999,0,0.0034907,0,0,0,0
0,0,0.75,0,0,0,-0.99999,0,0.0034907,0,0,0,0
0,0,0.75,0,0,0,-0.99999,0,0.0034907,0,0,0,0
0,0,0.75,0,0,0,-0.99999,0,0.0034907,0,0,0,0
0,0,0.75,0,0,0,-0.99999,0,0.0034907,0,0,0,0
0,0,0.75,0,0,0,-0.99999,0,0.0034907,0,0,0,0
0,0,0.75,0,0,0,-0.99999,0,0.0034907,0,0,0,0
0,0,0.75,0,0,0,-0.99999,0,0.0034907,0,0,0,0
0,0,0.75,0,0,0,-0.99999,0,0.0034907,0,0,0,0
0,0,0.75,0,0,0,-0.99999,0,0.0034907,0,0,0,0
0,0,0.75,0,0,0,-0.99999,0,0.0034907,0,0,0,0
0,0,0.75,0,0,0,-0.99999,0,0.0034907,0,0,0,0
0,0,0.75,0,0,0,-0.99999,0,0.0034907,0,0,0,0
0,0,0.75,0,0,0,-0.99999,0,0.0034907,0,0,0,0
0,0,0.75,0,0,0,-0.99999,0,0.0034907,0,0,0,0
0,0,0.75,0,0,0,-0.99999,0,0.0034907,0,0,0,0
0,0,0.75,0,0,0,-0.99999,0,0.0034907,0,0,0,0
0,0,0.75,0,0,0,-0.99999,0,0.0034907,0,0,0,0
0,0,0.75,0,0,0,-0.99999,0,0.0034907,0,0,0,0
0,0,0.75,0,0,0,-0.99999,0,0.0034907,0,0,0,0
0,0,0.75,0,0,0,-0.99999,0,0.0034907,0,0,0,0
0,0,0.75,0,0,0,-0.99999,0,0.0034907,0,0,0,0
0,0,0.75,0,0,0,-0.99999,0,0.0034907,0,0,0,0
0,0,0.75,0,0,0,-0.99999,0,0.0034907,0,0,0,0
0,0,0.75,0,0,0,-0.99999,0,0.0034907,0,0,0,0
0,0,0.75,0,0,0,-0.99999,0,0.0034907,0,0,0,0
0,0,0.75,0,0,0,-0.99999,0,0.0034907,0,0,0,0
0,0,0.75,0,0,0,-0.99999,0,0.0034907,0,0,0,0
0,0,0.75,0,0,0,-0.99999,0,0.0034907,0,0,0,0
0,0,0.75,0,0,0,-0.99999,0,0.0034907,0,0,0,0
0,0,0.75,0,0,0,-0.99999,0,0.0034907,0,0,0,0
0,0,0.75,0,0,0,-0.99999,0,0.0034907,0,0,0,0
0,0,0.75,0,0,0,-0.99999,0,0.0034907,0,0,0,0
0,0,0.75,0,0,0,-0.99999,0,0.0034907,0,0,0,0
0,0,0.75,0,0,0,-0.99999,0,0.0034907,0,0,0,0
0,0,0.75,0,0,0,-0.99999,0,0.0034907,0,0,0,0
0,0,0.75,0,0,0,-0.99999,0,0.0034907,0,0,0,0
0,0,0.75,0,0,0,-0.99999,0,0.0034907,0,0,0,0
0,0,0.75,0,0,0,-0.99999,0,0.0034907,0,0,0,0
0,0,0.75,0,0,0,-0.99999,0,0.0034907,0,0,0,0
0,0,0.75,0,0,0,-0.99999,0,0.0034907,0,0,0,0
0,0,0.75,0,0,0,-0.99999,0,0.0034907,0,0,0,0
0,0,0.75,0,0,0,-0.99999,0,0.0034907,0,0,0,0
0,0,0.75,0,0,0,-0.99999,0,0.0034907,0,0,0,0
0,0,0.75,0,0,0,-0.99999,0,0.0034907,0,0,0,0
0,0,0.75,0,0,0,-0.99999,0,0.0034907,0,0,0,0
0,0,0.75,0,0,0,-0.99999,0,0.0034907,0,0,0,0
0,0,0.75,0,0,0,-0.99999,0,0.0034907,0,0,0,0
0,0,0.75,0,0,0,-0.99999,0,0.0034907,0,0,0,0
0,0,0.75,0,0,0,-0.99999,0,0.0034907,0,0,0,0
0,0,0.75,0,0,0,-0.99999,0,0.0034907,0,0,0,0
0,0,0.75,0,0,0,-0.99999,0,0.0034907,0,0,0,0
0,0,0.75,0,0,0,-0.99999,0,0.0034907,0,0,0,0
0,0,0.75,0,0,0,-0.99999,0,0.0034907,0,0,0,0
0,0,0.75,0,0,0,-0.99999,0,0.0034907,0,0,0,0
0,0,0.75,0,0,0,-0.99999,0,0.0034907,0,0,0,0
0,0,0.75,0,0,0,-0.99999,0,0.0034907,0,0,0,0
0,0,0.75,0,0,0,-0.99999,0,0.0034907,0,0,0,0
0,0,0.75,0,0,0,-0.99999,0,0.0034907,0,0,0,0
0,0,0.75,0,0,0,-0.99999,0,0.0034907,0,0,0,0
0,0,0.75,0,0,0,-0.99999,0,0.0034907,0,0,0,0
0,0,0.75,0,0,0,-1,0,1.2246e-16,0,0,0.34907,0
0,0,0.75,0,0,0,-0.99999,0,0.0034907,0,0,-0.34907,0
0,0,0.75,0,0,0,-0.99998,0,0.0069813,0,0,-0.34907,0
0,0,0.75,0,0,0,-0.99995,0,0.010472,0,0,-0.34907,0
0,0,0.75,0,0,0,-0.9999,0,0.013962,0,0,-0.34907,0
0,0,0.75,0,0,0,-0.99985,0,0.017452,0,0,-0.34907,0
0,0,0.75,0,0,0,-0.99978,0,0.020942,0,0,-0.34907,0
0,0,0.75,0,0,0,-0.9997,0,0.024432,0,0,-0.34907,0
0,0,0.75,0,0,0,-0.99961,0,0.027922,0,0,-0.34907,0
0,0,0.75,0,0,0,-0.99951,0,0.031411,0,0,-0.34907,0
0,0,0.75,0,0,0,-0.99939,0,0.034899,0,0,-0.34907,0
0,0,0.75,0,0,0,-0.99926,0,0.038388,0,0,-0.34907,0
0,0,0.75,0,0,0,-0.99912,0,0.041876,0,0,-0.34907,0
0,0,0.75,0,0,0,-0.99897,0,0.045363,0,0,-0.34907,0
0,0,0.75,0,0,0,-0.99881,0,0.04885,0,0,-0.34907,0
0,0,0.75,0,0,0,-0.99863,0,0.052336,0,0,-0.34907,0
0,0,0.75,0,0,0,-0.99844,0,0.055822,0,0,-0.34907,0
0,0,0.75,0,0,0,-0.99824,0,0.059306,0,0,-0.34907,0
0,0,0.75,0,0,0,-0.99803,0,0.062791,0,0,-0.34907,0
0,0,0.75,0,0,0,-0.9978,0,0.066274,0,0,-0.34907,0
0,0,0.75,0,0,0,-0.99756,0,0.069756,0,0,-0.34907,0
0,0,0.75,0,0,0,-0.99731,0,0.073238,0,0,-0.34907,0
0,0,0.75,0,0,0,-0.99705,0,0.076719,0,0,-0.34907,0
0,0,0.75,0,0,0,-0.99678,0,0.080199,0,0,-0.34907,0
0,0,0.75,0,0,0,-0.99649,0,0.083678,0,0,-0.34907,0
0,0,0.75,0,0,0,-0.99619,0,0.087156,0,0,-0.34907,0
0,0,0.75,0,0,0,-0.99588,0,0.090633,0,0,-0.34907,0
0,0,0.75,0,0,0,-0.99556,0,0.094108,0,0,-0.34907,0
0,0,0.75,0,0,0,-0.99523,0,0.097583,0,0,-0.34907,0
0,0,0.75,0,0,0,-0.99488,0,0.10106,0,0,-0.34907,0
0,0,0.75,0,0,0,-0.99452,0,0.10453,0,0,-0.34907,0
0,0,0.75,0,0,0,-0.99415,0,0.108,0,0,-0.34907,0
0,0,0.75,0,0,0,-0.99377,0,0.11147,0,0,-0.34907,0
0,0,0.75,0,0,0,-0.99337,0,0.11494,0,0,-0.34907,0
0,0,0.75,0,0,0,-0.99297,0,0.1184,0,0,-0.34907,0
0,0,0.75,0,0,0,-0.99255,0,0.12187,0,0,-0.34907,0
0,0,0.75,0,0,0,-0.99211,0,0.12533,0,0,-0.34907,0
0,0,0.75,0,0,0,-0.99167,0,0.1288,0,0,-0.34907,0
0,0,0.75,0,0,0,-0.99122,0,0.13226,0,0,-0.34907,0
0,0,0.75,0,0,0,-0.99075,0,0.13572,0,0,-0.34907,0
0,0,0.75,0,0,0,-0.99027,0,0.13917,0,0,-0.34907,0
0,0,0.75,0,0,0,-0.98978,0,0.14263,0,0,-0.34907,0
0,0,0.75,0,0,0,-0.98927,0,0.14608,0,0,-0.34907,0
0,0,0.75,0,0,0,-0.98876,0,0.14954,0,0,-0.34907,0
0,0,0.75,0,0,0,-0.98823,0,0.15299,0,0,-0.34907,0
0,0,0.75,0,0,0,-0.98769,0,0.15643,0,0,-0.34907,0
0,0,0.75,0,0,0,-0.98714,0,0.15988,0,0,-0.34907,0
0,0,0.75,0,0,0,-0.98657,0,0.16333,0,0,-0.34907,0
0,0,0.75,0,0,0,-0.986,0,0.16677,0,0,-0.34907,0
0,0,0.75,0,0,0,-0.98541,0,0.17021,0,0,-0.34907,0
0,0,0.75,0,0,0,-0.98481,0,0.17365,0,0,-0.34907,0
0,0,0.75,0,0,0,-0.9842,0,0.17708,0,0,-0.34907,0
0,0,0.75,0,0,0,-0.98357,0,0.18052,0,0,-0.34907,0
0,0,0.75,0,0,0,-0.98294,0,0.18395,0,0,-0.34907,0
0,0,0.75,0,0,0,-0.98229,0,0.18738,0,0,-0.34907,0
0,0,0.75,0,0,0,-0.98163,0,0.19081,0,0,-0.34907,0
0,0,0.75,0,0,0,-0.98096,0,0.19423,0,0,-0.34907,0
0,0,0.75,0,0,0,-0.98027,0,0.19766,0,0,-0.34907,0
0,0,0.75,0,0,0,-0.97958,0,0.20108,0,0,-0.34907,0
0,0,0.75,0,0,0,-0.97887,0,0.2045,0,0,-0.34907,0
0,0,0.75,0,0,0,-0.97815,0,0.20791,0,0,-0.34907,0
0,0,0.75,0,0,0,-0.97742,0,0.21132,0,0,-0.34907,0
0,0,0.75,0,0,0,-0.97667,0,0.21474,0,0,-0.34907,0
0,0,0.75,0,0,0,-0.97592,0,0.21814,0,0,-0.34907,0
0,0,0.75,0,0,0,-0.97515,0,0.22155,0,0,-0.34907,0
0,0,0.75,0,0,0,-0.97437,0,0.22495,0,0,-0.34907,0
0,0,0.75,0,0,0,-0.97358,0,0.22835,0,0,-0.34907,0
0,0,0.75,0,0,0,-0.97278,0,0.23175,0,0,-0.34907,0
0,0,0.75,0,0,0,-0.97196,0,0.23514,0,0,-0.34907,0
0,0,0.75,0,0,0,-0.97113,0,0.23853,0,0,-0.34907,0
0,0,0.75,0,0,0,-0.9703,0,0.24192,0,0,-0.34907,0
0,0,0.75,0,0,0,-0.96945,0,0.24531,0,0,-0.34907,0
0,0,0.75,0,0,0,-0.96858,0,0.24869,0,0,-0.34907,0
0,0,0.75,0,0,0,-0.96771,0,0.25207,0,0,-0.34907,0
0,0,0.75,0,0,0,-0.96682,0,0.25545,0,0,-0.34907,0
0,0,0.75,0,0,0,-0.96593,0,0.25882,0,0,-0.34907,0
0,0,0.75,0,0,0,-0.96502,0,0.26219,0,0,-0.34907,0
0,0,0.75,0,0,0,-0.9641,0,0.26556,0,0,-0.34907,0
0,0,0.75,0,0,0,-0.96316,0,0.26892,0,0,-0.34907,0
0,0,0.75,0,0,0,-0.96222,0,0.27228,0,0,-0.34907,0
0,0,0.75,0,0,0,-0.96126,0,0.27564,0,0,-0.34907,0
0,0,0.75,0,0,0,-0.96029,0,0.27899,0,0,-0.34907,0
0,0,0.75,0,0,0,-0.95931,0,0.28234,0,0,-0.34907,0
0,0,0.75,0,0,0,-0.95832,0,0.28569,0,0,-0.34907,0
0,0,0.75,0,0,0,-0.95732,0,0.28903,0,0,-0.34907,0
0,0,0.75,0,0,0,-0.9563,0,0.29237,0,0,-0.34907,0
0,0,0.75,0,0,0,-0.95528,0,0.29571,0,0,-0.34907,0
0,0,0.75,0,0,0,-0.95424,0,0.29904,0,0,-0.34907,0
0,0,0.75,0,0,0,-0.95319,0,0.30237,0,0,-0.34907,0
0,0,0.75,0,0,0,-0.95213,0,0.3057,0,0,-0.34907,0
0,0,0.75,0,0,0,-0.95106,0,0.30902,0,0,-0.34907,0
0,0,0.75,0,0,0,-0.94997,0,0.31233,0,0,-0.34907,0
0,0,0.75,0,0,0,-0.94888,0,0.31565,0,0,-0.34907,0
0,0,0.75,0,0,0,-0.94777,0,0.31896,0,0,-0.34907,0
0,0,0.75,0,0,0,-0.94665,0,0.32227,0,0,-0.34907,0
0,0,0.75,0,0,0,-0.94552,0,0.32557,0,0,-0.34907,0
0,0,0.75,0,0,0,-0.94438,0,0.32887,0,0,-0.34907,0
0,0,0.75,0,0,0,-0.94322,0,0.33216,0,0,-0.34907,0
0,0,0.75,0,0,0,-0.94206,0,0.33545,0,0,-0.34907,0
0,0,0.75,0,0,0,-0.94088,0,0.33874,0,0,-0.34907,0
0,0,0.75,0,0,0,-0.93969,0,0.34202,0,0,-0.34907,0
0,0,0.75,0,0,0,-0.93849,0,0.3453,0,0,-0.34907,0
0,0,0.75,0,0,0,-0.93728,0,0.34857,0,0,-0.34907,0
0,0,0.75,0,0,0,-0.93606,0,0.35184,0,0,-0.34907,0
0,0,0.75,0,0,0,-0.93483,0,0.35511,0,0,-0.34907,0
0,0,0.75,0,0,0,-0.93358,0,0.35837,0,0,-0.34907,0
0,0,0.75,0,0,0,-0.93232,0,0.36162,0,0,-0.34907,0
0,0,0.75,0,0,0,-0.93106,0,0.36488,0,0,-0.34907,0
0,0,0.75,0,0,0,-0.92978,0,0.36812,0,0,-0.34907,0
0,0,0.75,0,0,0,-0.92849,0,0.37137,0,0,-0.34907,0
0,0,0.75,0,0,0,-0.92718,0,0.37461,0,0,-0.34907,0
0,0,0.75,0,0,0,-0.92587,0,0.37784,0,0,-0.34907,0
0,0,0.75,0,0,0,-0.92455,0,0.38107,0,0,-0.34907,0
0,0,0.75,0,0,0,-0.92321,0,0.3843,0,0,-0.34907,0
0,0,0.75,0,0,0,-0.92186,0,0.38752,0,0,-0.34907,0
0,0,0.75,0,0,0,-0.9205,0,0.39073,0,0,-0.34907,0
0,0,0.75,0,0,0,-0.91914,0,0.39394,0,0,-0.34907,0
0,0,0.75,0,0,0,-0.91775,0,0.39715,0,0,-0.34907,0
0,0,0.75,0,0,0,-0.91636,0,0.40035,0,0,-0.34907,0
0,0,0.75,0,0,0,-0.91496,0,0.40355,0,0,-0.34907,0
0,0,0.75,0,0,0,-0.91355,0,0.40674,0,0,-0.34907,0
0,0,0.75,0,0,0,-0.91212,0,0.40992,0,0,-0.34907,0
0,0,0.75,0,0,0,-0.91068,0,0.4131,0,0,-0.34907,0
0,0,0.75,0,0,0,-0.90924,0,0.41628,0,0,-0.34907,0
0,0,0.75,0,0,0,-0.90778,0,0.41945,0,0,-0.34907,0
0,0,0.75,0,0,0,-0.90631,0,0.42262,0,0,-0.34907,0
0,0,0.75,0,0,0,-0.90483,0,0.42578,0,0,-0.34907,0
0,0,0.75,0,0,0,-0.90334,0,0.42894,0,0,-0.34907,0
0,0,0.75,0,0,0,-0.90183,0,0.43209,0,0,-0.34907,0
0,0,0.75,0,0,0,-0.90032,0,0.43523,0,0,-0.34907,0
0,0,0.75,0,0,0,-0.89879,0,0.43837,0,0,-0.34907,0
0,0,0.75,0,0,0,-0.89726,0,0.44151,0,0,-0.34907,0
0,0,0.75,0,0,0,-0.89571,0,0.44464,0,0,-0.34907,0
0,0,0.75,0,0,0,-0.89415,0,0.44776,0,0,-0.34907,0
0,0,0.75,0,0,0,-0.89259,0,0.45088,0,0,-0.34907,0
0,0,0.75,0,0,0,-0.89101,0,0.45399,0,0,-0.34907,0
0,0,0.75,0,0,0,-0.88942,0,0.4571,0,0,-0.34907,0
0,0,0.75,0,0,0,-0.88782,0,0.4602,0,0,-0.34907,0
0,0,0.75,0,0,0,-0.8862,0,0.4633,0,0,-0.34907,0
0,0,0.75,0,0,0,-0.88458,0,0.46639,0,0,-0.34907,0
0,0,0.75,0,0,0,-0.88295,0,0.46947,0,0,-0.34907,0
0,0,0.75,0,0,0,-0.8813,0,0.47255,0,0,-0.34907,0
0,0,0.75,0,0,0,-0.87965,0,0.47562,0,0,-0.34907,0
0,0,0.75,0,0,0,-0.87798,0,0.47869,0,0,-0.34907,0
0,0,0.75,0,0,0,-0.87631,0,0.48175,0,0,-0.34907,0
0,0,0.75,0,0,0,-0.87462,0,0.48481,0,0,-0.34907,0
0,0,0.75,0,0,0,-0.87292,0,0.48786,0,0,-0.34907,0
0,0,0.75,0,0,0,-0.87121,0,0.4909,0,0,-0.34907,0
0,0,0.75,0,0,0,-0.86949,0,0.49394,0,0,-0.34907,0
0,0,0.75,0,0,0,-0.86777,0,0.49697,0,0,-0.34907,0
0,0,0.75,0,0,0,-0.86603,0,0.5,0,0,-0.34907,0
0,0,0.75,0,0,0,-0.86427,0,0.50302,0,0,-0.34907,0
0,0,0.75,0,0,0,-0.86251,0,0.50603,0,0,-0.34907,0
0,0,0.75,0,0,0,-0.86074,0,0.50904,0,0,-0.34907,0
0,0,0.75,0,0,0,-0.85896,0,0.51204,0,0,-0.34907,0
0,0,0.75,0,0,0,-0.85717,0,0.51504,0,0,-0.34907,0
0,0,0.75,0,0,0,-0.85536,0,0.51803,0,0,-0.34907,0
0,0,0.75,0,0,0,-0.85355,0,0.52101,0,0,-0.34907,0
0,0,0.75,0,0,0,-0.85173,0,0.52399,0,0,-0.34907,0
0,0,0.75,0,0,0,-0.84989,0,0.52696,0,0,-0.34907,0
0,0,0.75,0,0,0,-0.84805,0,0.52992,0,0,-0.34907,0
0,0,0.75,0,0,0,-0.84619,0,0.53288,0,0,-0.34907,0
0,0,0.75,0,0,0,-0.84433,0,0.53583,0,0,-0.34907,0
0,0,0.75,0,0,0,-0.84245,0,0.53877,0,0,-0.34907,0
0,0,0.75,0,0,0,-0.84057,0,0.54171,0,0,-0.34907,0
0,0,0.75,0,0,0,-0.83867,0,0.54464,0,0,-0.34907,0
0,0,0.75,0,0,0,-0.83676,0,0.54756,0,0,-0.34907,0
0,0,0.75,0,0,0,-0.83485,0,0.55048,0,0,-0.34907,0
0,0,0.75,0,0,0,-0.83292,0,0.55339,0,0,-0.34907,0
0,0,0.75,0,0,0,-0.83098,0,0.5563,0,0,-0.34907,0
0,0,0.75,0,0,0,-0.82904,0,0.55919,0,0,-0.34907,0
0,0,0.75,0,0,0,-0.82708,0,0.56208,0,0,-0.34907,0
0,0,0.75,0,0,0,-0.82511,0,0.56497,0,0,-0.34907,0
0,0,0.75,0,0,0,-0.82314,0,0.56784,0,0,-0.34907,0
0,0,0.75,0,0,0,-0.82115,0,0.57071,0,0,-0.34907,0
0,0,0.75,0,0,0,-0.81915,0,0.57358,0,0,-0.34907,0
0,0,0.75,0,0,0,-0.81714,0,0.57643,0,0,-0.34907,0
0,0,0.75,0,0,0,-0.81513,0,0.57928,0,0,-0.34907,0
0,0,0.75,0,0,0,-0.8131,0,0.58212,0,0,-0.34907,0
0,0,0.75,0,0,0,-0.81106,0,0.58496,0,0,-0.34907,0
0,0,0.75,0,0,0,-0.80902,0,0.58779,0,0,-0.34907,0
0,0,0.75,0,0,0,-0.80696,0,0.59061,0,0,-0.34907,0
0,0,0.75,0,0,0,-0.80489,0,0.59342,0,0,-0.34907,0
0,0,0.75,0,0,0,-0.80282,0,0.59622,0,0,-0.34907,0
0,0,0.75,0,0,0,-0.80073,0,0.59902,0,0,-0.34907,0
0,0,0.75,0,0,0,-0.79864,0,0.60182,0,0,-0.34907,0
0,0,0.75,0,0,0,-0.79653,0,0.6046,0,0,-0.34907,0
0,0,0.75,0,0,0,-0.79441,0,0.60738,0,0,-0.34907,0
0,0,0.75,0,0,0,-0.79229,0,0.61015,0,0,-0.34907,0
0,0,0.75,0,0,0,-0.79016,0,0.61291,0,0,-0.34907,0
0,0,0.75,0,0,0,-0.78801,0,0.61566,0,0,-0.34907,0
0,0,0.75,0,0,0,-0.78586,0,0.61841,0,0,-0.34907,0
0,0,0.75,0,0,0,-0.78369,0,0.62115,0,0,-0.34907,0
0,0,0.75,0,0,0,-0.78152,0,0.62388,0,0,-0.34907,0
0,0,0.75,0,0,0,-0.77934,0,0.6266,0,0,-0.34907,0
0,0,0.75,0,0,0,-0.77715,0,0.62932,0,0,-0.34907,0
0,0,0.75,0,0,0,-0.77494,0,0.63203,0,0,-0.34907,0
0,0,0.75,0,0,0,-0.77273,0,0.63473,0,0,-0.34907,0
0,0,0.75,0,0,0,-0.77051,0,0.63742,0,0,-0.34907,0
0,0,0.75,0,0,0,-0.76828,0,0.64011,0,0,-0.34907,0
0,0,0.75,0,0,0,-0.76604,0,0.64279,0,0,-0.34907,0
0,0,0.75,0,0,0,-0.7638,0,0.64546,0,0,-0.34907,0
0,0,0.75,0,0,0,-0.76154,0,0.64812,0,0,-0.34907,0
0,0,0.75,0,0,0,-0.75927,0,0.65077,0,0,-0.34907,0
0,0,0.75,0,0,0,-0.757,0,0.65342,0,0,-0.34907,0
0,0,0.75,0,0,0,-0.75471,0,0.65606,0,0,-0.34907,0
0,0,0.75,0,0,0,-0.75241,0,0.65869,0,0,-0.34907,0
0,0,0.75,0,0,0,-0.75011,0,0.66131,0,0,-0.34907,0
0,0,0.75,0,0,0,-0.7478,0,0.66393,0,0,-0.34907,0
0,0,0.75,0,0,0,-0.74548,0,0.66653,0,0,-0.34907,0
0,0,0.75,0,0,0,-0.74314,0,0.66913,0,0,-0.34907,0
0,0,0.75,0,0,0,-0.7408,0,0.67172,0,0,-0.34907,0
0,0,0.75,0,0,0,-0.73846,0,0.6743,0,0,-0.34907,0
0,0,0.75,0,0,0,-0.7361,0,0.67688,0,0,-0.34907,0
0,0,0.75,0,0,0,-0.73373,0,0.67944,0,0,-0.34907,0
0,0,0.75,0,0,0,-0.73135,0,0.682,0,0,-0.34907,0
0,0,0.75,0,0,0,-0.72897,0,0.68455,0,0,-0.34907,0
0,0,0.75,0,0,0,-0.72657,0,0.68709,0,0,-0.34907,0
0,0,0.75,0,0,0,-0.72417,0,0.68962,0,0,-0.34907,0
0,0,0.75,0,0,0,-0.72176,0,0.69214,0,0,-0.34907,0
0,0,0.75,0,0,0,-0.71934,0,0.69466,0,0,-0.34907,0
0,0,0.75,0,0,0,-0.71691,0,0.69717,0,0,-0.34907,0
0,0,0.75,0,0,0,-0.71447,0,0.69966,0,0,-0.34907,0
0,0,0.75,0,0,0,-0.71203,0,0.70215,0,0,-0.34907,0
0,0,0.75,0,0,0,-0.70957,0,0.70463,0,0,-0.34907,0
0,0,0.75,0,0,0,-0.70711,0,0.70711,0,0,-0.34907,0
0,0,0.75,0,0,0,-0.70463,0,0.70957,0,0,-0.34907,0
0,0,0.75,0,0,0,-0.70215,0,0.71203,0,0,-0.34907,0
0,0,0.75,0,0,0,-0.69966,0,0.71447,0,0,-0.34907,0
0,0,0.75,0,0,0,-0.69717,0,0.71691,0,0,-0.34907,0
0,0,0.75,0,0,0,-0.69466,0,0.71934,0,0,-0.34907,0
0,0,0.75,0,0,0,-0.69214,0,0.72176,0,0,-0.34907,0
0,0,0.75,0,0,0,-0.68962,0,0.72417,0,0,-0.34907,0
0,0,0.75,0,0,0,-0.68709,0,0.72657,0,0,-0.34907,0
0,0,0.75,0,0,0,-0.68455,0,0.72897,0,0,-0.34907,0
0,0,0.75,0,0,0,-0.682,0,0.73135,0,0,-0.34907,0
0,0,0.75,0,0,0,-0.67944,0,0.73373,0,0,-0.34907,0
0,0,0.75,0,0,0,-0.67688,0,0.7361,0,0,-0.34907,0
0,0,0.75,0,0,0,-0.6743,0,0.73846,0,0,-0.34907,0
0,0,0.75,0,0,0,-0.67172,0,0.7408,0,0,-0.34907,0
0,0,0.75,0,0,0,-0.66913,0,0.74314,0,0,-0.34907,0
0,0,0.75,0,0,0,-0.66653,0,0.74548,0,0,-0.34907,0
0,0,0.75,0,0,0,-0.66393,0,0.7478,0,0,-0.34907,0
0,0,0.75,0,0,0,-0.66131,0,0.75011,0,0,-0.34907,0
0,0,0.75,0,0,0,-0.65869,0,0.75241,0,0,-0.34907,0
0,0,0.75,0,0,0,-0.65606,0,0.75471,0,0,-0.34907,0
0,0,0.75,0,0,0,-0.65342,0,0.757,0,0,-0.34907,0
0,0,0.75,0,0,0,-0.65077,0,0.75927,0,0,-0.34907,0
0,0,0.75,0,0,0,-0.64812,0,0.76154,0,0,-0.34907,0
0,0,0.75,0,0,0,-0.64546,0,0.7638,0,0,-0.34907,0
0,0,0.75,0,0,0,-0.64279,0,0.76604,0,0,-0.34907,0
0,0,0.75,0,0,0,-0.64011,0,0.76828,0,0,-0.34907,0
0,0,0.75,0,0,0,-0.63742,0,0.77051,0,0,-0.34907,0
0,0,0.75,0,0,0,-0.63473,0,0.77273,0,0,-0.34907,0
0,0,0.75,0,0,0,-0.63203,0,0.77494,0,0,-0.34907,0
0,0,0.75,0,0,0,-0.62932,0,0.77715,0,0,-0.34907,0
0,0,0.75,0,0,0,-0.6266,0,0.77934,0,0,-0.34907,0
0,0,0.75,0,0,0,-0.62388,0,0.78152,0,0,-0.34907,0
0,0,0.75,0,0,0,-0.62115,0,0.78369,0,0,-0.34907,0
0,0,0.75,0,0,0,-0.61841,0,0.78586,0,0,-0.34907,0
0,0,0.75,0,0,0,-0.61566,0,0.78801,0,0,-0.34907,0
0,0,0.75,0,0,0,-0.61291,0,0.79016,0,0,-0.34907,0
0,0,0.75,0,0,0,-0.61015,0,0.79229,0,0,-0.34907,0
0,0,0.75,0,0,0,-0.60738,0,0.79441,0,0,-0.34907,0
0,0,0.75,0,0,0,-0.6046,0,0.79653,0,0,-0.34907,0
0,0,0.75,0,0,0,-0.60182,0,0.79864,0,0,-0.34907,0
0,0,0.75,0,0,0,-0.59902,0,0.80073,0,0,-0.34907,0
0,0,0.75,0,0,0,-0.59622,0,0.80282,0,0,-0.34907,0
0,0,0.75,0,0,0,-0.59342,0,0.80489,0,0,-0.34907,0
0,0,0.75,0,0,0,-0.59061,0,0.80696,0,0,-0.34907,0
0,0,0.75,0,0,0,-0.58779,0,0.80902,0,0,-0.34907,0
0,0,0.75,0,0,0,-0.58496,0,0.81106,0,0,-0.34907,0
0,0,0.75,0,0,0,-0.58212,0,0.8131,0,0,-0.34907,0
0,0,0.75,0,0,0,-0.57928,0,0.81513,0,0,-0.34907,0
0,0,0.75,0,0,0,-0.57643,0,0.81714,0,0,-0.34907,0
0,0,0.75,0,0,0,-0.57358,0,0.81915,0,0,-0.34907,0
0,0,0.75,0,0,0,-0.57071,0,0.82115,0,0,-0.34907,0
0,0,0.75,0,0,0,-0.56784,0,0.82314,0,0,-0.34907,0
0,0,0.75,0,0,0,-0.56497,0,0.82511,0,0,-0.34907,0
0,0,0.75,0,0,0,-0.56208,0,0.82708,0,0,-0.34907,0
0,0,0.75,0,0,0,-0.55919,0,0.82904,0,0,-0.34907,0
0,0,0.75,0,0,0,-0.5563,0,0.83098,0,0,-0.34907,0
0,0,0.75,0,0,0,-0.55339,0,0.83292,0,0,-0.34907,0
0,0,0.75,0,0,0,-0.55048,0,0.83485,0,0,-0.34907,0
0,0,0.75,0,0,0,-0.54756,0,0.83676,0,0,-0.34907,0
0,0,0.75,0,0,0,-0.54464,0,0.83867,0,0,-0.34907,0
0,0,0.75,0,0,0,-0.54171,0,0.84057,0,0,-0.34907,0
0,0,0.75,0,0,0,-0.53877,0,0.84245,0,0,-0.34907,0
0,0,0.75,0,0,0,-0.53583,0,0.84433,0,0,-0.34907,0
0,0,0.75,0,0,0,-0.53288,0,0.84619,0,0,-0.34907,0
0,0,0.75,0,0,0,-0.52992,0,0.84805,0,0,-0.34907,0
0,0,0.75,0,0,0,-0.52696,0,0.84989,0,0,-0.34907,0
0,0,0.75,0,0,0,-0.52399,0,0.85173,0,0,-0.34907,0
0,0,0.75,0,0,0,-0.52101,0,0.85355,0,0,-0.34907,0
0,0,0.75,0,0,0,-0.51803,0,0.85536,0,0,-0.34907,0
0,0,0.75,0,0,0,-0.51504,0,0.85717,0,0,-0.34907,0
0,0,0.75,0,0,0,-0.51204,0,0.85896,0,0,-0.34907,0
0,0,0.75,0,0,0,-0.50904,0,0.86074,0,0,-0.34907,0
0,0,0.75,0,0,0,-0.50603,0,0.86251,0,0,-0.34907,0
0,0,0.75,0,0,0,-0.50302,0,0.86427,0,0,-0.34907,0
0,0,0.75,0,0,0,-0.5,0,0.86603,0,0,-0.34907,0
0,0,0.75,0,0,0,-0.49697,0,0.86777,0,0,-0.34907,0
0,0,0.75,0,0,0,-0.49394,0,0.86949,0,0,-0.34907,0
0,0,0.75,0,0,0,-0.4909,0,0.87121,0,0,-0.34907,0
0,0,0.75,0,0,0,-0.48786,0,0.87292,0,0,-0.34907,0
0,0,0.75,0,0,0,-0.48481,0,0.87462,0,0,-0.34907,0
0,0,0.75,0,0,0,-0.48175,0,0.87631,0,0,-0.34907,0
0,0,0.75,0,0,0,-0.47869,0,0.87798,0,0,-0.34907,0
0,0,0.75,0,0,0,-0.47562,0,0.87965,0,0,-0.34907,0
0,0,0.75,0,0,0,-0.47255,0,0.8813,0,0,-0.34907,0
0,0,0.75,0,0,0,-0.46947,0,0.88295,0,0,-0.34907,0
0,0,0.75,0,0,0,-0.46639,0,0.88458,0,0,-0.34907,0
0,0,0.75,0,0,0,-0.4633,0,0.8862,0,0,-0.34907,0
0,0,0.75,0,0,0,-0.4602,0,0.88782,0,0,-0.34907,0
0,0,0.75,0,0,0,-0.4571,0,0.88942,0,0,-0.34907,0
0,0,0.75,0,0,0,-0.45399,0,0.89101,0,0,-0.34907,0
0,0,0.75,0,0,0,-0.45088,0,0.89259,0,0,-0.34907,0
0,0,0.75,0,0,0,-0.44776,0,0.89415,0,0,-0.34907,0
0,0,0.75,0,0,0,-0.44464,0,0.89571,0,0,-0.34907,0
0,0,0.75,0,0,0,-0.44151,0,0.89726,0,0,-0.34907,0
0,0,0.75,0,0,0,-0.43837,0,0.89879,0,0,-0.34907,0
0,0,0.75,0,0,0,-0.43523,0,0.90032,0,0,-0.34907,0
0,0,0.75,0,0,0,-0.43209,0,0.90183,0,0,-0.34907,0
0,0,0.75,0,0,0,-0.42894,0,0.90334,0,0,-0.34907,0
0,0,0.75,0,0,0,-0.42578,0,0.90483,0,0,-0.34907,0
0,0,0.75,0,0,0,-0.42262,0,0.90631,0,0,-0.34907,0
0,0,0.75,0,0,0,-0.41945,0,0.90778,0,0,-0.34907,0
0,0,0.75,0,0,0,-0.41628,0,0.90924,0,0,-0.34907,0
0,0,0.75,0,0,0,-0.4131,0,0.91068,0,0,-0.34907,0
0,0,0.75,0,0,0,-0.40992,0,0.91212,0,0,-0.34907,0
0,0,0.75,0,0,0,-0.40674,0,0.91355,0,0,-0.34907,0
0,0,0.75,0,0,0,-0.40355,0,0.91496,0,0,-0.34907,0
0,0,0.75,0,0,0,-0.40035,0,0.91636,0,0,-0.34907,0
0,0,0.75,0,0,0,-0.39715,0,0.91775,0,0,-0.34907,0
0,0,0.75,0,0,0,-0.39394,0,0.91914,0,0,-0.34907,0
0,0,0.75,0,0,0,-0.39073,0,0.9205,0,0,-0.34907,0
0,0,0.75,0,0,0,-0.38752,0,0.92186,0,0,-0.34907,0
0,0,0.75,0,0,0,-0.3843,0,0.92321,0,0,-0.34907,0
0,0,0.75,0,0,0,-0.38107,0,0.92455,0,0,-0.34907,0
0,0,0.75,0,0,0,-0.37784,0,0.92587,0,0,-0.34907,0
0,0,0.75,0,0,0,-0.37461,0,0.92718,0,0,-0.34907,0
0,0,0.75,0,0,0,-0.37137,0,0.92849,0,0,-0.34907,0
0,0,0.75,0,0,0,-0.36812,0,0.92978,0,0,-0.34907,0
0,0,0.75,0,0,0,-0.36488,0,0.93106,0,0,-0.34907,0
0,0,0.75,0,0,0,-0.36162,0,0.93232,0,0,-0.34907,0
0,0,0.75,0,0,0,-0.35837,0,0.93358,0,0,-0.34907,0
0,0,0.75,0,0,0,-0.35511,0,0.93483,0,0,-0.34907,0
0,0,0.75,0,0,0,-0.35184,0,0.93606,0,0,-0.34907,0
0,0,0.75,0,0,0,-0.34857,0,0.93728,0,0,-0.34907,0
0,0,0.75,0,0,0,-0.3453,0,0.93849,0,0,-0.34907,0
0,0,0.75,0,0,0,-0.34202,0,0.93969,0,0,-0.34907,0
0,0,0.75,0,0,0,-0.33874,0,0.94088,0,0,-0.34907,0
0,0,0.75,0,0,0,-0.33545,0,0.94206,0,0,-0.34907,0
0,0,0.75,0,0,0,-0.33216,0,0.94322,0,0,-0.34907,0
0,0,0.75,0,0,0,-0.32887,0,0.94438,0,0,-0.34907,0
0,0,0.75,0,0,0,-0.32557,0,0.94552,0,0,-0.34907,0
0,0,0.75,0,0,0,-0.32227,0,0.94665,0,0,-0.34907,0
0,0,0.75,0,0,0,-0.31896,0,0.94777,0,0,-0.34907,0
0,0,0.75,0,0,0,-0.31565,0,0.94888,0,0,-0.34907,0
0,0,0.75,0,0,0,-0.31233,0,0.94997,0,0,-0.34907,0
0,0,0.75,0,0,0,-0.30902,0,0.95106,0,0,-0.34907,0
0,0,0.75,0,0,0,-0.3057,0,0.95213,0,0,-0.34907,0
0,0,0.75,0,0,0,-0.30237,0,0.95319,0,0,-0.34907,0
0,0,0.75,0,0,0,-0.29904,0,0.95424,0,0,-0.34907,0
0,0,0.75,0,0,0,-0.29571,0,0.95528,0,0,-0.34907,0
0,0,0.75,0,0,0,-0.29237,0,0.9563,0,0,-0.34907,0
0,0,0.75,0,0,0,-0.28903,0,0.95732,0,0,-0.34907,0
0,0,0.75,0,0,0,-0.28569,0,0.95832,0,0,-0.34907,0
0,0,0.75,0,0,0,-0.28234,0,0.95931,0,0,-0.34907,0
0,0,0.75,0,0,0,-0.27899,0,0.96029,0,0,-0.34907,0
0,0,0.75,0,0,0,-0.27564,0,0.96126,0,0,-0.34907,0
0,0,0.75,0,0,0,-0.27228,0,0.96222,0,0,-0.34907,0
0,0,0.75,0,0,0,-0.26892,0,0.96316,0,0,-0.34907,0
0,0,0.75,0,0,0,-0.26556,0,0.9641,0,0,-0.34907,0
0,0,0.75,0,0,0,-0.26219,0,0.96502,0,0,-0.34907,0
0,0,0.75,0,0,0,-0.25882,0,0.96593,0,0,-0.34907,0
0,0,0.75,0,0,0,-0.25545,0,0.96682,0,0,-0.34907,0
0,0,0.75,0,0,0,-0.25207,0,0.96771,0,0,-0.34907,0
0,0,0.75,0,0,0,-0.24869,0,0.96858,0,0,-0.34907,0
0,0,0.75,0,0,0,-0.24531,0,0.96945,0,0,-0.34907,0
0,0,0.75,0,0,0,-0.24192,0,0.9703,0,0,-0.34907,0
0,0,0.75,0,0,0,-0.23853,0,0.97113,0,0,-0.34907,0
0,0,0.75,0,0,0,-0.23514,0,0.97196,0,0,-0.34907,0
0,0,0.75,0,0,0,-0.23175,0,0.97278,0,0,-0.34907,0
0,0,0.75,0,0,0,-0.22835,0,0.97358,0,0,-0.34907,0
0,0,0.75,0,0,0,-0.22495,0,0.97437,0,0,-0.34907,0
0,0,0.75,0,0,0,-0.22155,0,0.97515,0,0,-0.34907,0
0,0,0.75,0,0,0,-0.21814,0,0.97592,0,0,-0.34907,0
0,0,0.75,0,0,0,-0.21474,0,0.97667,0,0,-0.34907,0
0,0,0.75,0,0,0,-0.21132,0,0.97742,0,0,-0.34907,0
0,0,0.75,0,0,0,-0.20791,0,0.97815,0,0,-0.34907,0
0,0,0.75,0,0,0,-0.2045,0,0.97887,0,0,-0.34907,0
0,0,0.75,0,0,0,-0.20108,0,0.97958,0,0,-0.34907,0
0,0,0.75,0,0,0,-0.19766,0,0.98027,0,0,-0.34907,0
0,0,0.75,0,0,0,-0.19423,0,0.98096,0,0,-0.34907,0
0,0,0.75,0,0,0,-0.19081,0,0.98163,0,0,-0.34907,0
0,0,0.75,0,0,0,-0.18738,0,0.98229,0,0,-0.34907,0
0,0,0.75,0,0,0,-0.18395,0,0.98294,0,0,-0.34907,0
0,0,0.75,0,0,0,-0.18052,0,0.98357,0,0,-0.34907,0
0,0,0.75,0,0,0,-0.17708,0,0.9842,0,0,-0.34907,0
0,0,0.75,0,0,0,-0.17365,0,0.98481,0,0,-0.34907,0
0,0,0.75,0,0,0,-0.17021,0,0.98541,0,0,-0.34907,0
0,0,0.75,0,0,0,-0.16677,0,0.986,0,0,-0.34907,0
0,0,0.75,0,0,0,-0.16333,0,0.98657,0,0,-0.34907,0
0,0,0.75,0,0,0,-0.15988,0,0.98714,0,0,-0.34907,0
0,0,0.75,0,0,0,-0.15643,0,0.98769,0,0,-0.34907,0
0,0,0.75,0,0,0,-0.15299,0,0.98823,0,0,-0.34907,0
0,0,0.75,0,0,0,-0.14954,0,0.98876,0,0,-0.34907,0
0,0,0.75,0,0,0,-0.14608,0,0.98927,0,0,-0.34907,0
0,0,0.75,0,0,0,-0.14263,0,0.98978,0,0,-0.34907,0
0,0,0.75,0,0,0,-0.13917,0,0.99027,0,0,-0.34907,0
0,0,0.75,0,0,0,-0.13572,0,0.99075,0,0,-0.34907,0
0,0,0.75,0,0,0,-0.13226,0,0.99122,0,0,-0.34907,0
0,0,0.75,0,0,0,-0.1288,0,0.99167,0,0,-0.34907,0
0,0,0.75,0,0,0,-0.12533,0,0.99211,0,0,-0.34907,0
0,0,0.75,0,0,0,-0.12187,0,0.99255,0,0,-0.34907,0
0,0,0.75,0,0,0,-0.1184,0,0.99297,0,0,-0.34907,0
0,0,0.75,0,0,0,-0.11494,0,0.99337,0,0,-0.34907,0
0,0,0.75,0,0,0,-0.11147,0,0.99377,0,0,-0.34907,0
0,0,0.75,0,0,0,-0.108,0,0.99415,0,0,-0.34907,0
0,0,0.75,0,0,0,-0.10453,0,0.99452,0,0,-0.34907,0
0,0,0.75,0,0,0,-0.10106,0,0.99488,0,0,-0.34907,0
0,0,0.75,0,0,0,-0.097583,0,0.99523,0,0,-0.34907,0
0,0,0.75,0,0,0,-0.094108,0,0.99556,0,0,-0.34907,0
0,0,0.75,0,0,0,-0.090633,0,0.99588,0,0,-0.34907,0
0,0,0.75,0,0,0,-0.087156,0,0.99619,0,0,-0.34907,0
0,0,0.75,0,0,0,-0.083678,0,0.99649,0,0,-0.34907,0
0,0,0.75,0,0,0,-0.080199,0,0.99678,0,0,-0.34907,0
0,0,0.75,0,0,0,-0.076719,0,0.99705,0,0,-0.34907,0
0,0,0.75,0,0,0,-0.073238,0,0.99731,0,0,-0.34907,0
0,0,0.75,0,0,0,-0.069756,0,0.99756,0,0,-0.34907,0
0,0,0.75,0,0,0,-0.066274,0,0.9978,0,0,-0.34907,0
0,0,0.75,0,0,0,-0.062791,0,0.99803,0,0,-0.34907,0
0,0,0.75,0,0,0,-0.059306,0,0.99824,0,0,-0.34907,0
0,0,0.75,0,0,0,-0.055822,0,0.99844,0,0,-0.34907,0
0,0,0.75,0,0,0,-0.052336,0,0.99863,0,0,-0.34907,0
0,0,0.75,0,0,0,-0.04885,0,0.99881,0,0,-0.34907,0
0,0,0.75,0,0,0,-0.045363,0,0.99897,0,0,-0.34907,0
0,0,0.75,0,0,0,-0.041876,0,0.99912,0,0,-0.34907,0
0,0,0.75,0,0,0,-0.038388,0,0.99926,0,0,-0.34907,0
0,0,0.75,0,0,0,-0.034899,0,0.99939,0,0,-0.34907,0
0,0,0.75,0,0,0,-0.031411,0,0.99951,0,0,-0.34907,0
0,0,0.75,0,0,0,-0.027922,0,0.99961,0,0,-0.34907,0
0,0,0.75,0,0,0,-0.024432,0,0.9997,0,0,-0.34907,0
0,0,0.75,0,0,0,-0.020942,0,0.99978,0,0,-0.34907,0
0,0,0.75,0,0,0,-0.017452,0,0.99985,0,0,-0.34907,0
0,0,0.75,0,0,0,-0.013962,0,0.9999,0,0,-0.34907,0
0,0,0.75,0,0,0,-0.010472,0,0.99995,0,0,-0.34907,0
0,0,0.75,0,0,0,-0.0069813,0,0.99998,0,0,-0.34907,0
0,0,0.75,0,0,0,-0.0034907,0,0.99999,0,0,-0.34907,0
0,0,0.75,0,0,0,6.1232e-17,0,1,0,0,-0.34907,0
0,0,0.75,0,0,0,0.0034907,0,0.99999,0,0,-0.34907,0
0,0,0.75,0,0,0,0.0069813,0,0.99998,0,0,-0.34907,0
0,0,0.75,0,0,0,0.010472,0,0.99995,0,0,-0.34907,0
0,0,0.75,0,0,0,0.013962,0,0.9999,0,0,-0.34907,0
0,0,0.75,0,0,0,0.017452,0,0.99985,0,0,-0.34907,0
0,0,0.75,0,0,0,0.020942,0,0.99978,0,0,-0.34907,0
0,0,0.75,0,0,0,0.024432,0,0.9997,0,0,-0.34907,0
0,0,0.75,0,0,0,0.027922,0,0.99961,0,0,-0.34907,0
0,0,0.75,0,0,0,0.031411,0,0.99951,0,0,-0.34907,0
0,0,0.75,0,0,0,0.034899,0,0.99939,0,0,-0.34907,0
0,0,0.75,0,0,0,0.038388,0,0.99926,0,0,-0.34907,0
0,0,0.75,0,0,0,0.041876,0,0.99912,0,0,-0.34907,0
0,0,0.75,0,0,0,0.045363,0,0.99897,0,0,-0.34907,0
0,0,0.75,0,0,0,0.04885,0,0.99881,0,0,-0.34907,0
0,0,0.75,0,0,0,0.052336,0,0.99863,0,0,-0.34907,0
0,0,0.75,0,0,0,0.055822,0,0.99844,0,0,-0.34907,0
0,0,0.75,0,0,0,0.059306,0,0.99824,0,0,-0.34907,0
0,0,0.75,0,0,0,0.062791,0,0.99803,0,0,-0.34907,0
0,0,0.75,0,0,0,0.066274,0,0.9978,0,0,-0.34907,0
0,0,0.75,0,0,0,0.069756,0,0.99756,0,0,-0.34907,0
0,0,0.75,0,0,0,0.073238,0,0.99731,0,0,-0.34907,0
0,0,0.75,0,0,0,0.076719,0,0.99705,0,0,-0.34907,0
0,0,0.75,0,0,0,0.080199,0,0.99678,0,0,-0.34907,0
0,0,0.75,0,0,0,0.083678,0,0.99649,0,0,-0.34907,0
0,0,0.75,0,0,0,0.087156,0,0.99619,0,0,-0.34907,0
0,0,0.75,0,0,0,0.090633,0,0.99588,0,0,-0.34907,0
0,0,0.75,0,0,0,0.094108,0,0.99556,0,0,-0.34907,0
0,0,0.75,0,0,0,0.097583,0,0.99523,0,0,-0.34907,0
0,0,0.75,0,0,0,0.10106,0,0.99488,0,0,-0.34907,0
0,0,0.75,0,0,0,0.10453,0,0.99452,0,0,-0.34907,0
0,0,0.75,0,0,0,0.108,0,0.99415,0,0,-0.34907,0
0,0,0.75,0,0,0,0.11147,0,0.99377,0,0,-0.34907,0
0,0,0.75,0,0,0,0.11494,0,0.99337,0,0,-0.34907,0
0,0,0.75,0,0,0,0.1184,0,0.99297,0,0,-0.34907,0
0,0,0.75,0,0,0,0.12187,0,0.99255,0,0,-0.34907,0
0,0,0.75,0,0,0,0.12533,0,0.99211,0,0,-0.34907,0
0,0,0.75,0,0,0,0.1288,0,0.99167,0,0,-0.34907,0
0,0,0.75,0,0,0,0.13226,0,0.99122,0,0,-0.34907,0
0,0,0.75,0,0,0,0.13572,0,0.99075,0,0,-0.34907,0
0,0,0.75,0,0,0,0.13917,0,0.99027,0,0,-0.34907,0
0,0,0.75,0,0,0,0.14263,0,0.98978,0,0,-0.34907,0
0,0,0.75,0,0,0,0.14608,0,0.98927,0,0,-0.34907,0
0,0,0.75,0,0,0,0.14954,0,0.98876,0,0,-0.34907,0
0,0,0.75,0,0,0,0.15299,0,0.98823,0,0,-0.34907,0
0,0,0.75,0,0,0,0.15643,0,0.98769,0,0,-0.34907,0
0,0,0.75,0,0,0,0.15988,0,0.98714,0,0,-0.34907,0
0,0,0.75,0,0,0,0.16333,0,0.98657,0,0,-0.34907,0
0,0,0.75,0,0,0,0.16677,0,0.986,0,0,-0.34907,0
0,0,0.75,0,0,0,0.17021,0,0.98541,0,0,-0.34907,0
0,0,0.75,0,0,0,0.17365,0,0.98481,0,0,-0.34907,0
0,0,0.75,0,0,0,0.17708,0,0.9842,0,0,-0.34907,0
0,0,0.75,0,0,0,0.18052,0,0.98357,0,0,-0.34907,0
0,0,0.75,0,0,0,0.18395,0,0.98294,0,0,-0.34907,0
0,0,0.75,0,0,0,0.18738,0,0.98229,0,0,-0.34907,0
0,0,0.75,0,0,0,0.19081,0,0.98163,0,0,-0.34907,0
0,0,0.75,0,0,0,0.19423,0,0.98096,0,0,-0.34907,0
0,0,0.75,0,0,0,0.19766,0,0.98027,0,0,-0.34907,0
0,0,0.75,0,0,0,0.20108,0,0.97958,0,0,-0.34907,0
0,0,0.75,0,0,0,0.2045,0,0.97887,0,0,-0.34907,0
0,0,0.75,0,0,0,0.20791,0,0.97815,0,0,-0.34907,0
0,0,0.75,0,0,0,0.21132,0,0.97742,0,0,-0.34907,0
0,0,0.75,0,0,0,0.21474,0,0.97667,0,0,-0.34907,0
0,0,0.75,0,0,0,0.21814,0,0.97592,0,0,-0.34907,0
0,0,0.75,0,0,0,0.22155,0,0.97515,0,0,-0.34907,0
0,0,0.75,0,0,0,0.22495,0,0.97437,0,0,-0.34907,0
0,0,0.75,0,0,0,0.22835,0,0.97358,0,0,-0.34907,0
0,0,0.75,0,0,0,0.23175,0,0.97278,0,0,-0.34907,0
0,0,0.75,0,0,0,0.23514,0,0.97196,0,0,-0.34907,0
0,0,0.75,0,0,0,0.23853,0,0.97113,0,0,-0.34907,0
0,0,0.75,0,0,0,0.24192,0,0.9703,0,0,-0.34907,0
0,0,0.75,0,0,0,0.24531,0,0.96945,0,0,-0.34907,0
0,0,0.75,0,0,0,0.24869,0,0.96858,0,0,-0.34907,0
0,0,0.75,0,0,0,0.25207,0,0.96771,0,0,-0.34907,0
0,0,0.75,0,0,0,0.25545,0,0.96682,0,0,-0.34907,0
0,0,0.75,0,0,0,0.25882,0,0.96593,0,0,-0.34907,0
0,0,0.75,0,0,0,0.26219,0,0.96502,0,0,-0.34907,0
0,0,0.75,0,0,0,0.26556,0,0.9641,0,0,-0.34907,0
0,0,0.75,0,0,0,0.26892,0,0.96316,0,0,-0.34907,0
0,0,0.75,0,0,0,0.27228,0,0.96222,0,0,-0.34907,0
0,0,0.75,0,0,0,0.27564,0,0.96126,0,0,-0.34907,0
0,0,0.75,0,0,0,0.27899,0,0.96029,0,0,-0.34907,0
0,0,0.75,0,0,0,0.28234,0,0.95931,0,0,-0.34907,0
0,0,0.75,0,0,0,0.28569,0,0.95832,0,0,-0.34907,0
0,0,0.75,0,0,0,0.28903,0,0.95732,0,0,-0.34907,0
0,0,0.75,0,0,0,0.29237,0,0.9563,0,0,-0.34907,0
0,0,0.75,0,0,0,0.29571,0,0.95528,0,0,-0.34907,0
0,0,0.75,0,0,0,0.29904,0,0.95424,0,0,-0.34907,0
0,0,0.75,0,0,0,0.30237,0,0.95319,0,0,-0.34907,0
0,0,0.75,0,0,0,0.3057,0,0.95213,0,0,-0.34907,0
0,0,0.75,0,0,0,0.30902,0,0.95106,0,0,-0.34907,0
0,0,0.75,0,0,0,0.31233,0,0.94997,0,0,-0.34907,0
0,0,0.75,0,0,0,0.31565,0,0.94888,0,0,-0.34907,0
0,0,0.75,0,0,0,0.31896,0,0.94777,0,0,-0.34907,0
0,0,0.75,0,0,0,0.32227,0,0.94665,0,0,-0.34907,0
0,0,0.75,0,0,0,0.32557,0,0.94552,0,0,-0.34907,0
0,0,0.75,0,0,0,0.32887,0,0.94438,0,0,-0.34907,0
0,0,0.75,0,0,0,0.33216,0,0.94322,0,0,-0.34907,0
0,0,0.75,0,0,0,0.33545,0,0.94206,0,0,-0.34907,0
0,0,0.75,0,0,0,0.33874,0,0.94088,0,0,-0.34907,0
0,0,0.75,0,0,0,0.34202,0,0.93969,0,0,-0.34907,0
0,0,0.75,0,0,0,0.3453,0,0.93849,0,0,-0.34907,0
0,0,0.75,0,0,0,0.34857,0,0.93728,0,0,-0.34907,0
0,0,0.75,0,0,0,0.35184,0,0.93606,0,0,-0.34907,0
0,0,0.75,0,0,0,0.35511,0,0.93483,0,0,-0.34907,0
0,0,0.75,0,0,0,0.35837,0,0.93358,0,0,-0.34907,0
0,0,0.75,0,0,0,0.36162,0,0.93232,0,0,-0.34907,0
0,0,0.75,0,0,0,0.36488,0,0.93106,0,0,-0.34907,0
0,0,0.75,0,0,0,0.36812,0,0.92978,0,0,-0.34907,0
0,0,0.75,0,0,0,0.37137,0,0.92849,0,0,-0.34907,0
0,0,0.75,0,0,0,0.37461,0,0.92718,0,0,-0.34907,0
0,0,0.75,0,0,0,0.37784,0,0.92587,0,0,-0.34907,0
0,0,0.75,0,0,0,0.38107,0,0.92455,0,0,-0.34907,0
0,0,0.75,0,0,0,0.3843,0,0.92321,0,0,-0.34907,0
0,0,0.75,0,0,0,0.38752,0,0.92186,0,0,-0.34907,0
0,0,0.75,0,0,0,0.39073,0,0.9205,0,0,-0.34907,0
0,0,0.75,0,0,0,0.39394,0,0.91914,0,0,-0.34907,0
0,0,0.75,0,0,0,0.39715,0,0.91775,0,0,-0.34907,0
0,0,0.75,0,0,0,0.40035,0,0.91636,0,0,-0.34907,0
0,0,0.75,0,0,0,0.40355,0,0.91496,0,0,-0.34907,0
0,0,0.75,0,0,0,0.40674,0,0.91355,0,0,-0.34907,0
0,0,0.75,0,0,0,0.40992,0,0.91212,0,0,-0.34907,0
0,0,0.75,0,0,0,0.4131,0,0.91068,0,0,-0.34907,0
0,0,0.75,0,0,0,0.41628,0,0.90924,0,0,-0.34907,0
0,0,0.75,0,0,0,0.41945,0,0.90778,0,0,-0.34907,0
0,0,0.75,0,0,0,0.42262,0,0.90631,0,0,-0.34907,0
0,0,0.75,0,0,0,0.42578,0,0.90483,0,0,-0.34907,0
0,0,0.75,0,0,0,0.42894,0,0.90334,0,0,-0.34907,0
0,0,0.75,0,0,0,0.43209,0,0.90183,0,0,-0.34907,0
0,0,0.75,0,0,0,0.43523,0,0.90032,0,0,-0.34907,0
0,0,0.75,0,0,0,0.43837,0,0.89879,0,0,-0.34907,0
0,0,0.75,0,0,0,0.44151,0,0.89726,0,0,-0.34907,0
0,0,0.75,0,0,0,0.44464,0,0.89571,0,0,-0.34907,0
0,0,0.75,0,0,0,0.44776,0,0.89415,0,0,-0.34907,0
0,0,0.75,0,0,0,0.45088,0,0.89259,0,0,-0.34907,0
0,0,0.75,0,0,0,0.45399,0,0.89101,0,0,-0.34907,0
0,0,0.75,0,0,0,0.4571,0,0.88942,0,0,-0.34907,0
0,0,0.75,0,0,0,0.4602,0,0.88782,0,0,-0.34907,0
0,0,0.75,0,0,0,0.4633,0,0.8862,0,0,-0.34907,0
0,0,0.75,0,0,0,0.46639,0,0.88458,0,0,-0.34907,0
0,0,0.75,0,0,0,0.46947,0,0.88295,0,0,-0.34907,0
0,0,0.75,0,0,0,0.47255,0,0.8813,0,0,-0.34907,0
0,0,0.75,0,0,0,0.47562,0,0.87965,0,0,-0.34907,0
0,0,0.75,0,0,0,0.47869,0,0.87798,0,0,-0.34907,0
0,0,0.75,0,0,0,0.48175,0,0.87631,0,0,-0.34907,0
0,0,0.75,0,0,0,0.48481,0,0.87462,0,0,-0.34907,0
0,0,0.75,0,0,0,0.48786,0,0.87292,0,0,-0.34907,0
0,0,0.75,0,0,0,0.4909,0,0.87121,0,0,-0.34907,0
0,0,0.75,0,0,0,0.49394,0,0.86949,0,0,-0.34907,0
0,0,0.75,0,0,0,0.49697,0,0.86777,0,0,-0.34907,0
0,0,0.75,0,0,0,0.5,0,0.86603,0,0,-0.34907,0
0,0,0.75,0,0,0,0.50302,0,0.86427,0,0,-0.34907,0
0,0,0.75,0,0,0,0.50603,0,0.86251,0,0,-0.34907,0
0,0,0.75,0,0,0,0.50904,0,0.86074,0,0,-0.34907,0
0,0,0.75,0,0,0,0.51204,0,0.85896,0,0,-0.34907,0
0,0,0.75,0,0,0,0.51504,0,0.85717,0,0,-0.34907,0
0,0,0.75,0,0,0,0.51803,0,0.85536,0,0,-0.34907,0
0,0,0.75,0,0,0,0.52101,0,0.85355,0,0,-0.34907,0
0,0,0.75,0,0,0,0.52399,0,0.85173,0,0,-0.34907,0
0,0,0.75,0,0,0,0.52696,0,0.84989,0,0,-0.34907,0
0,0,0.75,0,0,0,0.52992,0,0.84805,0,0,-0.34907,0
0,0,0.75,0,0,0,0.53288,0,0.84619,0,0,-0.34907,0
0,0,0.75,0,0,0,0.53583,0,0.84433,0,0,-0.34907,0
0,0,0.75,0,0,0,0.53877,0,0.84245,0,0,-0.34907,0
0,0,0.75,0,0,0,0.54171,0,0.84057,0,0,-0.34907,0
0,0,0.75,0,0,0,0.54464,0,0.83867,0,0,-0.34907,0
0,0,0.75,0,0,0,0.54756,0,0.83676,0,0,-0.34907,0
0,0,0.75,0,0,0,0.55048,0,0.83485,0,0,-0.34907,0
0,0,0.75,0,0,0,0.55339,0,0.83292,0,0,-0.34907,0
0,0,0.75,0,0,0,0.5563,0,0.83098,0,0,-0.34907,0
0,0,0.75,0,0,0,0.55919,0,0.82904,0,0,-0.34907,0
0,0,0.75,0,0,0,0.56208,0,0.82708,0,0,-0.34907,0
0,0,0.75,0,0,0,0.56497,0,0.82511,0,0,-0.34907,0
0,0,0.75,0,0,0,0.56784,0,0.82314,0,0,-0.34907,0
0,0,0.75,0,0,0,0.57071,0,0.82115,0,0,-0.34907,0
0,0,0.75,0,0,0,0.57358,0,0.81915,0,0,-0.34907,0
0,0,0.75,0,0,0,0.57643,0,0.81714,0,0,-0.34907,0
0,0,0.75,0,0,0,0.57928,0,0.81513,0,0,-0.34907,0
0,0,0.75,0,0,0,0.58212,0,0.8131,0,0,-0.34907,0
0,0,0.75,0,0,0,0.58496,0,0.81106,0,0,-0.34907,0
0,0,0.75,0,0,0,0.58779,0,0.80902,0,0,-0.34907,0
0,0,0.75,0,0,0,0.59061,0,0.80696,0,0,-0.34907,0
0,0,0.75,0,0,0,0.59342,0,0.80489,0,0,-0.34907,0
0,0,0.75,0,0,0,0.59622,0,0.80282,0,0,-0.34907,0
0,0,0.75,0,0,0,0.59902,0,0.80073,0,0,-0.34907,0
0,0,0.75,0,0,0,0.60182,0,0.79864,0,0,-0.34907,0
0,0,0.75,0,0,0,0.6046,0,0.79653,0,0,-0.34907,0
0,0,0.75,0,0,0,0.60738,0,0.79441,0,0,-0.34907,0
0,0,0.75,0,0,0,0.61015,0,0.79229,0,0,-0.34907,0
0,0,0.75,0,0,0,0.61291,0,0.79016,0,0,-0.34907,0
0,0,0.75,0,0,0,0.61566,0,0.78801,0,0,-0.34907,0
0,0,0.75,0,0,0,0.61841,0,0.78586,0,0,-0.34907,0
0,0,0.75,0,0,0,0.62115,0,0.78369,0,0,-0.34907,0
0,0,0.75,0,0,0,0.62388,0,0.78152,0,0,-0.34907,0
0,0,0.75,0,0,0,0.6266,0,0.77934,0,0,-0.34907,0
0,0,0.75,0,0,0,0.62932,0,0.77715,0,0,-0.34907,0
0,0,0.75,0,0,0,0.63203,0,0.77494,0,0,-0.34907,0
0,0,0.75,0,0,0,0.63473,0,0.77273,0,0,-0.34907,0
0,0,0.75,0,0,0,0.63742,0,0.77051,0,0,-0.34907,0
0,0,0.75,0,0,0,0.64011,0,0.76828,0,0,-0.34907,0
0,0,0.75,0,0,0,0.64279,0,0.76604,0,0,-0.34907,0
0,0,0.75,0,0,0,0.64546,0,0.7638,0,0,-0.34907,0
0,0,0.75,0,0,0,0.64812,0,0.76154,0,0,-0.34907,0
0,0,0.75,0,0,0,0.65077,0,0.75927,0,0,-0.34907,0
0,0,0.75,0,0,0,0.65342,0,0.757,0,0,-0.34907,0
0,0,0.75,0,0,0,0.65606,0,0.75471,0,0,-0.34907,0
0,0,0.75,0,0,0,0.65869,0,0.75241,0,0,-0.34907,0
0,0,0.75,0,0,0,0.66131,0,0.75011,0,0,-0.34907,0
0,0,0.75,0,0,0,0.66393,0,0.7478,0,0,-0.34907,0
0,0,0.75,0,0,0,0.66653,0,0.74548,0,0,-0.34907,0
0,0,0.75,0,0,0,0.66913,0,0.74314,0,0,-0.34907,0
0,0,0.75,0,0,0,0.67172,0,0.7408,0,0,-0.34907,0
0,0,0.75,0,0,0,0.6743,0,0.73846,0,0,-0.34907,0
0,0,0.75,0,0,0,0.67688,0,0.7361,0,0,-0.34907,0
0,0,0.75,0,0,0,0.67944,0,0.73373,0,0,-0.34907,0
0,0,0.75,0,0,0,0.682,0,0.73135,0,0,-0.34907,0
0,0,0.75,0,0,0,0.68455,0,0.72897,0,0,-0.34907,0
0,0,0.75,0,0,0,0.68709,0,0.72657,0,0,-0.34907,0
0,0,0.75,0,0,0,0.68962,0,0.72417,0,0,-0.34907,0
0,0,0.75,0,0,0,0.69214,0,0.72176,0,0,-0.34907,0
0,0,0.75,0,0,0,0.69466,0,0.71934,0,0,-0.34907,0
0,0,0.75,0,0,0,0.69717,0,0.71691,0,0,-0.34907,0
0,0,0.75,0,0,0,0.69966,0,0.71447,0,0,-0.34907,0
0,0,0.75,0,0,0,0.70215,0,0.71203,0,0,-0.34907,0
0,0,0.75,0,0,0,0.70463,0,0.70957,0,0,-0.34907,0
0,0,0.75,0,0,0,0.70711,0,0.70711,0,0,-0.34907,0
0,0,0.75,0,0,0,0.70957,0,0.70463,0,0,-0.34907,0
0,0,0.75,0,0,0,0.71203,0,0.70215,0,0,-0.34907,0
0,0,0.75,0,0,0,0.71447,0,0.69966,0,0,-0.34907,0
0,0,0.75,0,0,0,0.71691,0,0.69717,0,0,-0.34907,0
0,0,0.75,0,0,0,0.71934,0,0.69466,0,0,-0.34907,0
0,0,0.75,0,0,0,0.72176,0,0.69214,0,0,-0.34907,0
0,0,0.75,0,0,0,0.72417,0,0.68962,0,0,-0.34907,0
0,0,0.75,0,0,0,0.72657,0,0.68709,0,0,-0.34907,0
0,0,0.75,0,0,0,0.72897,0,0.68455,0,0,-0.34907,0
0,0,0.75,0,0,0,0.73135,0,0.682,0,0,-0.34907,0
0,0,0.75,0,0,0,0.73373,0,0.67944,0,0,-0.34907,0
0,0,0.75,0,0,0,0.7361,0,0.67688,0,0,-0.34907,0
0,0,0.75,0,0,0,0.73846,0,0.6743,0,0,-0.34907,0
0,0,0.75,0,0,0,0.7408,0,0.67172,0,0,-0.34907,0
0,0,0.75,0,0,0,0.74314,0,0.66913,0,0,-0.34907,0
0,0,0.75,0,0,0,0.74548,0,0.66653,0,0,-0.34907,0
0,0,0.75,0,0,0,0.7478,0,0.66393,0,0,-0.34907,0
0,0,0.75,0,0,0,0.75011,0,0.66131,0,0,-0.34907,0
0,0,0.75,0,0,0,0.75241,0,0.65869,0,0,-0.34907,0
0,0,0.75,0,0,0,0.75471,0,0.65606,0,0,-0.34907,0
0,0,0.75,0,0,0,0.757,0,0.65342,0,0,-0.34907,0
0,0,0.75,0,0,0,0.75927,0,0.65077,0,0,-0.34907,0
0,0,0.75,0,0,0,0.76154,0,0.64812,0,0,-0.34907,0
0,0,0.75,0,0,0,0.7638,0,0.64546,0,0,-0.34907,0
0,0,0.75,0,0,0,0.76604,0,0.64279,0,0,-0.34907,0
0,0,0.75,0,0,0,0.76828,0,0.64011,0,0,-0.34907,0
0,0,0.75,0,0,0,0.77051,0,0.63742,0,0,-0.34907,0
0,0,0.75,0,0,0,0.77273,0,0.63473,0,0,-0.34907,0
0,0,0.75,0,0,0,0.77494,0,0.63203,0,0,-0.34907,0
0,0,0.75,0,0,0,0.77715,0,0.62932,0,0,-0.34907,0
0,0,0.75,0,0,0,0.77934,0,0.6266,0,0,-0.34907,0
0,0,0.75,0,0,0,0.78152,0,0.62388,0,0,-0.34907,0
0,0,0.75,0,0,0,0.78369,0,0.62115,0,0,-0.34907,0
0,0,0.75,0,0,0,0.78586,0,0.61841,0,0,-0.34907,0
0,0,0.75,0,0,0,0.78801,0,0.61566,0,0,-0.34907,0
0,0,0.75,0,0,0,0.79016,0,0.61291,0,0,-0.34907,0
0,0,0.75,0,0,0,0.79229,0,0.61015,0,0,-0.34907,0
0,0,0.75,0,0,0,0.79441,0,0.60738,0,0,-0.34907,0
0,0,0.75,0,0,0,0.79653,0,0.6046,0,0,-0.34907,0
0,0,0.75,0,0,0,0.79864,0,0.60182,0,0,-0.34907,0
0,0,0.75,0,0,0,0.80073,0,0.59902,0,0,-0.34907,0
0,0,0.75,0,0,0,0.80282,0,0.59622,0,0,-0.34907,0
0,0,0.75,0,0,0,0.80489,0,0.59342,0,0,-0.34907,0
0,0,0.75,0,0,0,0.80696,0,0.59061,0,0,-0.34907,0
0,0,0.75,0,0,0,0.80902,0,0.58779,0,0,-0.34907,0
0,0,0.75,0,0,0,0.81106,0,0.58496,0,0,-0.34907,0
0,0,0.75,0,0,0,0.8131,0,0.58212,0,0,-0.34907,0
0,0,0.75,0,0,0,0.81513,0,0.57928,0,0,-0.34907,0
0,0,0.75,0,0,0,0.81714,0,0.57643,0,0,-0.34907,0
0,0,0.75,0,0,0,0.81915,0,0.57358,0,0,-0.34907,0
0,0,0.75,0,0,0,0.82115,0,0.57071,0,0,-0.34907,0
0,0,0.75,0,0,0,0.82314,0,0.56784,0,0,-0.34907,0
0,0,0.75,0,0,0,0.82511,0,0.56497,0,0,-0.34907,0
0,0,0.75,0,0,0,0.82708,0,0.56208,0,0,-0.34907,0
0,0,0.75,0,0,0,0.82904,0,0.55919,0,0,-0.34907,0
0,0,0.75,0,0,0,0.83098,0,0.5563,0,0,-0.34907,0
0,0,0.75,0,0,0,0.83292,0,0.55339,0,0,-0.34907,0
0,0,0.75,0,0,0,0.83485,0,0.55048,0,0,-0.34907,0
0,0,0.75,0,0,0,0.83676,0,0.54756,0,0,-0.34907,0
0,0,0.75,0,0,0,0.83867,0,0.54464,0,0,-0.34907,0
0,0,0.75,0,0,0,0.84057,0,0.54171,0,0,-0.34907,0
0,0,0.75,0,0,0,0.84245,0,0.53877,0,0,-0.34907,0
0,0,0.75,0,0,0,0.84433,0,0.53583,0,0,-0.34907,0
0,0,0.75,0,0,0,0.84619,0,0.53288,0,0,-0.34907,0
0,0,0.75,0,0,0,0.84805,0,0.52992,0,0,-0.34907,0
0,0,0.75,0,0,0,0.84989,0,0.52696,0,0,-0.34907,0
0,0,0.75,0,0,0,0.85173,0,0.52399,0,0,-0.34907,0
0,0,0.75,0,0,0,0.85355,0,0.52101,0,0,-0.34907,0
0,0,0.75,0,0,0,0.85536,0,0.51803,0,0,-0.34907,0
0,0,0.75,0,0,0,0.85717,0,0.51504,0,0,-0.34907,0
0,0,0.75,0,0,0,0.85896,0,0.51204,0,0,-0.34907,0
0,0,0.75,0,0,0,0.86074,0,0.50904,0,0,-0.34907,0
0,0,0.75,0,0,0,0.86251,0,0.50603,0,0,-0.34907,0
0,0,0.75,0,0,0,0.86427,0,0.50302,0,0,-0.34907,0
0,0,0.75,0,0,0,0.86603,0,0.5,0,0,-0.34907,0
0,0,0.75,0,0,0,0.86777,0,0.49697,0,0,-0.34907,0
0,0,0.75,0,0,0,0.86949,0,0.49394,0,0,-0.34907,0
0,0,0.75,0,0,0,0.87121,0,0.4909,0,0,-0.34907,0
0,0,0.75,0,0,0,0.87292,0,0.48786,0,0,-0.34907,0
0,0,0.75,0,0,0,0.87462,0,0.48481,0,0,-0.34907,0
0,0,0.75,0,0,0,0.87631,0,0.48175,0,0,-0.34907,0
0,0,0.75,0,0,0,0.87798,0,0.47869,0,0,-0.34907,0
0,0,0.75,0,0,0,0.87965,0,0.47562,0,0,-0.34907,0
0,0,0.75,0,0,0,0.8813,0,0.47255,0,0,-0.34907,0
0,0,0.75,0,0,0,0.88295,0,0.46947,0,0,-0.34907,0
0,0,0.75,0,0,0,0.88458,0,0.46639,0,0,-0.34907,0
0,0,0.75,0,0,0,0.8862,0,0.4633,0,0,-0.34907,0
0,0,0.75,0,0,0,0.88782,0,0.4602,0,0,-0.34907,0
0,0,0.75,0,0,0,0.88942,0,0.4571,0,0,-0.34907,0
0,0,0.75,0,0,0,0.89101,0,0.45399,0,0,-0.34907,0
0,0,0.75,0,0,0,0.89259,0,0.45088,0,0,-0.34907,0
0,0,0.75,0,0,0,0.89415,0,0.44776,0,0,-0.34907,0
0,0,0.75,0,0,0,0.89571,0,0.44464,0,0,-0.34907,0
0,0,0.75,0,0,0,0.89726,0,0.44151,0,0,-0.34907,0
0,0,0.75,0,0,0,0.89879,0,0.43837,0,0,-0.34907,0
0,0,0.75,0,0,0,0.90032,0,0.43523,0,0,-0.34907,0
0,0,0.75,0,0,0,0.90183,0,0.43209,0,0,-0.34907,0
0,0,0.75,0,0,0,0.90334,0,0.42894,0,0,-0.34907,0
0,0,0.75,0,0,0,0.90483,0,0.42578,0,0,-0.34907,0
0,0,0.75,0,0,0,0.90631,0,0.42262,0,0,-0.34907,0
0,0,0.75,0,0,0,0.90778,0,0.41945,0,0,-0.34907,0
0,0,0.75,0,0,0,0.90924,0,0.41628,0,0,-0.34907,0
0,0,0.75,0,0,0,0.91068,0,0.4131,0,0,-0.34907,0
0,0,0.75,0,0,0,0.91212,0,0.40992,0,0,-0.34907,0
0,0,0.75,0,0,0,0.91355,0,0.40674,0,0,-0.34907,0
0,0,0.75,0,0,0,0.91496,0,0.40355,0,0,-0.34907,0
0,0,0.75,0,0,0,0.91636,0,0.40035,0,0,-0.34907,0
0,0,0.75,0,0,0,0.91775,0,0.39715,0,0,-0.34907,0
0,0,0.75,0,0,0,0.91914,0,0.39394,0,0,-0.34907,0
0,0,0.75,0,0,0,0.9205,0,0.39073,0,0,-0.34907,0
0,0,0.75,0,0,0,0.92186,0,0.38752,0,0,-0.34907,0
0,0,0.75,0,0,0,0.92321,0,0.3843,0,0,-0.34907,0
0,0,0.75,0,0,0,0.92455,0,0.38107,0,0,-0.34907,0
0,0,0.75,0,0,0,0.92587,0,0.37784,0,0,-0.34907,0
0,0,0.75,0,0,0,0.92718,0,0.37461,0,0,-0.34907,0
0,0,0.75,0,0,0,0.92849,0,0.37137,0,0,-0.34907,0
0,0,0.75,0,0,0,0.92978,0,0.36812,0,0,-0.34907,0
0,0,0.75,0,0,0,0.93106,0,0.36488,0,0,-0.34907,0
0,0,0.75,0,0,0,0.93232,0,0.36162,0,0,-0.34907,0
0,0,0.75,0,0,0,0.93358,0,0.35837,0,0,-0.34907,0
0,0,0.75,0,0,0,0.93483,0,0.35511,0,0,-0.34907,0
0,0,0.75,0,0,0,0.93606,0,0.35184,0,0,-0.34907,0
0,0,0.75,0,0,0,0.93728,0,0.34857,0,0,-0.34907,0
0,0,0.75,0,0,0,0.93849,0,0.3453,0,0,-0.34907,0
0,0,0.75,0,0,0,0.93969,0,0.34202,0,0,-0.34907,0
0,0,0.75,0,0,0,0.94088,0,0.33874,0,0,-0.34907,0
0,0,0.75,0,0,0,0.94206,0,0.33545,0,0,-0.34907,0
0,0,0.75,0,0,0,0.94322,0,0.33216,0,0,-0.34907,0
0,0,0.75,0,0,0,0.94438,0,0.32887,0,0,-0.34907,0
0,0,0.75,0,0,0,0.94552,0,0.32557,0,0,-0.34907,0
0,0,0.75,0,0,0,0.94665,0,0.32227,0,0,-0.34907,0
0,0,0.75,0,0,0,0.94777,0,0.31896,0,0,-0.34907,0
0,0,0.75,0,0,0,0.94888,0,0.31565,0,0,-0.34907,0
0,0,0.75,0,0,0,0.94997,0,0.31233,0,0,-0.34907,0
0,0,0.75,0,0,0,0.95106,0,0.30902,0,0,-0.34907,0
0,0,0.75,0,0,0,0.95213,0,0.3057,0,0,-0.34907,0
0,0,0.75,0,0,0,0.95319,0,0.30237,0,0,-0.34907,0
0,0,0.75,0,0,0,0.95424,0,0.29904,0,0,-0.34907,0
0,0,0.75,0,0,0,0.95528,0,0.29571,0,0,-0.34907,0
0,0,0.75,0,0,0,0.9563,0,0.29237,0,0,-0.34907,0
0,0,0.75,0,0,0,0.95732,0,0.28903,0,0,-0.34907,0
0,0,0.75,0,0,0,0.95832,0,0.28569,0,0,-0.34907,0
0,0,0.75,0,0,0,0.95931,0,0.28234,0,0,-0.34907,0
0,0,0.75,0,0,0,0.96029,0,0.27899,0,0,-0.34907,0
0,0,0.75,0,0,0,0.96126,0,0.27564,0,0,-0.34907,0
0,0,0.75,0,0,0,0.96222,0,0.27228,0,0,-0.34907,0
0,0,0.75,0,0,0,0.96316,0,0.26892,0,0,-0.34907,0
0,0,0.75,0,0,0,0.9641,0,0.26556,0,0,-0.34907,0
0,0,0.75,0,0,0,0.96502,0,0.26219,0,0,-0.34907,0
0,0,0.75,0,0,0,0.96593,0,0.25882,0,0,-0.34907,0
0,0,0.75,0,0,0,0.96682,0,0.25545,0,0,-0.34907,0
0,0,0.75,0,0,0,0.96771,0,0.25207,0,0,-0.34907,0
0,0,0.75,0,0,0,0.96858,0,0.24869,0,0,-0.34907,0
0,0,0.75,0,0,0,0.96945,0,0.24531,0,0,-0.34907,0
0,0,0.75,0,0,0,0.9703,0,0.24192,0,0,-0.34907,0
0,0,0.75,0,0,0,0.97113,0,0.23853,0,0,-0.34907,0
0,0,0.75,0,0,0,0.97196,0,0.23514,0,0,-0.34907,0
0,0,0.75,0,0,0,0.97278,0,0.23175,0,0,-0.34907,0
0,0,0.75,0,0,0,0.97358,0,0.22835,0,0,-0.34907,0
0,0,0.75,0,0,0,0.97437,0,0.22495,0,0,-0.34907,0
0,0,0.75,0,0,0,0.97515,0,0.22155,0,0,-0.34907,0
0,0,0.75,0,0,0,0.97592,0,0.21814,0,0,-0.34907,0
0,0,0.75,0,0,0,0.97667,0,0.21474,0,0,-0.34907,0
0,0,0.75,0,0,0,0.97742,0,0.21132,0,0,-0.34907,0
0,0,0.75,0,0,0,0.97815,0,0.20791,0,0,-0.34907,0
0,0,0.75,0,0,0,0.97887,0,0.2045,0,0,-0.34907,0
0,0,0.75,0,0,0,0.97958,0,0.20108,0,0,-0.34907,0
0,0,0.75,0,0,0,0.98027,0,0.19766,0,0,-0.34907,0
0,0,0.75,0,0,0,0.98096,0,0.19423,0,0,-0.34907,0
0,0,0.75,0,0,0,0.98163,0,0.19081,0,0,-0.34907,0
0,0,0.75,0,0,0,0.98229,0,0.18738,0,0,-0.34907,0
0,0,0.75,0,0,0,0.98294,0,0.18395,0,0,-0.34907,0
0,0,0.75,0,0,0,0.98357,0,0.18052,0,0,-0.34907,0
0,0,0.75,0,0,0,0.9842,0,0.17708,0,0,-0.34907,0
0,0,0.75,0,0,0,0.98481,0,0.17365,0,0,-0.34907,0
0,0,0.75,0,0,0,0.98541,0,0.17021,0,0,-0.34907,0
0,0,0.75,0,0,0,0.986,0,0.16677,0,0,-0.34907,0
0,0,0.75,0,0,0,0.98657,0,0.16333,0,0,-0.34907,0
0,0,0.75,0,0,0,0.98714,0,0.15988,0,0,-0.34907,0
0,0,0.75,0,0,0,0.98769,0,0.15643,0,0,-0.34907,0
0,0,0.75,0,0,0,0.98823,0,0.15299,0,0,-0.34907,0
0,0,0.75,0,0,0,0.98876,0,0.14954,0,0,-0.34907,0
0,0,0.75,0,0,0,0.98927,0,0.14608,0,0,-0.34907,0
0,0,0.75,0,0,0,0.98978,0,0.14263,0,0,-0.34907,0
0,0,0.75,0,0,0,0.99027,0,0.13917,0,0,-0.34907,0
0,0,0.75,0,0,0,0.99075,0,0.13572,0,0,-0.34907,0
0,0,0.75,0,0,0,0.99122,0,0.13226,0,0,-0.34907,0
0,0,0.75,0,0,0,0.99167,0,0.1288,0,0,-0.34907,0
0,0,0.75,0,0,0,0.99211,0,0.12533,0,0,-0.34907,0
0,0,0.75,0,0,0,0.99255,0,0.12187,0,0,-0.34907,0
0,0,0.75,0,0,0,0.99297,0,0.1184,0,0,-0.34907,0
0,0,0.75,0,0,0,0.99337,0,0.11494,0,0,-0.34907,0
0,0,0.75,0,0,0,0.99377,0,0.11147,0,0,-0.34907,0
0,0,0.75,0,0,0,0.99415,0,0.108,0,0,-0.34907,0
0,0,0.75,0,0,0,0.99452,0,0.10453,0,0,-0.34907,0
0,0,0.75,0,0,0,0.99488,0,0.10106,0,0,-0.34907,0
0,0,0.75,0,0,0,0.99523,0,0.097583,0,0,-0.34907,0
0,0,0.75,0,0,0,0.99556,0,0.094108,0,0,-0.34907,0
0,0,0.75,0,0,0,0.99588,0,0.090633,0,0,-0.34907,0
0,0,0.75,0,0,0,0.99619,0,0.087156,0,0,-0.34907,0
0,0,0.75,0,0,0,0.99649,0,0.083678,0,0,-0.34907,0
0,0,0.75,0,0,0,0.99678,0,0.080199,0,0,-0.34907,0
0,0,0.75,0,0,0,0.99705,0,0.076719,0,0,-0.34907,0
0,0,0.75,0,0,0,0.99731,0,0.073238,0,0,-0.34907,0
0,0,0.75,0,0,0,0.99756,0,0.069756,0,0,-0.34907,0
0,0,0.75,0,0,0,0.9978,0,0.066274,0,0,-0.34907,0
0,0,0.75,0,0,0,0.99803,0,0.062791,0,0,-0.34907,0
0,0,0.75,0,0,0,0.99824,0,0.059306,0,0,-0.34907,0
0,0,0.75,0,0,0,0.99844,0,0.055822,0,0,-0.34907,0
0,0,0.75,0,0,0,0.99863,0,0.052336,0,0,-0.34907,0
0,0,0.75,0,0,0,0.99881,0,0.04885,0,0,-0.34907,0
0,0,0.75,0,0,0,0.99897,0,0.045363,0,0,-0.34907,0
0,0,0.75,0,0,0,0.99912,0,0.041876,0,0,-0.34907,0
0,0,0.75,0,0,0,0.99926,0,0.038388,0,0,-0.34907,0
0,0,0.75,0,0,0,0.99939,0,0.034899,0,0,-0.34907,0
0,0,0.75,0,0,0,0.99951,0,0.031411,0,0,-0.34907,0
0,0,0.75,0,0,0,0.99961,0,0.027922,0,0,-0.34907,0
0,0,0.75,0,0,0,0.9997,0,0.024432,0,0,-0.34907,0
0,0,0.75,0,0,0,0.99978,0,0.020942,0,0,-0.34907,0
0,0,0.75,0,0,0,0.99985,0,0.017452,0,0,-0.34907,0
0,0,0.75,0,0,0,0.9999,0,0.013962,0,0,-0.34907,0
0,0,0.75,0,0,0,0.99995,0,0.010472,0,0,-0.34907,0
0,0,0.75,0,0,0,0.99998,0,0.0069813,0,0,-0.34907,0
0,0,0.75,0,0,0,0.99999,0,0.0034907,0,0,-0.34907,0
0,0,0.75,0,0,0,1,0,0,0,0,-0.34907,0
0,0,0.75,0,0,0,1,0,0,0,0,0,0
0,0,0.75,0,0,0,1,0,0,0,0,0,0
0,0,0.75,0,0,0,1,0,0,0,0,0,0
0,0,0.75,0,0,0,1,0,0,0,0,0,0
0,0,0.75,0,0,0,1,0,0,0,0,0,0
0,0,0.75,0,0,0,1,0,0,0,0,0,0
0,0,0.75,0,0,0,1,0,0,0,0,0,0
0,0,0.75,0,0,0,1,0,0,0,0,0,0
0,0,0.75,0,0,0,1,0,0,0,0,0,0
0,0,0.75,0,0,0,1,0,0,0,0,0,0
0,0,0.75,0,0,0,1,0,0,0,0,0,0
0,0,0.75,0,0,0,1,0,0,0,0,0,0
0,0,0.75,0,0,0,1,0,0,0,0,0,0
0,0,0.75,0,0,0,1,0,0,0,0,0,0
0,0,0.75,0,0,0,1,0,0,0,0,0,0
0,0,0.75,0,0,0,1,0,0,0,0,0,0
0,0,0.75,0,0,0,1,0,0,0,0,0,0
0,0,0.75,0,0,0,1,0,0,0,0,0,0
0,0,0.75,0,0,0,1,0,0,0,0,0,0
0,0,0.75,0,0,0,1,0,0,0,0,0,0
0,0,0.75,0,0,0,1,0,0,0,0,0,0
0,0,0.75,0,0,0,1,0,0,0,0,0,0
0,0,0.75,0,0,0,1,0,0,0,0,0,0
0,0,0.75,0,0,0,1,0,0,0,0,0,0
0,0,0.75,0,0,0,1,0,0,0,0,0,0
0,0,0.75,0,0,0,1,0,0,0,0,0,0
0,0,0.75,0,0,0,1,0,0,0,0,0,0
0,0,0.75,0,0,0,1,0,0,0,0,0,0
0,0,0.75,0,0,0,1,0,0,0,0,0,0
0,0,0.75,0,0,0,1,0,0,0,0,0,0
0,0,0.75,0,0,0,1,0,0,0,0,0,0
0,0,0.75,0,0,0,1,0,0,0,0,0,0
0,0,0.75,0,0,0,1,0,0,0,0,0,0
0,0,0.75,0,0,0,1,0,0,0,0,0,0
0,0,0.75,0,0,0,1,0,0,0,0,0,0
0,0,0.75,0,0,0,1,0,0,0,0,0,0
0,0,0.75,0,0,0,1,0,0,0,0,0,0
0,0,0.75,0,0,0,1,0,0,0,0,0,0
0,0,0.75,0,0,0,1,0,0,0,0,0,0
0,0,0.75,0,0,0,1,0,0,0,0,0,0
0,0,0.75,0,0,0,1,0,0,0,0,0,0
0,0,0.75,0,0,0,1,0,0,0,0,0,0
0,0,0.75,0,0,0,1,0,0,0,0,0,0
0,0,0.75,0,0,0,1,0,0,0,0,0,0
0,0,0.75,0,0,0,1,0,0,0,0,0,0
0,0,0.75,0,0,0,1,0,0,0,0,0,0
0,0,0.75,0,0,0,1,0,0,0,0,0,0
0,0,0.75,0,0,0,1,0,0,0,0,0,0
0,0,0.75,0,0,0,1,0,0,0,0,0,0
0,0,0.75,0,0,0,1,0,0,0,0,0,0
0,0,0.75,0,0,0,1,0,0,0,0,0,0
0,0,0.75,0,0,0,1,0,0,0,0,0,0
0,0,0.75,0,0,0,1,0,0,0,0,0,0
0,0,0.75,0,0,0,1,0,0,0,0,0,0
0,0,0.75,0,0,0,1,0,0,0,0,0,0
0,0,0.75,0,0,0,1,0,0,0,0,0,0
0,0,0.75,0,0,0,1,0,0,0,0,0,0
0,0,0.75,0,0,0,1,0,0,0,0,0,0
0,0,0.75,0,0,0,1,0,0,0,0,0,0
0,0,0.75,0,0,0,1,0,0,0,0,0,0
0,0,0.75,0,0,0,1,0,0,0,0,0,0
0,0,0.75,0,0,0,1,0,0,0,0,0,0
0,0,0.75,0,0,0,1,0,0,0,0,0,0
0,0,0.75,0,0,0,1,0,0,0,0,0,0
0,0,0.75,0,0,0,1,0,0,0,0,0,0
0,0,0.75,0,0,0,1,0,0,0,0,0,0
0,0,0.75,0,0,0,1,0,0,0,0,0,0
0,0,0.75,0,0,0,1,0,0,0,0,0,0
0,0,0.75,0,0,0,1,0,0,0,0,0,0
0,0,0.75,0,0,0,1,0,0,0,0,0,0
0,0,0.75,0,0,0,1,0,0,0,0,0,0
0,0,0.75,0,0,0,1,0,0,0,0,0,0
0,0,0.75,0,0,0,1,0,0,0,0,0,0
0,0,0.75,0,0,0,1,0,0,0,0,0,0
0,0,0.75,0,0,0,1,0,0,0,0,0,0
0,0,0.75,0,0,0,1,0,0,0,0,0,0
0,0,0.75,0,0,0,1,0,0,0,0,0,0
0,0,0.75,0,0,0,1,0,0,0,0,0,0
0,0,0.75,0,0,0,1,0,0,0,0,0,0
0,0,0.75,0,0,0,1,0,0,0,0,0,0
0,0,0.75,0,0,0,1,0,0,0,0,0,0
0,0,0.75,0,0,0,1,0,0,0,0,0,0
0,0,0.75,0,0,0,1,0,0,0,0,0,0
0,0,0.75,0,0,0,1,0,0,0,0,0,0
0,0,0.75,0,0,0,1,0,0,0,0,0,0
0,0,0.75,0,0,0,1,0,0,0,0,0,0
0,0,0.75,0,0,0,1,0,0,0,0,0,0
0,0,0.75,0,0,0,1,0,0,0,0,0,0
0,0,0.75,0,0,0,1,0,0,0,0,0,0
0,0,0.75,0,0,0,1,0,0,0,0,0,0
0,0,0.75,0,0,0,1,0,0,0,0,0,0
0,0,0.75,0,0,0,1,0,0,0,0,0,0
0,0,0.75,0,0,0,1,0,0,0,0,0,0
0,0,0.75,0,0,0,1,0,0,0,0,0,0
0,0,0.75,0,0,0,1,0,0,0,0,0,0
0,0,0.75,0,0,0,1,0,0,0,0,0,0
0,0,0.75,0,0,0,1,0,0,0,0,0,0
0,0,0.75,0,0,0,1,0,0,0,0,0,0
0,0,0.75,0,0,0,1,0,0,0,0,0,0
0,0,0.75,0,0,0,1,0,0,0,0,0,0
