0,0,1,0,0,0,0,0,0,1,0,0,0,0,0,0
0,0,1,0,0,0,0,0,0,0.99999,0,0.005236,0,0,0.5236,0
0,0,1,0,0,0,0,0,0,0.99995,0,0.010472,0,0,0.5236,0
0,0,1,0,0,0,0,0,0,0.99988,0,0.015707,0,0,0.5236,0
0,0,1,0,0,0,0,0,0,0.99978,0,0.020942,0,0,0.5236,0
0,0,1,0,0,0,0,0,0,0.99966,0,0.026177,0,0,0.5236,0
0,0,1,0,0,0,0,0,0,0.99951,0,0.031411,0,0,0.5236,0
0,0,1,0,0,0,0,0,0,0.99933,0,0.036644,0,0,0.5236,0
0,0,1,0,0,0,0,0,0,0.99912,0,0.041876,0,0,0.5236,0
0,0,1,0,0,0,0,0,0,0.99889,0,0.047106,0,0,0.5236,0
0,0,1,0,0,0,0,0,0,0.99863,0,0.052336,0,0,0.5236,0
0,0,1,0,0,0,0,0,0,0.99834,0,0.057564,0,0,0.5236,0
0,0,1,0,0,0,0,0,0,0.99803,0,0.062791,0,0,0.5236,0
0,0,1,0,0,0,0,0,0,0.99768,0,0.068015,0,0,0.5236,0
0,0,1,0,0,0,0,0,0,0.99731,0,0.073238,0,0,0.5236,0
0,0,1,0,0,0,0,0,0,0.99692,0,0.078459,0,0,0.5236,0
0,0,1,0,0,0,0,0,0,0.99649,0,0.083678,0,0,0.5236,0
0,0,1,0,0,0,0,0,0,0.99604,0,0.088894,0,0,0.5236,0
0,0,1,0,0,0,0,0,0,0.99556,0,0.094108,0,0,0.5236,0
0,0,1,0,0,0,0,0,0,0.99506,0,0.09932,0,0,0.5236,0
0,0,1,0,0,0,0,0,0,0.99452,0,0.10453,0,0,0.5236,0
0,0,1,0,0,0,0,0,0,0.99396,0,0.10973,0,0,0.5236,0
0,0,1,0,0,0,0,0,0,0.99337,0,0.11494,0,0,0.5236,0
0,0,1,0,0,0,0,0,0,0.99276,0,0.12014,0,0,0.5236,0
0,0,1,0,0,0,0,0,0,0.99211,0,0.12533,0,0,0.5236,0
0,0,1,0,0,0,0,0,0,0.99144,0,0.13053,0,0,0.5236,0
0,0,1,0,0,0,0,0,0,0.99075,0,0.13572,0,0,0.5236,0
0,0,1,0,0,0,0,0,0,0.99002,0,0.1409,0,0,0.5236,0
0,0,1,0,0,0,0,0,0,0.98927,0,0.14608,0,0,0.5236,0
0,0,1,0,0,0,0,0,0,0.98849,0,0.15126,0,0,0.5236,0
0,0,1,0,0,0,0,0,0,0.98769,0,0.15643,0,0,0.5236,0
0,0,1,0,0,0,0,0,0,0.98686,0,0.1616,0,0,0.5236,0
0,0,1,0,0,0,0,0,0,0.986,0,0.16677,0,0,0.5236,0
0,0,1,0,0,0,0,0,0,0.98511,0,0.17193,0,0,0.5236,0
0,0,1,0,0,0,0,0,0,0.9842,0,0.17708,0,0,0.5236,0
0,0,1,0,0,0,0,0,0,0.98325,0,0.18224,0,0,0.5236,0
0,0,1,0,0,0,0,0,0,0.98229,0,0.18738,0,0,0.5236,0
0,0,1,0,0,0,0,0,0,0.98129,0,0.19252,0,0,0.5236,0
0,0,1,0,0,0,0,0,0,0.98027,0,0.19766,0,0,0.5236,0
0,0,1,0,0,0,0,0,0,0.97922,0,0.20279,0,0,0.5236,0
0,0,1,0,0,0,0,0,0,0.97815,0,0.20791,0,0,0.5236,0
0,0,1,0,0,0,0,0,0,0.97705,0,0.21303,0,0,0.5236,0
0,0,1,0,0,0,0,0,0,0.97592,0,0.21814,0,0,0.5236,0
0,0,1,0,0,0,0,0,0,0.97476,0,0.22325,0,0,0.5236,0
0,0,1,0,0,0,0,0,0,0.97358,0,0.22835,0,0,0.5236,0
0,0,1,0,0,0,0,0,0,0.97237,0,0.23345,0,0,0.5236,0
0,0,1,0,0,0,0,0,0,0.97113,0,0.23853,0,0,0.5236,0
0,0,1,0,0,0,0,0,0,0.96987,0,0.24362,0,0,0.5236,0
0,0,1,0,0,0,0,0,0,0.96858,0,0.24869,0,0,0.5236,0
0,0,1,0,0,0,0,0,0,0.96727,0,0.25376,0,0,0.5236,0
0,0,1,0,0,0,0,0,0,0.96593,0,0.25882,0,0,0.5236,0
0,0,1,0,0,0,0,0,0,0.96456,0,0.26387,0,0,0.5236,0
0,0,1,0,0,0,0,0,0,0.96316,0,0.26892,0,0,0.5236,0
0,0,1,0,0,0,0,0,0,0.96174,0,0.27396,0,0,0.5236,0
0,0,1,0,0,0,0,0,0,0.96029,0,0.27899,0,0,0.5236,0
0,0,1,0,0,0,0,0,0,0.95882,0,0.28402,0,0,0.5236,0
0,0,1,0,0,0,0,0,0,0.95732,0,0.28903,0,0,0.5236,0
0,0,1,0,0,0,0,0,0,0.95579,0,0.29404,0,0,0.5236,0
0,0,1,0,0,0,0,0,0,0.95424,0,0.29904,0,0,0.5236,0
0,0,1,0,0,0,0,0,0,0.95266,0,0.30403,0,0,0.5236,0
0,0,1,0,0,0,0,0,0,0.95106,0,0.30902,0,0,0.5236,0
0,0,1,0,0,0,0,0,0,0.94943,0,0.31399,0,0,0.5236,0
0,0,1,0,0,0,0,0,0,0.94777,0,0.31896,0,0,0.5236,0
0,0,1,0,0,0,0,0,0,0.94609,0,0.32392,0,0,0.5236,0
0,0,1,0,0,0,0,0,0,0.94438,0,0.32887,0,0,0.5236,0
0,0,1,0,0,0,0,0,0,0.94264,0,0.33381,0,0,0.5236,0
0,0,1,0,0,0,0,0,0,0.94088,0,0.33874,0,0,0.5236,0
0,0,1,0,0,0,0,0,0,0.93909,0,0.34366,0,0,0.5236,0
0,0,1,0,0,0,0,0,0,0.93728,0,0.34857,0,0,0.5236,0
0,0,1,0,0,0,0,0,0,0.93544,0,0.35347,0,0,0.5236,0
0,0,1,0,0,0,0,0,0,0.93358,0,0.35837,0,0,0.5236,0
0,0,1,0,0,0,0,0,0,0.93169,0,0.36325,0,0,0.5236,0
0,0,1,0,0,0,0,0,0,0.92978,0,0.36812,0,0,0.5236,0
0,0,1,0,0,0,0,0,0,0.92784,0,0.37299,0,0,0.5236,0
0,0,1,0,0,0,0,0,0,0.92587,0,0.37784,0,0,0.5236,0
0,0,1,0,0,0,0,0,0,0.92388,0,0.38268,0,0,0.5236,0
0,0,1,0,0,0,0,0,0,0.92388,0,0.38268,0,0,0,0
0,0,1,0,0,0,0,0,0,0.92388,0,0.38268,0,0,0,0
0,0,1,0,0,0,0,0,0,0.92388,0,0.38268,0,0,0,0
0,0,1,0,0,0,0,0,0,0.92388,0,0.38268,0,0,0,0
0,0,1,0,0,0,0,0,0,0.92388,0,0.38268,0,0,0,0
0,0,1,0,0,0,0,0,0,0.92388,0,0.38268,0,0,0,0
0,0,1,0,0,0,0,0,0,0.92388,0,0.38268,0,0,0,0
0,0,1,0,0,0,0,0,0,0.92388,0,0.38268,0,0,0,0
0,0,1,0,0,0,0,0,0,0.92388,0,0.38268,0,0,0,0
0,0,1,0,0,0,0,0,0,0.92388,0,0.38268,0,0,0,0
0,0,1,0,0,0,0,0,0,0.92388,0,0.38268,0,0,0,0
0,0,1,0,0,0,0,0,0,0.92388,0,0.38268,0,0,0,0
0,0,1,0,0,0,0,0,0,0.92388,0,0.38268,0,0,0,0
0,0,1,0,0,0,0,0,0,0.92388,0,0.38268,0,0,0,0
0,0,1,0,0,0,0,0,0,0.92388,0,0.38268,0,0,0,0
0,0,1,0,0,0,0,0,0,0.92388,0,0.38268,0,0,0,0
0,0,1,0,0,0,0,0,0,0.92388,0,0.38268,0,0,0,0
0,0,1,0,0,0,0,0,0,0.92388,0,0.38268,0,0,0,0
0,0,1,0,0,0,0,0,0,0.92388,0,0.38268,0,0,0,0
0,0,1,0,0,0,0,0,0,0.92388,0,0.38268,0,0,0,0
0,0,1,0,0,0,0,0,0,0.92388,0,0.38268,0,0,0,0
0,0,1,0,0,0,0,0,0,0.92388,0,0.38268,0,0,0,0
0,0,1,0,0,0,0,0,0,0.92388,0,0.38268,0,0,0,0
0,0,1,0,0,0,0,0,0,0.92388,0,0.38268,0,0,0,0
0,0,1,0,0,0,0,0,0,0.92388,0,0.38268,0,0,0,0
0,0,1,0,0,0,0,0,0,0.92388,0,0.38268,0,0,0,0
0,0,1,0,0,0,0,0,0,0.92388,0,0.38268,0,0,0,0
0,0,1,0,0,0,0,0,0,0.92388,0,0.38268,0,0,0,0
0,0,1,0,0,0,0,0,0,0.92388,0,0.38268,0,0,0,0
0,0,1,0,0,0,0,0,0,0.92388,0,0.38268,0,0,0,0
0,0,1,0,0,0,0,0,0,0.92388,0,0.38268,0,0,0,0
0,0,1,0,0,0,0,0,0,0.92388,0,0.38268,0,0,0,0
0,0,1,0,0,0,0,0,0,0.92388,0,0.38268,0,0,0,0
0,0,1,0,0,0,0,0,0,0.92388,0,0.38268,0,0,0,0
0,0,1,0,0,0,0,0,0,0.92388,0,0.38268,0,0,0,0
0,0,1,0,0,0,0,0,0,0.92388,0,0.38268,0,0,0,0
0,0,1,0,0,0,0,0,0,0.92388,0,0.38268,0,0,0,0
0,0,1,0,0,0,0,0,0,0.92388,0,0.38268,0,0,0,0
0,0,1,0,0,0,0,0,0,0.92388,0,0.38268,0,0,0,0
0,0,1,0,0,0,0,0,0,0.92388,0,0.38268,0,0,0,0
0,0,1,0,0,0,0,0,0,0.92388,0,0.38268,0,0,0,0
0,0,1,0,0,0,0,0,0,0.92388,0,0.38268,0,0,0,0
0,0,1,0,0,0,0,0,0,0.92388,0,0.38268,0,0,0,0
0,0,1,0,0,0,0,0,0,0.92388,0,0.38268,0,0,0,0
0,0,1,0,0,0,0,0,0,0.92388,0,0.38268,0,0,0,0
0,0,1,0,0,0,0,0,0,0.92388,0,0.38268,0,0,0,0
0,0,1,0,0,0,0,0,0,0.92388,0,0.38268,0,0,0,0
0,0,1,0,0,0,0,0,0,0.92388,0,0.38268,0,0,0,0
0,0,1,0,0,0,0,0,0,0.92388,0,0.38268,0,0,0,0
0,0,1,0,0,0,0,0,0,0.92388,0,0.38268,0,0,0,0
0,0,1,0,0,0,0,0,0,0.92388,0,0.38268,0,0,0,0
0,0,1,0,0,0,0,0,0,0.92388,0,0.38268,0,0,0,0
0,0,1,0,0,0,0,0,0,0.92388,0,0.38268,0,0,0,0
0,0,1,0,0,0,0,0,0,0.92388,0,0.38268,0,0,0,0
0,0,1,0,0,0,0,0,0,0.92388,0,0.38268,0,0,0,0
0,0,1,0,0,0,0,0,0,0.92388,0,0.38268,0,0,0,0
0,0,1,0,0,0,0,0,0,0.92388,0,0.38268,0,0,0,0
0,0,1,0,0,0,0,0,0,0.92388,0,0.38268,0,0,0,0
0,0,1,0,0,0,0,0,0,0.92388,0,0.38268,0,0,0,0
0,0,1,0,0,0,0,0,0,0.92388,0,0.38268,0,0,0,0
0,0,1,0,0,0,0,0,0,0.92388,0,0.38268,0,0,0,0
0,0,1,0,0,0,0,0,0,0.92388,0,0.38268,0,0,0,0
0,0,1,0,0,0,0,0,0,0.92388,0,0.38268,0,0,0,0
0,0,1,0,0,0,0,0,0,0.92388,0,0.38268,0,0,0,0
0,0,1,0,0,0,0,0,0,0.92388,0,0.38268,0,0,0,0
0,0,1,0,0,0,0,0,0,0.92388,0,0.38268,0,0,0,0
0,0,1,0,0,0,0,0,0,0.92388,0,0.38268,0,0,0,0
0,0,1,0,0,0,0,0,0,0.92388,0,0.38268,0,0,0,0
0,0,1,0,0,0,0,0,0,0.92388,0,0.38268,0,0,0,0
0,0,1,0,0,0,0,0,0,0.92388,0,0.38268,0,0,0,0
0,0,1,0,0,0,0,0,0,0.92388,0,0.38268,0,0,0,0
0,0,1,0,0,0,0,0,0,0.92388,0,0.38268,0,0,0,0
0,0,1,0,0,0,0,0,0,0.92388,0,0.38268,0,0,0,0
0,0,1,0,0,0,0,0,0,0.92388,0,0.38268,0,0,0,0
0,0,1,0,0,0,0,0,0,0.92388,0,0.38268,0,0,0,0
0,0,1,0,0,0,0,0,0,0.92388,0,0.38268,0,0,0,0
0,0,1,0,0,0,0,0,0,0.92388,0,0.38268,0,0,0,0
0,0,1,0,0,0,0,0,0,0.92388,0,0.38268,0,0,0,0
0,0,1,0,0,0,0,0,0,0.92388,0,0.38268,0,0,0,0
0,0,1,0,0,0,0,0,0,0.92388,0,0.38268,0,0,0,0
0,0,1,0,0,0,0,0,0,0.92388,0,0.38268,0,0,0,0
0,0,1,0,0,0,0,0,0,0.92388,0,0.38268,0,0,0,0
0,0,1,0,0,0,0,0,0,0.92388,0,0.38268,0,0,0,0
0,0,1,0,0,0,0,0,0,0.92388,0,0.38268,0,0,0,0
0,0,1,0,0,0,0,0,0,0.92388,0,0.38268,0,0,0,0
0,0,1,0,0,0,0,0,0,0.92388,0,0.38268,0,0,0,0
0,0,1,0,0,0,0,0,0,0.92388,0,0.38268,0,0,0,0
0,0,1,0,0,0,0,0,0,0.92388,0,0.38268,0,0,0,0
0,0,1,0,0,0,0,0,0,0.92388,0,0.38268,0,0,0,0
0,0,1,0,0,0,0,0,0,0.92388,0,0.38268,0,0,0,0
0,0,1,0,0,0,0,0,0,0.92388,0,0.38268,0,0,0,0
0,0,1,0,0,0,0,0,0,0.92388,0,0.38268,0,0,0,0
0,0,1,0,0,0,0,0,0,0.92388,0,0.38268,0,0,0,0
0,0,1,0,0,0,0,0,0,0.92388,0,0.38268,0,0,0,0
0,0,1,0,0,0,0,0,0,0.92388,0,0.38268,0,0,0,0
0,0,1,0,0,0,0,0,0,0.92388,0,0.38268,0,0,0,0
0,0,1,0,0,0,0,0,0,0.92388,0,0.38268,0,0,0,0
0,0,1,0,0,0,0,0,0,0.92388,0,0.38268,0,0,0,0
0,0,1,0,0,0,0,0,0,0.92388,0,0.38268,0,0,0,0
0,0,1,0,0,0,0,0,0,0.92388,0,0.38268,0,0,0,0
0,0,1,0,0,0,0,0,0,0.92388,0,0.38268,0,0,0,0
0,0,1,0,0,0,0,0,0,0.92388,0,0.38268,0,0,0,0
0,0,1,0,0,0,0,0,0,0.92388,0,0.38268,0,0,0,0
0,0,1,0,0,0,0,0,0,0.92388,0,0.38268,0,0,0,0
0,0,1,0,0,0,0,0,0,0.92388,0,0.38268,0,0,0,0
0,0,1,0,0,0,0,0,0,0.92388,0,0.38268,0,0,0,0
0,0,1,0,0,0,0,0,0,0.92388,0,0.38268,0,0,0,0
0,0,1,0,0,0,0,0,0,0.92388,0,0.38268,0,0,0,0
0,0,1,0,0,0,0,0,0,0.92388,0,0.38268,0,0,0,0
0,0,1,0,0,0,0,0,0,0.92388,0,0.38268,0,0,0,0
0,0,1,0,0,0,0,0,0,0.92388,0,0.38268,0,0,0,0
0,0,1,0,0,0,0,0,0,0.92388,0,0.38268,0,0,0,0
0,0,1,0,0,0,0,0,0,0.92388,0,0.38268,0,0,0,0
0,0,1,0,0,0,0,0,0,0.92388,0,0.38268,0,0,0,0
0,0,1,0,0,0,0,0,0,0.92388,0,0.38268,0,0,0,0
0,0,1,0,0,0,0,0,0,0.92388,0,0.38268,0,0,0,0
0,0,1,0,0,0,0,0,0,0.92388,0,0.38268,0,0,0,0
0,0,1,0,0,0,0,0,0,0.92388,0,0.38268,0,0,0,0
0,0,1,0,0,0,0,0,0,0.92388,0,0.38268,0,0,0,0
0,0,1,0,0,0,0,0,0,0.92388,0,0.38268,0,0,0,0
0,0,1,0,0,0,0,0,0,0.92388,0,0.38268,0,0,0,0
0,0,1,0,0,0,0,0,0,0.92388,0,0.38268,0,0,0,0
0,0,1,0,0,0,0,0,0,0.92388,0,0.38268,0,0,0,0
0,0,1,0,0,0,0,0,0,0.92388,0,0.38268,0,0,0,0
0,0,1,0,0,0,0,0,0,0.92388,0,0.38268,0,0,0,0
0,0,1,0,0,0,0,0,0,0.92388,0,0.38268,0,0,0,0
0,0,1,0,0,0,0,0,0,0.92388,0,0.38268,0,0,0,0
0,0,1,0,0,0,0,0,0,0.92388,0,0.38268,0,0,0,0
0,0,1,0,0,0,0,0,0,0.92388,0,0.38268,0,0,0,0
0,0,1,0,0,0,0,0,0,0.92388,0,0.38268,0,0,0,0
0,0,1,0,0,0,0,0,0,0.92388,0,0.38268,0,0,0,0
0,0,1,0,0,0,0,0,0,0.92388,0,0.38268,0,0,0,0
0,0,1,0,0,0,0,0,0,0.92388,0,0.38268,0,0,0,0
0,0,1,0,0,0,0,0,0,0.92388,0,0.38268,0,0,0,0
0,0,1,0,0,0,0,0,0,0.92388,0,0.38268,0,0,0,0
0,0,1,0,0,0,0,0,0,0.92388,0,0.38268,0,0,0,0
0,0,1,0,0,0,0,0,0,0.92388,0,0.38268,0,0,0,0
0,0,1,0,0,0,0,0,0,0.92388,0,0.38268,0,0,0,0
0,0,1,0,0,0,0,0,0,0.92388,0,0.38268,0,0,0,0
0,0,1,0,0,0,0,0,0,0.92388,0,0.38268,0,0,0,0
0,0,1,0,0,0,0,0,0,0.92388,0,0.38268,0,0,0,0
0,0,1,0,0,0,0,0,0,0.92388,0,0.38268,0,0,0,0
0,0,1,0,0,0,0,0,0,0.92388,0,0.38268,0,0,0,0
0,0,1,0,0,0,0,0,0,0.92388,0,0.38268,0,0,0,0
0,0,1,0,0,0,0,0,0,0.92388,0,0.38268,0,0,0,0
0,0,1,0,0,0,0,0,0,0.92388,0,0.38268,0,0,0,0
0,0,1,0,0,0,0,0,0,0.92388,0,0.38268,0,0,0,0
0,0,1,0,0,0,0,0,0,0.92388,0,0.38268,0,0,0,0
0,0,1,0,0,0,0,0,0,0.92388,0,0.38268,0,0,0,0
0,0,1,0,0,0,0,0,0,0.92388,0,0.38268,0,0,0,0
0,0,1,0,0,0,0,0,0,0.92388,0,0.38268,0,0,0,0
0,0,1,0,0,0,0,0,0,0.92388,0,0.38268,0,0,0,0
0,0,1,0,0,0,0,0,0,0.92388,0,0.38268,0,0,0,0
0,0,1,0,0,0,0,0,0,0.92388,0,0.38268,0,0,0,0
0,0,1,0,0,0,0,0,0,0.92388,0,0.38268,0,0,0,0
0,0,1,0,0,0,0,0,0,0.92388,0,0.38268,0,0,0,0
0,0,1,0,0,0,0,0,0,0.92388,0,0.38268,0,0,0,0
0,0,1,0,0,0,0,0,0,0.92388,0,0.38268,0,0,0,0
0,0,1,0,0,0,0,0,0,0.92388,0,0.38268,0,0,0,0
0,0,1,0,0,0,0,0,0,0.92388,0,0.38268,0,0,0,0
0,0,1,0,0,0,0,0,0,0.92388,0,0.38268,0,0,0,0
0,0,1,0,0,0,0,0,0,0.92388,0,0.38268,0,0,0,0
0,0,1,0,0,0,0,0,0,0.92388,0,0.38268,0,0,0,0
0,0,1,0,0,0,0,0,0,0.92388,0,0.38268,0,0,0,0
0,0,1,0,0,0,0,0,0,0.92388,0,0.38268,0,0,0,0
0,0,1,0,0,0,0,0,0,0.92388,0,0.38268,0,0,0,0
0,0,1,0,0,0,0,0,0,0.92388,0,0.38268,0,0,0,0
0,0,1,0,0,0,0,0,0,0.92388,0,0.38268,0,0,0,0
0,0,1,0,0,0,0,0,0,0.92388,0,0.38268,0,0,0,0
0,0,1,0,0,0,0,0,0,0.92388,0,0.38268,0,0,0,0
0,0,1,0,0,0,0,0,0,0.92388,0,0.38268,0,0,0,0
0,0,1,0,0,0,0,0,0,0.92388,0,0.38268,0,0,0,0
0,0,1,0,0,0,0,0,0,0.92388,0,0.38268,0,0,0,0
0,0,1,0,0,0,0,0,0,0.92388,0,0.38268,0,0,0,0
0,0,1,0,0,0,0,0,0,0.92388,0,0.38268,0,0,0,0
0,0,1,0,0,0,0,0,0,0.92388,0,0.38268,0,0,0,0
0,0,1,0,0,0,0,0,0,0.92388,0,0.38268,0,0,0,0
0,0,1,0,0,0,0,0,0,0.92388,0,0.38268,0,0,0,0
0,0,1,0,0,0,0,0,0,0.92388,0,0.38268,0,0,0,0
0,0,1,0,0,0,0,0,0,0.92388,0,0.38268,0,0,0,0
0,0,1,0,0,0,0,0,0,0.92388,0,0.38268,0,0,0,0
0,0,1,0,0,0,0,0,0,0.92388,0,0.38268,0,0,0,0
0,0,1,0,0,0,0,0,0,0.92388,0,0.38268,0,0,0,0
0,0,1,0,0,0,0,0,0,0.92388,0,0.38268,0,0,0,0
0,0,1,0,0,0,0,0,0,0.92388,0,0.38268,0,0,0,0
0,0,1,0,0,0,0,0,0,0.92388,0,0.38268,0,0,0,0
0,0,1,0,0,0,0,0,0,0.92388,0,0.38268,0,0,0,0
0,0,1,0,0,0,0,0,0,0.92388,0,0.38268,0,0,0,0
0,0,1,0,0,0,0,0,0,0.92388,0,0.38268,0,0,0,0
0,0,1,0,0,0,0,0,0,0.92388,0,0.38268,0,0,0,0
0,0,1,0,0,0,0,0,0,0.92388,0,0.38268,0,0,0,0
0,0,1,0,0,0,0,0,0,0.92388,0,0.38268,0,0,0,0
0,0,1,0,0,0,0,0,0,0.92388,0,0.38268,0,0,0,0
0,0,1,0,0,0,0,0,0,0.92388,0,0.38268,0,0,0,0
0,0,1,0,0,0,0,0,0,0.92388,0,0.38268,0,0,0,0
0,0,1,0,0,0,0,0,0,0.92388,0,0.38268,0,0,0,0
0,0,1,0,0,0,0,0,0,0.92388,0,0.38268,0,0,0,0
0,0,1,0,0,0,0,0,0,0.92388,0,0.38268,0,0,0,0
0,0,1,0,0,0,0,0,0,0.92388,0,0.38268,0,0,0,0
0,0,1,0,0,0,0,0,0,0.92388,0,0.38268,0,0,0,0
0,0,1,0,0,0,0,0,0,0.92388,0,0.38268,0,0,0,0
0,0,1,0,0,0,0,0,0,0.92388,0,0.38268,0,0,0,0
0,0,1,0,0,0,0,0,0,0.92388,0,0.38268,0,0,0,0
0,0,1,0,0,0,0,0,0,0.92388,0,0.38268,0,0,0,0
0,0,1,0,0,0,0,0,0,0.92388,0,0.38268,0,0,0,0
0,0,1,0,0,0,0,0,0,0.92388,0,0.38268,0,0,0,0
0,0,1,0,0,0,0,0,0,0.92388,0,0.38268,0,0,0,0
0,0,1,0,0,0,0,0,0,0.92388,0,0.38268,0,0,0,0
0,0,1,0,0,0,0,0,0,0.92388,0,0.38268,0,0,0,0
0,0,1,0,0,0,0,0,0,0.92388,0,0.38268,0,0,0,0
0,0,1,0,0,0,0,0,0,0.92388,0,0.38268,0,0,0,0
0,0,1,0,0,0,0,0,0,0.92388,0,0.38268,0,0,0,0
0,0,1,0,0,0,0,0,0,0.92388,0,0.38268,0,0,0,0
0,0,1,0,0,0,0,0,0,0.92388,0,0.38268,0,0,0,0
0,0,1,0,0,0,0,0,0,0.92388,0,0.38268,0,0,0,0
0,0,1,0,0,0,0,0,0,0.92388,0,0.38268,0,0,0,0
0,0,1,0,0,0,0,0,0,0.92388,0,0.38268,0,0,0,0
0,0,1,0,0,0,0,0,0,0.92388,0,0.38268,0,0,0,0
0,0,1,0,0,0,0,0,0,0.92388,0,0.38268,0,0,0,0
0,0,1,0,0,0,0,0,0,0.92388,0,0.38268,0,0,0,0
0,0,1,0,0,0,0,0,0,0.92388,0,0.38268,0,0,0,0
0,0,1,0,0,0,0,0,0,0.92388,0,0.38268,0,0,0,0
0,0,1,0,0,0,0,0,0,0.92388,0,0.38268,0,0,0,0
0,0,1,0,0,0,0,0,0,0.92388,0,0.38268,0,0,0,0
0,0,1,0,0,0,0,0,0,0.92388,0,0.38268,0,0,0,0
0,0,1,0,0,0,0,0,0,0.92388,0,0.38268,0,0,0,0
0,0,1,0,0,0,0,0,0,0.92388,0,0.38268,0,0,0,0
0,0,1,0,0,0,0,0,0,0.92388,0,0.38268,0,0,0,0
0,0,1,0,0,0,0,0,0,0.92388,0,0.38268,0,0,0,0
0,0,1,0,0,0,0,0,0,0.92388,0,0.38268,0,0,0,0
0,0,1,0,0,0,0,0,0,0.92388,0,0.38268,0,0,0,0
0,0,1,0,0,0,0,0,0,0.92388,0,0.38268,0,0,0,0
0,0,1,0,0,0,0,0,0,0.92388,0,0.38268,0,0,0,0
0,0,1,0,0,0,0,0,0,0.92388,0,0.38268,0,0,0,0
0,0,1,0,0,0,0,0,0,0.92388,0,0.38268,0,0,0,0
0,0,1,0,0,0,0,0,0,0.92388,0,0.38268,0,0,0,0
0,0,1,0,0,0,0,0,0,0.92388,0,0.38268,0,0,0,0
0,0,1,0,0,0,0,0,0,0.92388,0,0.38268,0,0,0,0
0,0,1,0,0,0,0,0,0,0.92388,0,0.38268,0,0,0,0
0,0,1,0,0,0,0,0,0,0.92388,0,0.38268,0,0,0,0
0,0,1,0,0,0,0,0,0,0.92388,0,0.38268,0,0,0,0
0,0,1,0,0,0,0,0,0,0.92388,0,0.38268,0,0,0,0
0,0,1,0,0,0,0,0,0,0.92388,0,0.38268,0,0,0,0
0,0,1,0,0,0,0,0,0,0.92388,0,0.38268,0,0,0,0
0,0,1,0,0,0,0,0,0,0.92388,0,0.38268,0,0,0,0
0,0,1,0,0,0,0,0,0,0.92388,0,0.38268,0,0,0,0
0,0,1,0,0,0,0,0,0,0.92388,0,0.38268,0,0,0,0
0,0,1,0,0,0,0,0,0,0.92388,0,0.38268,0,0,0,0
0,0,1,0,0,0,0,0,0,0.92388,0,0.38268,0,0,0,0
0,0,1,0,0,0,0,0,0,0.92388,0,0.38268,0,0,0,0
0,0,1,0,0,0,0,0,0,0.92388,0,0.38268,0,0,0,0
0,0,1,0,0,0,0,0,0,0.92388,0,0.38268,0,0,0,0
0,0,1,0,0,0,0,0,0,0.92388,0,0.38268,0,0,0,0
0,0,1,0,0,0,0,0,0,0.92388,0,0.38268,0,0,0,0
0,0,1,0,0,0,0,0,0,0.92388,0,0.38268,0,0,0,0
0,0,1,0,0,0,0,0,0,0.92388,0,0.38268,0,0,0,0
0,0,1,0,0,0,0,0,0,0.92388,0,0.38268,0,0,0,0
0,0,1,0,0,0,0,0,0,0.92388,0,0.38268,0,0,0,0
0,0,1,0,0,0,0,0,0,0.92388,0,0.38268,0,0,0,0
0,0,1,0,0,0,0,0,0,0.92388,0,0.38268,0,0,0,0
0,0,1,0,0,0,0,0,0,0.92388,0,0.38268,0,0,0,0
0,0,1,0,0,0,0,0,0,0.92388,0,0.38268,0,0,0,0
0,0,1,0,0,0,0,0,0,0.92388,0,0.38268,0,0,0,0
0,0,1,0,0,0,0,0,0,0.92388,0,0.38268,0,0,0,0
0,0,1,0,0,0,0,0,0,0.92388,0,0.38268,0,0,0,0
0,0,1,0,0,0,0,0,0,0.92388,0,0.38268,0,0,0,0
0,0,1,0,0,0,0,0,0,0.92388,0,0.38268,0,0,0,0
0,0,1,0,0,0,0,0,0,0.92388,0,0.38268,0,0,0,0
0,0,1,0,0,0,0,0,0,0.92388,0,0.38268,0,0,0,0
0,0,1,0,0,0,0,0,0,0.92388,0,0.38268,0,0,0,0
0,0,1,0,0,0,0,0,0,0.92388,0,0.38268,0,0,0,0
0,0,1,0,0,0,0,0,0,0.92388,0,0.38268,0,0,0,0
0,0,1,0,0,0,0,0,0,0.92388,0,0.38268,0,0,0,0
0,0,1,0,0,0,0,0,0,0.92388,0,0.38268,0,0,0,0
0,0,1,0,0,0,0,0,0,0.92388,0,0.38268,0,0,0,0
0,0,1,0,0,0,0,0,0,0.92388,0,0.38268,0,0,0,0
0,0,1,0,0,0,0,0,0,0.92388,0,0.38268,0,0,0,0
0,0,1,0,0,0,0,0,0,0.92388,0,0.38268,0,0,0,0
0,0,1,0,0,0,0,0,0,0.92388,0,0.38268,0,0,0,0
0,0,1,0,0,0,0,0,0,0.92388,0,0.38268,0,0,0,0
0,0,1,0,0,0,0,0,0,0.92388,0,0.38268,0,0,0,0
0,0,1,0,0,0,0,0,0,0.92388,0,0.38268,0,0,0,0
0,0,1,0,0,0,0,0,0,0.92388,0,0.38268,0,0,0,0
0,0,1,0,0,0,0,0,0,0.92388,0,0.38268,0,0,0,0
0,0,1,0,0,0,0,0,0,0.92388,0,0.38268,0,0,0,0
0,0,1,0,0,0,0,0,0,0.92388,0,0.38268,0,0,0,0
0,0,1,0,0,0,0,0,0,0.92388,0,0.38268,0,0,0,0
0,0,1,0,0,0,0,0,0,0.92388,0,0.38268,0,0,0,0
0,0,1,0,0,0,0,0,0,0.92388,0,0.38268,0,0,0,0
0,0,1,0,0,0,0,0,0,0.92388,0,0.38268,0,0,0,0
0,0,1,0,0,0,0,0,0,0.92388,0,0.38268,0,0,0,0
0,0,1,0,0,0,0,0,0,0.92388,0,0.38268,0,0,0,0
0,0,1,0,0,0,0,0,0,0.92388,0,0.38268,0,0,0,0
0,0,1,0,0,0,0,0,0,0.92388,0,0.38268,0,0,0,0
0,0,1,0,0,0,0,0,0,0.92388,0,0.38268,0,0,0,0
0,0,1,0,0,0,0,0,0,0.92388,0,0.38268,0,0,0,0
0,0,1,0,0,0,0,0,0,0.92388,0,0.38268,0,0,0,0
0,0,1,0,0,0,0,0,0,0.92388,0,0.38268,0,0,0,0
0,0,1,0,0,0,0,0,0,0.92388,0,0.38268,0,0,0,0
0,0,1,0,0,0,0,0,0,0.92388,0,0.38268,0,0,0,0
0,0,1,0,0,0,0,0,0,0.92388,0,0.38268,0,0,0,0
0,0,1,0,0,0,0,0,0,0.92388,0,0.38268,0,0,0,0
0,0,1,0,0,0,0,0,0,0.92388,0,0.38268,0,0,0,0
0,0,1,0,0,0,0,0,0,0.92388,0,0.38268,0,0,0,0
0,0,1,0,0,0,0,0,0,0.92388,0,0.38268,0,0,0,0
0,0,1,0,0,0,0,0,0,0.92388,0,0.38268,0,0,0,0
0,0,1,0,0,0,0,0,0,0.92388,0,0.38268,0,0,0,0
0,0,1,0,0,0,0,0,0,0.92388,0,0.38268,0,0,0,0
0,0,1,0,0,0,0,0,0,0.92388,0,0.38268,0,0,0,0
0,0,1,0,0,0,0,0,0,0.92388,0,0.38268,0,0,0,0
0,0,1,0,0,0,0,0,0,0.92388,0,0.38268,0,0,0,0
0,0,1,0,0,0,0,0,0,0.92388,0,0.38268,0,0,0,0
0,0,1,0,0,0,0,0,0,0.92388,0,0.38268,0,0,0,0
0,0,1,0,0,0,0,0,0,0.92388,0,0.38268,0,0,0,0
0,0,1,0,0,0,0,0,0,0.92388,0,0.38268,0,0,0,0
0,0,1,0,0,0,0,0,0,0.92388,0,0.38268,0,0,0,0
0,0,1,0,0,0,0,0,0,0.92388,0,0.38268,0,0,0,0
0,0,1,0,0,0,0,0,0,0.92388,0,0.38268,0,0,0,0
0,0,1,0,0,0,0,0,0,0.92388,0,0.38268,0,0,0,0
0,0,1,0,0,0,0,0,0,0.92388,0,0.38268,0,0,0,0
0,0,1,0,0,0,0,0,0,0.92388,0,0.38268,0,0,0,0
0,0,1,0,0,0,0,0,0,0.92388,0,0.38268,0,0,0,0
0,0,1,0,0,0,0,0,0,0.92388,0,0.38268,0,0,0,0
0,0,1,0,0,0,0,0,0,0.92388,0,0.38268,0,0,0,0
0,0,1,0,0,0,0,0,0,0.92388,0,0.38268,0,0,0,0
0,0,1,0,0,0,0,0,0,0.92388,0,0.38268,0,0,0,0
0,0,1,0,0,0,0,0,0,0.92388,0,0.38268,0,0,0,0
0,0,1,0,0,0,0,0,0,0.92388,0,0.38268,0,0,0,0
0,0,1,0,0,0,0,0,0,0.92388,0,0.38268,0,0,0,0
0,0,1,0,0,0,0,0,0,0.92388,0,0.38268,0,0,0,0
0,0,1,0,0,0,0,0,0,0.92388,0,0.38268,0,0,0,0
0,0,1,0,0,0,0,0,0,0.92388,0,0.38268,0,0,0,0
0,0,1,0,0,0,0,0,0,0.92388,0,0.38268,0,0,0,0
0,0,1,0,0,0,0,0,0,0.92388,0,0.38268,0,0,0,0
0,0,1,0,0,0,0,0,0,0.92388,0,0.38268,0,0,0,0
0,0,1,0,0,0,0,0,0,0.92388,0,0.38268,0,0,0,0
0,0,1,0,0,0,0,0,0,0.92388,0,0.38268,0,0,0,0
0,0,1,0,0,0,0,0,0,0.92388,0,0.38268,0,0,0,0
0,0,1,0,0,0,0,0,0,0.92388,0,0.38268,0,0,0,0
0,0,1,0,0,0,0,0,0,0.92388,0,0.38268,0,0,0,0
0,0,1,0,0,0,0,0,0,0.92388,0,0.38268,0,0,0,0
0,0,1,0,0,0,0,0,0,0.92388,0,0.38268,0,0,0,0
0,0,1,0,0,0,0,0,0,0.92388,0,0.38268,0,0,0,0
0,0,1,0,0,0,0,0,0,0.92388,0,0.38268,0,0,0,0
0,0,1,0,0,0,0,0,0,0.92388,0,0.38268,0,0,0,0
0,0,1,0,0,0,0,0,0,0.92388,0,0.38268,0,0,0,0
0,0,1,0,0,0,0,0,0,0.92388,0,0.38268,0,0,0,0
0,0,1,0,0,0,0,0,0,0.92388,0,0.38268,0,0,0,0
0,0,1,0,0,0,0,0,0,0.92388,0,0.38268,0,0,0,0
0,0,1,0,0,0,0,0,0,0.92388,0,0.38268,0,0,0,0
0,0,1,0,0,0,0,0,0,0.92388,0,0.38268,0,0,0,0
0,0,1,0,0,0,0,0,0,0.92388,0,0.38268,0,0,0,0
0,0,1,0,0,0,0,0,0,0.92388,0,0.38268,0,0,0,0
0,0,1,0,0,0,0,0,0,0.92388,0,0.38268,0,0,0,0
0,0,1,0,0,0,0,0,0,0.92388,0,0.38268,0,0,0,0
0,0,1,0,0,0,0,0,0,0.92388,0,0.38268,0,0,0,0
0,0,1,0,0,0,0,0,0,0.92388,0,0.38268,0,0,0,0
0,0,1,0,0,0,0,0,0,0.92388,0,0.38268,0,0,0,0
0,0,1,0,0,0,0,0,0,0.92388,0,0.38268,0,0,0,0
0,0,1,0,0,0,0,0,0,0.92388,0,0.38268,0,0,0,0
0,0,1,0,0,0,0,0,0,0.92388,0,0.38268,0,0,0,0
0,0,1,0,0,0,0,0,0,0.92388,0,0.38268,0,0,0,0
0,0,1,0,0,0,0,0,0,0.92388,0,0.38268,0,0,0,0
0,0,1,0,0,0,0,0,0,0.92388,0,0.38268,0,0,0,0
0,0,1,0,0,0,0,0,0,0.92388,0,0.38268,0,0,0,0
0,0,1,0,0,0,0,0,0,0.92388,0,0.38268,0,0,0,0
0,0,1,0,0,0,0,0,0,0.92388,0,0.38268,0,0,0,0
0,0,1,0,0,0,0,0,0,0.92388,0,0.38268,0,0,0,0
0,0,1,0,0,0,0,0,0,0.92388,0,0.38268,0,0,0,0
0,0,1,0,0,0,0,0,0,0.92388,0,0.38268,0,0,0,0
0,0,1,0,0,0,0,0,0,0.92388,0,0.38268,0,0,0,0
0,0,1,0,0,0,0,0,0,0.92388,0,0.38268,0,0,0,0
0,0,1,0,0,0,0,0,0,0.92388,0,0.38268,0,0,0,0
0,0,1,0,0,0,0,0,0,0.92388,0,0.38268,0,0,0,0
0,0,1,0,0,0,0,0,0,0.92388,0,0.38268,0,0,0,0
0,0,1,0,0,0,0,0,0,0.92388,0,0.38268,0,0,0,0
0,0,1,0,0,0,0,0,0,0.92388,0,0.38268,0,0,0,0
0,0,1,0,0,0,0,0,0,0.92388,0,0.38268,0,0,0,0
0,0,1,0,0,0,0,0,0,0.92388,0,0.38268,0,0,0,0
0,0,1,0,0,0,0,0,0,0.92388,0,0.38268,0,0,0,0
0,0,1,0,0,0,0,0,0,0.92388,0,0.38268,0,0,0,0
0,0,1,0,0,0,0,0,0,0.92388,0,0.38268,0,0,0,0
0,0,1,0,0,0,0,0,0,0.92388,0,0.38268,0,0,0,0
0,0,1,0,0,0,0,0,0,0.92388,0,0.38268,0,0,0,0
0,0,1,0,0,0,0,0,0,0.92388,0,0.38268,0,0,0,0
0,0,1,0,0,0,0,0,0,0.92388,0,0.38268,0,0,0,0
0,0,1,0,0,0,0,0,0,0.92388,0,0.38268,0,0,0,0
0,0,1,0,0,0,0,0,0,0.92388,0,0.38268,0,0,0,0
0,0,1,0,0,0,0,0,0,0.92388,0,0.38268,0,0,0,0
0,0,1,0,0,0,0,0,0,0.92388,0,0.38268,0,0,0,0
0,0,1,0,0,0,0,0,0,0.92388,0,0.38268,0,0,0,0
0,0,1,0,0,0,0,0,0,0.92388,0,0.38268,0,0,0,0
0,0,1,0,0,0,0,0,0,0.92388,0,0.38268,0,0,0,0
0,0,1,0,0,0,0,0,0,0.92388,0,0.38268,0,0,0,0
0,0,1,0,0,0,0,0,0,0.92388,0,0.38268,0,0,0,0
0,0,1,0,0,0,0,0,0,0.92388,0,0.38268,0,0,0,0
0,0,1,0,0,0,0,0,0,0.92388,0,0.38268,0,0,0,0
0,0,1,0,0,0,0,0,0,0.92388,0,0.38268,0,0,0,0
0,0,1,0,0,0,0,0,0,0.92388,0,0.38268,0,0,0,0
0,0,1,0,0,0,0,0,0,0.92388,0,0.38268,0,0,0,0
0,0,1,0,0,0,0,0,0,0.92388,0,0.38268,0,0,0,0
0,0,1,0,0,0,0,0,0,0.92388,0,0.38268,0,0,0,0
0,0,1,0,0,0,0,0,0,0.92388,0,0.38268,0,0,0,0
0,0,1,0,0,0,0,0,0,0.92388,0,0.38268,0,0,0,0
0,0,1,0,0,0,0,0,0,0.92388,0,0.38268,0,0,0,0
0,0,1,0,0,0,0,0,0,0.92388,0,0.38268,0,0,0,0
0,0,1,0,0,0,0,0,0,0.92388,0,0.38268,0,0,0,0
0,0,1,0,0,0,0,0,0,0.92388,0,0.38268,0,0,0,0
0,0,1,0,0,0,0,0,0,0.92388,0,0.38268,0,0,0,0
0,0,1,0,0,0,0,0,0,0.92388,0,0.38268,0,0,0,0
0,0,1,0,0,0,0,0,0,0.92388,0,0.38268,0,0,0,0
0,0,1,0,0,0,0,0,0,0.92388,0,0.38268,0,0,0,0
0,0,1,0,0,0,0,0,0,0.92388,0,0.38268,0,0,0,0
0,0,1,0,0,0,0,0,0,0.92388,0,0.38268,0,0,0,0
0,0,1,0,0,0,0,0,0,0.92388,0,0.38268,0,0,0,0
0,0,1,0,0,0,0,0,0,0.92388,0,0.38268,0,0,0,0
0,0,1,0,0,0,0,0,0,0.92388,0,0.38268,0,0,0,0
0,0,1,0,0,0,0,0,0,0.92388,0,0.38268,0,0,0,0
0,0,1,0,0,0,0,0,0,0.92388,0,0.38268,0,0,0,0
0,0,1,0,0,0,0,0,0,0.92388,0,0.38268,0,0,0,0
0,0,1,0,0,0,0,0,0,0.92388,0,0.38268,0,0,0,0
0,0,1,0,0,0,0,0,0,0.92388,0,0.38268,0,0,0,0
0,0,1,0,0,0,0,0,0,0.92388,0,0.38268,0,0,0,0
0,0,1,0,0,0,0,0,0,0.92388,0,0.38268,0,0,0,0
0,0,1,0,0,0,0,0,0,0.92388,0,0.38268,0,0,0,0
0,0,1,0,0,0,0,0,0,0.92388,0,0.38268,0,0,0,0
0,0,1,0,0,0,0,0,0,0.92388,0,0.38268,0,0,0,0
0,0,1,0,0,0,0,0,0,0.92388,0,0.38268,0,0,0,0
0,0,1,0,0,0,0,0,0,0.92388,0,0.38268,0,0,0,0
0,0,1,0,0,0,0,0,0,0.92388,0,0.38268,0,0,0,0
0,0,1,0,0,0,0,0,0,0.92388,0,0.38268,0,0,0,0
0,0,1,0,0,0,0,0,0,0.92388,0,0.38268,0,0,0,0
0,0,1,0,0,0,0,0,0,0.92388,0,0.38268,0,0,0,0
0,0,1,0,0,0,0,0,0,0.92388,0,0.38268,0,0,0,0
0,0,1,0,0,0,0,0,0,0.92388,0,0.38268,0,0,0,0
0,0,1,0,0,0,0,0,0,0.92388,0,0.38268,0,0,0,0
0,0,1,0,0,0,0,0,0,0.92388,0,0.38268,0,0,0,0
0,0,1,0,0,0,0,0,0,0.92388,0,0.38268,0,0,0,0
0,0,1,0,0,0,0,0,0,0.92388,0,0.38268,0,0,0,0
0,0,1,0,0,0,0,0,0,0.92388,0,0.38268,0,0,0,0
0,0,1,0,0,0,0,0,0,0.92388,0,0.38268,0,0,0,0
0,0,1,0,0,0,0,0,0,0.92388,0,0.38268,0,0,0,0
0,0,1,0,0,0,0,0,0,0.92388,0,0.38268,0,0,0,0
0,0,1,0,0,0,0,0,0,0.92388,0,0.38268,0,0,0,0
0,0,1,0,0,0,0,0,0,0.92388,0,0.38268,0,0,0,0
0,0,1,0,0,0,0,0,0,0.92388,0,0.38268,0,0,0,0
0,0,1,0,0,0,0,0,0,0.92388,0,0.38268,0,0,0,0
0,0,1,0,0,0,0,0,0,0.92388,0,0.38268,0,0,0,0
0,0,1,0,0,0,0,0,0,0.92388,0,0.38268,0,0,0,0
0,0,1,0,0,0,0,0,0,0.92388,0,0.38268,0,0,0,0
0,0,1,0,0,0,0,0,0,0.92388,0,0.38268,0,0,0,0
0,0,1,0,0,0,0,0,0,0.92388,0,0.38268,0,0,0,0
0,0,1,0,0,0,0,0,0,0.92388,0,0.38268,0,0,0,0
0,0,1,0,0,0,0,0,0,0.92388,0,0.38268,0,0,0,0
0,0,1,0,0,0,0,0,0,0.92388,0,0.38268,0,0,0,0
0,0,1,0,0,0,0,0,0,0.92388,0,0.38268,0,0,0,0
0,0,1,0,0,0,0,0,0,0.92388,0,0.38268,0,0,0,0
0,0,1,0,0,0,0,0,0,0.92388,0,0.38268,0,0,0,0
0,0,1,0,0,0,0,0,0,0.92388,0,0.38268,0,0,0,0
0,0,1,0,0,0,0,0,0,0.92388,0,0.38268,0,0,0,0
0,0,1,0,0,0,0,0,0,0.92388,0,0.38268,0,0,0,0
0,0,1,0,0,0,0,0,0,0.92388,0,0.38268,0,0,0,0
0,0,1,0,0,0,0,0,0,0.92388,0,0.38268,0,0,0,0
0,0,1,0,0,0,0,0,0,0.92388,0,0.38268,0,0,0,0
0,0,1,0,0,0,0,0,0,0.92388,0,0.38268,0,0,0,0
0,0,1,0,0,0,0,0,0,0.92388,0,0.38268,0,0,0,0
0,0,1,0,0,0,0,0,0,0.92388,0,0.38268,0,0,0,0
0,0,1,0,0,0,0,0,0,0.92388,0,0.38268,0,0,0,0
0,0,1,0,0,0,0,0,0,0.92388,0,0.38268,0,0,0,0
0,0,1,0,0,0,0,0,0,0.92388,0,0.38268,0,0,0,0
0,0,1,0,0,0,0,0,0,0.92388,0,0.38268,0,0,0,0
0,0,1,0,0,0,0,0,0,0.92388,0,0.38268,0,0,0,0
0,0,1,0,0,0,0,0,0,0.92388,0,0.38268,0,0,0,0
0,0,1,0,0,0,0,0,0,0.92388,0,0.38268,0,0,0,0
0,0,1,0,0,0,0,0,0,0.92388,0,0.38268,0,0,0,0
0,0,1,0,0,0,0,0,0,0.92388,0,0.38268,0,0,0,0
0,0,1,0,0,0,0,0,0,0.92388,0,0.38268,0,0,0,0
0,0,1,0,0,0,0,0,0,0.92388,0,0.38268,0,0,0,0
0,0,1,0,0,0,0,0,0,0.92388,0,0.38268,0,0,0,0
0,0,1,0,0,0,0,0,0,0.92388,0,0.38268,0,0,0,0
0,0,1,0,0,0,0,0,0,0.92388,0,0.38268,0,0,0,0
0,0,1,0,0,0,0,0,0,0.92388,0,0.38268,0,0,0,0
0,0,1,0,0,0,0,0,0,0.92388,0,0.38268,0,0,0,0
0,0,1,0,0,0,0,0,0,0.92388,0,0.38268,0,0,0,0
0,0,1,0,0,0,0,0,0,0.92388,0,0.38268,0,0,0,0
0,0,1,0,0,0,0,0,0,0.92388,0,0.38268,0,0,0,0
0,0,1,0,0,0,0,0,0,0.92388,0,0.38268,0,0,0,0
0,0,1,0,0,0,0,0,0,0.92388,0,0.38268,0,0,0,0
0,0,1,0,0,0,0,0,0,0.92388,0,0.38268,0,0,0,0
0,0,1,0,0,0,0,0,0,0.92388,0,0.38268,0,0,0,0
0,0,1,0,0,0,0,0,0,0.92388,0,0.38268,0,0,0,0
0,0,1,0,0,0,0,0,0,0.92388,0,0.38268,0,0,0,0
0,0,1,0,0,0,0,0,0,0.92388,0,0.38268,0,0,0,0
0,0,1,0,0,0,0,0,0,0.92388,0,0.38268,0,0,0,0
0,0,1,0,0,0,0,0,0,0.92388,0,0.38268,0,0,0,0
0,0,1,0,0,0,0,0,0,0.92388,0,0.38268,0,0,0,0
0,0,1,0,0,0,0,0,0,0.92388,0,0.38268,0,0,0,0
0,0,1,0,0,0,0,0,0,0.92388,0,0.38268,0,0,0,0
0,0,1,0,0,0,0,0,0,0.92388,0,0.38268,0,0,0,0
0,0,1,0,0,0,0,0,0,0.92388,0,0.38268,0,0,0,0
0,0,1,0,0,0,0,0,0,0.92388,0,0.38268,0,0,0,0
0,0,1,0,0,0,0,0,0,0.92587,0,0.37784,0,0,-0.5236,0
0,0,1,0,0,0,0,0,0,0.92784,0,0.37299,0,0,-0.5236,0
0,0,1,0,0,0,0,0,0,0.92978,0,0.36812,0,0,-0.5236,0
0,0,1,0,0,0,0,0,0,0.93169,0,0.36325,0,0,-0.5236,0
0,0,1,0,0,0,0,0,0,0.93358,0,0.35837,0,0,-0.5236,0
0,0,1,0,0,0,0,0,0,0.93544,0,0.35347,0,0,-0.5236,0
0,0,1,0,0,0,0,0,0,0.93728,0,0.34857,0,0,-0.5236,0
0,0,1,0,0,0,0,0,0,0.93909,0,0.34366,0,0,-0.5236,0
0,0,1,0,0,0,0,0,0,0.94088,0,0.33874,0,0,-0.5236,0
0,0,1,0,0,0,0,0,0,0.94264,0,0.33381,0,0,-0.5236,0
0,0,1,0,0,0,0,0,0,0.94438,0,0.32887,0,0,-0.5236,0
0,0,1,0,0,0,0,0,0,0.94609,0,0.32392,0,0,-0.5236,0
0,0,1,0,0,0,0,0,0,0.94777,0,0.31896,0,0,-0.5236,0
0,0,1,0,0,0,0,0,0,0.94943,0,0.31399,0,0,-0.5236,0
0,0,1,0,0,0,0,0,0,0.95106,0,0.30902,0,0,-0.5236,0
0,0,1,0,0,0,0,0,0,0.95266,0,0.30403,0,0,-0.5236,0
0,0,1,0,0,0,0,0,0,0.95424,0,0.29904,0,0,-0.5236,0
0,0,1,0,0,0,0,0,0,0.95579,0,0.29404,0,0,-0.5236,0
0,0,1,0,0,0,0,0,0,0.95732,0,0.28903,0,0,-0.5236,0
0,0,1,0,0,0,0,0,0,0.95882,0,0.28402,0,0,-0.5236,0
0,0,1,0,0,0,0,0,0,0.96029,0,0.27899,0,0,-0.5236,0
0,0,1,0,0,0,0,0,0,0.96174,0,0.27396,0,0,-0.5236,0
0,0,1,0,0,0,0,0,0,0.96316,0,0.26892,0,0,-0.5236,0
0,0,1,0,0,0,0,0,0,0.96456,0,0.26387,0,0,-0.5236,0
0,0,1,0,0,0,0,0,0,0.96593,0,0.25882,0,0,-0.5236,0
0,0,1,0,0,0,0,0,0,0.96727,0,0.25376,0,0,-0.5236,0
0,0,1,0,0,0,0,0,0,0.96858,0,0.24869,0,0,-0.5236,0
0,0,1,0,0,0,0,0,0,0.96987,0,0.24362,0,0,-0.5236,0
0,0,1,0,0,0,0,0,0,0.97113,0,0.23853,0,0,-0.5236,0
0,0,1,0,0,0,0,0,0,0.97237,0,0.23345,0,0,-0.5236,0
0,0,1,0,0,0,0,0,0,0.97358,0,0.22835,0,0,-0.5236,0
0,0,1,0,0,0,0,0,0,0.97476,0,0.22325,0,0,-0.5236,0
0,0,1,0,0,0,0,0,0,0.97592,0,0.21814,0,0,-0.5236,0
0,0,1,0,0,0,0,0,0,0.97705,0,0.21303,0,0,-0.5236,0
0,0,1,0,0,0,0,0,0,0.97815,0,0.20791,0,0,-0.5236,0
0,0,1,0,0,0,0,0,0,0.97922,0,0.20279,0,0,-0.5236,0
0,0,1,0,0,0,0,0,0,0.98027,0,0.19766,0,0,-0.5236,0
0,0,1,0,0,0,0,0,0,0.98129,0,0.19252,0,0,-0.5236,0
0,0,1,0,0,0,0,0,0,0.98229,0,0.18738,0,0,-0.5236,0
0,0,1,0,0,0,0,0,0,0.98325,0,0.18224,0,0,-0.5236,0
0,0,1,0,0,0,0,0,0,0.9842,0,0.17708,0,0,-0.5236,0
0,0,1,0,0,0,0,0,0,0.98511,0,0.17193,0,0,-0.5236,0
0,0,1,0,0,0,0,0,0,0.986,0,0.16677,0,0,-0.5236,0
0,0,1,0,0,0,0,0,0,0.98686,0,0.1616,0,0,-0.5236,0
0,0,1,0,0,0,0,0,0,0.98769,0,0.15643,0,0,-0.5236,0
0,0,1,0,0,0,0,0,0,0.98849,0,0.15126,0,0,-0.5236,0
0,0,1,0,0,0,0,0,0,0.98927,0,0.14608,0,0,-0.5236,0
0,0,1,0,0,0,0,0,0,0.99002,0,0.1409,0,0,-0.5236,0
0,0,1,0,0,0,0,0,0,0.99075,0,0.13572,0,0,-0.5236,0
0,0,1,0,0,0,0,0,0,0.99144,0,0.13053,0,0,-0.5236,0
0,0,1,0,0,0,0,0,0,0.99211,0,0.12533,0,0,-0.5236,0
0,0,1,0,0,0,0,0,0,0.99276,0,0.12014,0,0,-0.5236,0
0,0,1,0,0,0,0,0,0,0.99337,0,0.11494,0,0,-0.5236,0
0,0,1,0,0,0,0,0,0,0.99396,0,0.10973,0,0,-0.5236,0
0,0,1,0,0,0,0,0,0,0.99452,0,0.10453,0,0,-0.5236,0
0,0,1,0,0,0,0,0,0,0.99506,0,0.09932,0,0,-0.5236,0
0,0,1,0,0,0,0,0,0,0.99556,0,0.094108,0,0,-0.5236,0
0,0,1,0,0,0,0,0,0,0.99604,0,0.088894,0,0,-0.5236,0
0,0,1,0,0,0,0,0,0,0.99649,0,0.083678,0,0,-0.5236,0
0,0,1,0,0,0,0,0,0,0.99692,0,0.078459,0,0,-0.5236,0
0,0,1,0,0,0,0,0,0,0.99731,0,0.073238,0,0,-0.5236,0
0,0,1,0,0,0,0,0,0,0.99768,0,0.068015,0,0,-0.5236,0
0,0,1,0,0,0,0,0,0,0.99803,0,0.062791,0,0,-0.5236,0
0,0,1,0,0,0,0,0,0,0.99834,0,0.057564,0,0,-0.5236,0
0,0,1,0,0,0,0,0,0,0.99863,0,0.052336,0,0,-0.5236,0
0,0,1,0,0,0,0,0,0,0.99889,0,0.047106,0,0,-0.5236,0
0,0,1,0,0,0,0,0,0,0.99912,0,0.041876,0,0,-0.5236,0
0,0,1,0,0,0,0,0,0,0.99933,0,0.036644,0,0,-0.5236,0
0,0,1,0,0,0,0,0,0,0.99951,0,0.031411,0,0,-0.5236,0
0,0,1,0,0,0,0,0,0,0.99966,0,0.026177,0,0,-0.5236,0
0,0,1,0,0,0,0,0,0,0.99978,0,0.020942,0,0,-0.5236,0
0,0,1,0,0,0,0,0,0,0.99988,0,0.015707,0,0,-0.5236,0
0,0,1,0,0,0,0,0,0,0.99995,0,0.010472,0,0,-0.5236,0
0,0,1,0,0,0,0,0,0,0.99999,0,0.005236,0,0,-0.5236,0
0,0,1,0,0,0,0,0,0,1,0,0,0,0,-0.5236,0
0,0,1,0,0,0,0,0,0,0.99999,0,-0.005236,0,0,-0.5236,0
0,0,1,0,0,0,0,0,0,0.99995,0,-0.010472,0,0,-0.5236,0
0,0,1,0,0,0,0,0,0,0.99988,0,-0.015707,0,0,-0.5236,0
0,0,1,0,0,0,0,0,0,0.99978,0,-0.020942,0,0,-0.5236,0
0,0,1,0,0,0,0,0,0,0.99966,0,-0.026177,0,0,-0.5236,0
0,0,1,0,0,0,0,0,0,0.99951,0,-0.031411,0,0,-0.5236,0
0,0,1,0,0,0,0,0,0,0.99933,0,-0.036644,0,0,-0.5236,0
0,0,1,0,0,0,0,0,0,0.99912,0,-0.041876,0,0,-0.5236,0
0,0,1,0,0,0,0,0,0,0.99889,0,-0.047106,0,0,-0.5236,0
0,0,1,0,0,0,0,0,0,0.99863,0,-0.052336,0,0,-0.5236,0
0,0,1,0,0,0,0,0,0,0.99834,0,-0.057564,0,0,-0.5236,0
0,0,1,0,0,0,0,0,0,0.99803,0,-0.062791,0,0,-0.5236,0
0,0,1,0,0,0,0,0,0,0.99768,0,-0.068015,0,0,-0.5236,0
0,0,1,0,0,0,0,0,0,0.99731,0,-0.073238,0,0,-0.5236,0
0,0,1,0,0,0,0,0,0,0.99692,0,-0.078459,0,0,-0.5236,0
0,0,1,0,0,0,0,0,0,0.99649,0,-0.083678,0,0,-0.5236,0
0,0,1,0,0,0,0,0,0,0.99604,0,-0.088894,0,0,-0.5236,0
0,0,1,0,0,0,0,0,0,0.99556,0,-0.094108,0,0,-0.5236,0
0,0,1,0,0,0,0,0,0,0.99506,0,-0.09932,0,0,-0.5236,0
0,0,1,0,0,0,0,0,0,0.99452,0,-0.10453,0,0,-0.5236,0
0,0,1,0,0,0,0,0,0,0.99396,0,-0.10973,0,0,-0.5236,0
0,0,1,0,0,0,0,0,0,0.99337,0,-0.11494,0,0,-0.5236,0
0,0,1,0,0,0,0,0,0,0.99276,0,-0.12014,0,0,-0.5236,0
0,0,1,0,0,0,0,0,0,0.99211,0,-0.12533,0,0,-0.5236,0
0,0,1,0,0,0,0,0,0,0.99144,0,-0.13053,0,0,-0.5236,0
0,0,1,0,0,0,0,0,0,0.99075,0,-0.13572,0,0,-0.5236,0
0,0,1,0,0,0,0,0,0,0.99002,0,-0.1409,0,0,-0.5236,0
0,0,1,0,0,0,0,0,0,0.98927,0,-0.14608,0,0,-0.5236,0
0,0,1,0,0,0,0,0,0,0.98849,0,-0.15126,0,0,-0.5236,0
0,0,1,0,0,0,0,0,0,0.98769,0,-0.15643,0,0,-0.5236,0
0,0,1,0,0,0,0,0,0,0.98686,0,-0.1616,0,0,-0.5236,0
0,0,1,0,0,0,0,0,0,0.986,0,-0.16677,0,0,-0.5236,0
0,0,1,0,0,0,0,0,0,0.98511,0,-0.17193,0,0,-0.5236,0
0,0,1,0,0,0,0,0,0,0.9842,0,-0.17708,0,0,-0.5236,0
0,0,1,0,0,0,0,0,0,0.98325,0,-0.18224,0,0,-0.5236,0
0,0,1,0,0,0,0,0,0,0.98229,0,-0.18738,0,0,-0.5236,0
0,0,1,0,0,0,0,0,0,0.98129,0,-0.19252,0,0,-0.5236,0
0,0,1,0,0,0,0,0,0,0.98027,0,-0.19766,0,0,-0.5236,0
0,0,1,0,0,0,0,0,0,0.97922,0,-0.20279,0,0,-0.5236,0
0,0,1,0,0,0,0,0,0,0.97815,0,-0.20791,0,0,-0.5236,0
0,0,1,0,0,0,0,0,0,0.97705,0,-0.21303,0,0,-0.5236,0
0,0,1,0,0,0,0,0,0,0.97592,0,-0.21814,0,0,-0.5236,0
0,0,1,0,0,0,0,0,0,0.97476,0,-0.22325,0,0,-0.5236,0
0,0,1,0,0,0,0,0,0,0.97358,0,-0.22835,0,0,-0.5236,0
0,0,1,0,0,0,0,0,0,0.97237,0,-0.23345,0,0,-0.5236,0
0,0,1,0,0,0,0,0,0,0.97113,0,-0.23853,0,0,-0.5236,0
0,0,1,0,0,0,0,0,0,0.96987,0,-0.24362,0,0,-0.5236,0
0,0,1,0,0,0,0,0,0,0.96858,0,-0.24869,0,0,-0.5236,0
0,0,1,0,0,0,0,0,0,0.96727,0,-0.25376,0,0,-0.5236,0
0,0,1,0,0,0,0,0,0,0.96593,0,-0.25882,0,0,-0.5236,0
0,0,1,0,0,0,0,0,0,0.96456,0,-0.26387,0,0,-0.5236,0
0,0,1,0,0,0,0,0,0,0.96316,0,-0.26892,0,0,-0.5236,0
0,0,1,0,0,0,0,0,0,0.96174,0,-0.27396,0,0,-0.5236,0
0,0,1,0,0,0,0,0,0,0.96029,0,-0.27899,0,0,-0.5236,0
0,0,1,0,0,0,0,0,0,0.95882,0,-0.28402,0,0,-0.5236,0
0,0,1,0,0,0,0,0,0,0.95732,0,-0.28903,0,0,-0.5236,0
0,0,1,0,0,0,0,0,0,0.95579,0,-0.29404,0,0,-0.5236,0
0,0,1,0,0,0,0,0,0,0.95424,0,-0.29904,0,0,-0.5236,0
0,0,1,0,0,0,0,0,0,0.95266,0,-0.30403,0,0,-0.5236,0
0,0,1,0,0,0,0,0,0,0.95106,0,-0.30902,0,0,-0.5236,0
0,0,1,0,0,0,0,0,0,0.94943,0,-0.31399,0,0,-0.5236,0
0,0,1,0,0,0,0,0,0,0.94777,0,-0.31896,0,0,-0.5236,0
0,0,1,0,0,0,0,0,0,0.94609,0,-0.32392,0,0,-0.5236,0
0,0,1,0,0,0,0,0,0,0.94438,0,-0.32887,0,0,-0.5236,0
0,0,1,0,0,0,0,0,0,0.94264,0,-0.33381,0,0,-0.5236,0
0,0,1,0,0,0,0,0,0,0.94088,0,-0.33874,0,0,-0.5236,0
0,0,1,0,0,0,0,0,0,0.93909,0,-0.34366,0,0,-0.5236,0
0,0,1,0,0,0,0,0,0,0.93728,0,-0.34857,0,0,-0.5236,0
0,0,1,0,0,0,0,0,0,0.93544,0,-0.35347,0,0,-0.5236,0
0,0,1,0,0,0,0,0,0,0.93358,0,-0.35837,0,0,-0.5236,0
0,0,1,0,0,0,0,0,0,0.93169,0,-0.36325,0,0,-0.5236,0
0,0,1,0,0,0,0,0,0,0.92978,0,-0.36812,0,0,-0.5236,0
0,0,1,0,0,0,0,0,0,0.92784,0,-0.37299,0,0,-0.5236,0
0,0,1,0,0,0,0,0,0,0.92587,0,-0.37784,0,0,-0.5236,0
0,0,1,0,0,0,0,0,0,0.92587,0,-0.37784,0,0,0,0
0,0,1,0,0,0,0,0,0,0.92587,0,-0.37784,0,0,0,0
0,0,1,0,0,0,0,0,0,0.92587,0,-0.37784,0,0,0,0
0,0,1,0,0,0,0,0,0,0.92587,0,-0.37784,0,0,0,0
0,0,1,0,0,0,0,0,0,0.92587,0,-0.37784,0,0,0,0
0,0,1,0,0,0,0,0,0,0.92587,0,-0.37784,0,0,0,0
0,0,1,0,0,0,0,0,0,0.92587,0,-0.37784,0,0,0,0
0,0,1,0,0,0,0,0,0,0.92587,0,-0.37784,0,0,0,0
0,0,1,0,0,0,0,0,0,0.92587,0,-0.37784,0,0,0,0
0,0,1,0,0,0,0,0,0,0.92587,0,-0.37784,0,0,0,0
0,0,1,0,0,0,0,0,0,0.92587,0,-0.37784,0,0,0,0
0,0,1,0,0,0,0,0,0,0.92587,0,-0.37784,0,0,0,0
0,0,1,0,0,0,0,0,0,0.92587,0,-0.37784,0,0,0,0
0,0,1,0,0,0,0,0,0,0.92587,0,-0.37784,0,0,0,0
0,0,1,0,0,0,0,0,0,0.92587,0,-0.37784,0,0,0,0
0,0,1,0,0,0,0,0,0,0.92587,0,-0.37784,0,0,0,0
0,0,1,0,0,0,0,0,0,0.92587,0,-0.37784,0,0,0,0
0,0,1,0,0,0,0,0,0,0.92587,0,-0.37784,0,0,0,0
0,0,1,0,0,0,0,0,0,0.92587,0,-0.37784,0,0,0,0
0,0,1,0,0,0,0,0,0,0.92587,0,-0.37784,0,0,0,0
0,0,1,0,0,0,0,0,0,0.92587,0,-0.37784,0,0,0,0
0,0,1,0,0,0,0,0,0,0.92587,0,-0.37784,0,0,0,0
0,0,1,0,0,0,0,0,0,0.92587,0,-0.37784,0,0,0,0
0,0,1,0,0,0,0,0,0,0.92587,0,-0.37784,0,0,0,0
0,0,1,0,0,0,0,0,0,0.92587,0,-0.37784,0,0,0,0
0,0,1,0,0,0,0,0,0,0.92587,0,-0.37784,0,0,0,0
0,0,1,0,0,0,0,0,0,0.92587,0,-0.37784,0,0,0,0
0,0,1,0,0,0,0,0,0,0.92587,0,-0.37784,0,0,0,0
0,0,1,0,0,0,0,0,0,0.92587,0,-0.37784,0,0,0,0
0,0,1,0,0,0,0,0,0,0.92587,0,-0.37784,0,0,0,0
0,0,1,0,0,0,0,0,0,0.92587,0,-0.37784,0,0,0,0
0,0,1,0,0,0,0,0,0,0.92587,0,-0.37784,0,0,0,0
0,0,1,0,0,0,0,0,0,0.92587,0,-0.37784,0,0,0,0
0,0,1,0,0,0,0,0,0,0.92587,0,-0.37784,0,0,0,0
0,0,1,0,0,0,0,0,0,0.92587,0,-0.37784,0,0,0,0
0,0,1,0,0,0,0,0,0,0.92587,0,-0.37784,0,0,0,0
0,0,1,0,0,0,0,0,0,0.92587,0,-0.37784,0,0,0,0
0,0,1,0,0,0,0,0,0,0.92587,0,-0.37784,0,0,0,0
0,0,1,0,0,0,0,0,0,0.92587,0,-0.37784,0,0,0,0
0,0,1,0,0,0,0,0,0,0.92587,0,-0.37784,0,0,0,0
0,0,1,0,0,0,0,0,0,0.92587,0,-0.37784,0,0,0,0
0,0,1,0,0,0,0,0,0,0.92587,0,-0.37784,0,0,0,0
0,0,1,0,0,0,0,0,0,0.92587,0,-0.37784,0,0,0,0
0,0,1,0,0,0,0,0,0,0.92587,0,-0.37784,0,0,0,0
0,0,1,0,0,0,0,0,0,0.92587,0,-0.37784,0,0,0,0
0,0,1,0,0,0,0,0,0,0.92587,0,-0.37784,0,0,0,0
0,0,1,0,0,0,0,0,0,0.92587,0,-0.37784,0,0,0,0
0,0,1,0,0,0,0,0,0,0.92587,0,-0.37784,0,0,0,0
0,0,1,0,0,0,0,0,0,0.92587,0,-0.37784,0,0,0,0
0,0,1,0,0,0,0,0,0,0.92587,0,-0.37784,0,0,0,0
0,0,1,0,0,0,0,0,0,0.92587,0,-0.37784,0,0,0,0
0,0,1,0,0,0,0,0,0,0.92587,0,-0.37784,0,0,0,0
0,0,1,0,0,0,0,0,0,0.92587,0,-0.37784,0,0,0,0
0,0,1,0,0,0,0,0,0,0.92587,0,-0.37784,0,0,0,0
0,0,1,0,0,0,0,0,0,0.92587,0,-0.37784,0,0,0,0
0,0,1,0,0,0,0,0,0,0.92587,0,-0.37784,0,0,0,0
0,0,1,0,0,0,0,0,0,0.92587,0,-0.37784,0,0,0,0
0,0,1,0,0,0,0,0,0,0.92587,0,-0.37784,0,0,0,0
0,0,1,0,0,0,0,0,0,0.92587,0,-0.37784,0,0,0,0
0,0,1,0,0,0,0,0,0,0.92587,0,-0.37784,0,0,0,0
0,0,1,0,0,0,0,0,0,0.92587,0,-0.37784,0,0,0,0
0,0,1,0,0,0,0,0,0,0.92587,0,-0.37784,0,0,0,0
0,0,1,0,0,0,0,0,0,0.92587,0,-0.37784,0,0,0,0
0,0,1,0,0,0,0,0,0,0.92587,0,-0.37784,0,0,0,0
0,0,1,0,0,0,0,0,0,0.92587,0,-0.37784,0,0,0,0
0,0,1,0,0,0,0,0,0,0.92587,0,-0.37784,0,0,0,0
0,0,1,0,0,0,0,0,0,0.92587,0,-0.37784,0,0,0,0
0,0,1,0,0,0,0,0,0,0.92587,0,-0.37784,0,0,0,0
0,0,1,0,0,0,0,0,0,0.92587,0,-0.37784,0,0,0,0
0,0,1,0,0,0,0,0,0,0.92587,0,-0.37784,0,0,0,0
0,0,1,0,0,0,0,0,0,0.92587,0,-0.37784,0,0,0,0
0,0,1,0,0,0,0,0,0,0.92587,0,-0.37784,0,0,0,0
0,0,1,0,0,0,0,0,0,0.92587,0,-0.37784,0,0,0,0
0,0,1,0,0,0,0,0,0,0.92587,0,-0.37784,0,0,0,0
0,0,1,0,0,0,0,0,0,0.92587,0,-0.37784,0,0,0,0
0,0,1,0,0,0,0,0,0,0.92587,0,-0.37784,0,0,0,0
0,0,1,0,0,0,0,0,0,0.92587,0,-0.37784,0,0,0,0
0,0,1,0,0,0,0,0,0,0.92587,0,-0.37784,0,0,0,0
0,0,1,0,0,0,0,0,0,0.92587,0,-0.37784,0,0,0,0
0,0,1,0,0,0,0,0,0,0.92587,0,-0.37784,0,0,0,0
0,0,1,0,0,0,0,0,0,0.92587,0,-0.37784,0,0,0,0
0,0,1,0,0,0,0,0,0,0.92587,0,-0.37784,0,0,0,0
0,0,1,0,0,0,0,0,0,0.92587,0,-0.37784,0,0,0,0
0,0,1,0,0,0,0,0,0,0.92587,0,-0.37784,0,0,0,0
0,0,1,0,0,0,0,0,0,0.92587,0,-0.37784,0,0,0,0
0,0,1,0,0,0,0,0,0,0.92587,0,-0.37784,0,0,0,0
0,0,1,0,0,0,0,0,0,0.92587,0,-0.37784,0,0,0,0
0,0,1,0,0,0,0,0,0,0.92587,0,-0.37784,0,0,0,0
0,0,1,0,0,0,0,0,0,0.92587,0,-0.37784,0,0,0,0
0,0,1,0,0,0,0,0,0,0.92587,0,-0.37784,0,0,0,0
0,0,1,0,0,0,0,0,0,0.92587,0,-0.37784,0,0,0,0
0,0,1,0,0,0,0,0,0,0.92587,0,-0.37784,0,0,0,0
0,0,1,0,0,0,0,0,0,0.92587,0,-0.37784,0,0,0,0
0,0,1,0,0,0,0,0,0,0.92587,0,-0.37784,0,0,0,0
0,0,1,0,0,0,0,0,0,0.92587,0,-0.37784,0,0,0,0
0,0,1,0,0,0,0,0,0,0.92587,0,-0.37784,0,0,0,0
0,0,1,0,0,0,0,0,0,0.92587,0,-0.37784,0,0,0,0
0,0,1,0,0,0,0,0,0,0.92587,0,-0.37784,0,0,0,0
0,0,1,0,0,0,0,0,0,0.92587,0,-0.37784,0,0,0,0
0,0,1,0,0,0,0,0,0,0.92587,0,-0.37784,0,0,0,0
0,0,1,0,0,0,0,0,0,0.92587,0,-0.37784,0,0,0,0
0,0,1,0,0,0,0,0,0,0.92587,0,-0.37784,0,0,0,0
0,0,1,0,0,0,0,0,0,0.92587,0,-0.37784,0,0,0,0
0,0,1,0,0,0,0,0,0,0.92587,0,-0.37784,0,0,0,0
0,0,1,0,0,0,0,0,0,0.92587,0,-0.37784,0,0,0,0
0,0,1,0,0,0,0,0,0,0.92587,0,-0.37784,0,0,0,0
0,0,1,0,0,0,0,0,0,0.92587,0,-0.37784,0,0,0,0
0,0,1,0,0,0,0,0,0,0.92587,0,-0.37784,0,0,0,0
0,0,1,0,0,0,0,0,0,0.92587,0,-0.37784,0,0,0,0
0,0,1,0,0,0,0,0,0,0.92587,0,-0.37784,0,0,0,0
0,0,1,0,0,0,0,0,0,0.92587,0,-0.37784,0,0,0,0
0,0,1,0,0,0,0,0,0,0.92587,0,-0.37784,0,0,0,0
0,0,1,0,0,0,0,0,0,0.92587,0,-0.37784,0,0,0,0
0,0,1,0,0,0,0,0,0,0.92587,0,-0.37784,0,0,0,0
0,0,1,0,0,0,0,0,0,0.92587,0,-0.37784,0,0,0,0
0,0,1,0,0,0,0,0,0,0.92587,0,-0.37784,0,0,0,0
0,0,1,0,0,0,0,0,0,0.92587,0,-0.37784,0,0,0,0
0,0,1,0,0,0,0,0,0,0.92587,0,-0.37784,0,0,0,0
0,0,1,0,0,0,0,0,0,0.92587,0,-0.37784,0,0,0,0
0,0,1,0,0,0,0,0,0,0.92587,0,-0.37784,0,0,0,0
0,0,1,0,0,0,0,0,0,0.92587,0,-0.37784,0,0,0,0
0,0,1,0,0,0,0,0,0,0.92587,0,-0.37784,0,0,0,0
0,0,1,0,0,0,0,0,0,0.92587,0,-0.37784,0,0,0,0
0,0,1,0,0,0,0,0,0,0.92587,0,-0.37784,0,0,0,0
0,0,1,0,0,0,0,0,0,0.92587,0,-0.37784,0,0,0,0
0,0,1,0,0,0,0,0,0,0.92587,0,-0.37784,0,0,0,0
0,0,1,0,0,0,0,0,0,0.92587,0,-0.37784,0,0,0,0
0,0,1,0,0,0,0,0,0,0.92587,0,-0.37784,0,0,0,0
0,0,1,0,0,0,0,0,0,0.92587,0,-0.37784,0,0,0,0
0,0,1,0,0,0,0,0,0,0.92587,0,-0.37784,0,0,0,0
0,0,1,0,0,0,0,0,0,0.92587,0,-0.37784,0,0,0,0
0,0,1,0,0,0,0,0,0,0.92587,0,-0.37784,0,0,0,0
0,0,1,0,0,0,0,0,0,0.92587,0,-0.37784,0,0,0,0
0,0,1,0,0,0,0,0,0,0.92587,0,-0.37784,0,0,0,0
0,0,1,0,0,0,0,0,0,0.92587,0,-0.37784,0,0,0,0
0,0,1,0,0,0,0,0,0,0.92587,0,-0.37784,0,0,0,0
0,0,1,0,0,0,0,0,0,0.92587,0,-0.37784,0,0,0,0
0,0,1,0,0,0,0,0,0,0.92587,0,-0.37784,0,0,0,0
0,0,1,0,0,0,0,0,0,0.92587,0,-0.37784,0,0,0,0
0,0,1,0,0,0,0,0,0,0.92587,0,-0.37784,0,0,0,0
0,0,1,0,0,0,0,0,0,0.92587,0,-0.37784,0,0,0,0
0,0,1,0,0,0,0,0,0,0.92587,0,-0.37784,0,0,0,0
0,0,1,0,0,0,0,0,0,0.92587,0,-0.37784,0,0,0,0
0,0,1,0,0,0,0,0,0,0.92587,0,-0.37784,0,0,0,0
0,0,1,0,0,0,0,0,0,0.92587,0,-0.37784,0,0,0,0
0,0,1,0,0,0,0,0,0,0.92587,0,-0.37784,0,0,0,0
0,0,1,0,0,0,0,0,0,0.92587,0,-0.37784,0,0,0,0
0,0,1,0,0,0,0,0,0,0.92587,0,-0.37784,0,0,0,0
0,0,1,0,0,0,0,0,0,0.92587,0,-0.37784,0,0,0,0
0,0,1,0,0,0,0,0,0,0.92587,0,-0.37784,0,0,0,0
0,0,1,0,0,0,0,0,0,0.92587,0,-0.37784,0,0,0,0
0,0,1,0,0,0,0,0,0,0.92587,0,-0.37784,0,0,0,0
0,0,1,0,0,0,0,0,0,0.92587,0,-0.37784,0,0,0,0
0,0,1,0,0,0,0,0,0,0.92587,0,-0.37784,0,0,0,0
0,0,1,0,0,0,0,0,0,0.92587,0,-0.37784,0,0,0,0
0,0,1,0,0,0,0,0,0,0.92587,0,-0.37784,0,0,0,0
0,0,1,0,0,0,0,0,0,0.92587,0,-0.37784,0,0,0,0
0,0,1,0,0,0,0,0,0,0.92587,0,-0.37784,0,0,0,0
0,0,1,0,0,0,0,0,0,0.92587,0,-0.37784,0,0,0,0
0,0,1,0,0,0,0,0,0,0.92587,0,-0.37784,0,0,0,0
0,0,1,0,0,0,0,0,0,0.92587,0,-0.37784,0,0,0,0
0,0,1,0,0,0,0,0,0,0.92587,0,-0.37784,0,0,0,0
0,0,1,0,0,0,0,0,0,0.92587,0,-0.37784,0,0,0,0
0,0,1,0,0,0,0,0,0,0.92587,0,-0.37784,0,0,0,0
0,0,1,0,0,0,0,0,0,0.92587,0,-0.37784,0,0,0,0
0,0,1,0,0,0,0,0,0,0.92587,0,-0.37784,0,0,0,0
0,0,1,0,0,0,0,0,0,0.92587,0,-0.37784,0,0,0,0
0,0,1,0,0,0,0,0,0,0.92587,0,-0.37784,0,0,0,0
0,0,1,0,0,0,0,0,0,0.92587,0,-0.37784,0,0,0,0
0,0,1,0,0,0,0,0,0,0.92587,0,-0.37784,0,0,0,0
0,0,1,0,0,0,0,0,0,0.92587,0,-0.37784,0,0,0,0
0,0,1,0,0,0,0,0,0,0.92587,0,-0.37784,0,0,0,0
0,0,1,0,0,0,0,0,0,0.92587,0,-0.37784,0,0,0,0
0,0,1,0,0,0,0,0,0,0.92587,0,-0.37784,0,0,0,0
0,0,1,0,0,0,0,0,0,0.92587,0,-0.37784,0,0,0,0
0,0,1,0,0,0,0,0,0,0.92587,0,-0.37784,0,0,0,0
0,0,1,0,0,0,0,0,0,0.92587,0,-0.37784,0,0,0,0
0,0,1,0,0,0,0,0,0,0.92587,0,-0.37784,0,0,0,0
0,0,1,0,0,0,0,0,0,0.92587,0,-0.37784,0,0,0,0
0,0,1,0,0,0,0,0,0,0.92587,0,-0.37784,0,0,0,0
0,0,1,0,0,0,0,0,0,0.92587,0,-0.37784,0,0,0,0
0,0,1,0,0,0,0,0,0,0.92587,0,-0.37784,0,0,0,0
0,0,1,0,0,0,0,0,0,0.92587,0,-0.37784,0,0,0,0
0,0,1,0,0,0,0,0,0,0.92587,0,-0.37784,0,0,0,0
0,0,1,0,0,0,0,0,0,0.92587,0,-0.37784,0,0,0,0
0,0,1,0,0,0,0,0,0,0.92587,0,-0.37784,0,0,0,0
0,0,1,0,0,0,0,0,0,0.92587,0,-0.37784,0,0,0,0
0,0,1,0,0,0,0,0,0,0.92587,0,-0.37784,0,0,0,0
0,0,1,0,0,0,0,0,0,0.92587,0,-0.37784,0,0,0,0
0,0,1,0,0,0,0,0,0,0.92587,0,-0.37784,0,0,0,0
0,0,1,0,0,0,0,0,0,0.92587,0,-0.37784,0,0,0,0
0,0,1,0,0,0,0,0,0,0.92587,0,-0.37784,0,0,0,0
0,0,1,0,0,0,0,0,0,0.92587,0,-0.37784,0,0,0,0
0,0,1,0,0,0,0,0,0,0.92587,0,-0.37784,0,0,0,0
0,0,1,0,0,0,0,0,0,0.92587,0,-0.37784,0,0,0,0
0,0,1,0,0,0,0,0,0,0.92587,0,-0.37784,0,0,0,0
0,0,1,0,0,0,0,0,0,0.92587,0,-0.37784,0,0,0,0
0,0,1,0,0,0,0,0,0,0.92587,0,-0.37784,0,0,0,0
0,0,1,0,0,0,0,0,0,0.92587,0,-0.37784,0,0,0,0
0,0,1,0,0,0,0,0,0,0.92587,0,-0.37784,0,0,0,0
0,0,1,0,0,0,0,0,0,0.92587,0,-0.37784,0,0,0,0
0,0,1,0,0,0,0,0,0,0.92587,0,-0.37784,0,0,0,0
0,0,1,0,0,0,0,0,0,0.92587,0,-0.37784,0,0,0,0
0,0,1,0,0,0,0,0,0,0.92587,0,-0.37784,0,0,0,0
0,0,1,0,0,0,0,0,0,0.92587,0,-0.37784,0,0,0,0
0,0,1,0,0,0,0,0,0,0.92587,0,-0.37784,0,0,0,0
0,0,1,0,0,0,0,0,0,0.92587,0,-0.37784,0,0,0,0
0,0,1,0,0,0,0,0,0,0.92587,0,-0.37784,0,0,0,0
0,0,1,0,0,0,0,0,0,0.92587,0,-0.37784,0,0,0,0
0,0,1,0,0,0,0,0,0,0.92587,0,-0.37784,0,0,0,0
0,0,1,0,0,0,0,0,0,0.92587,0,-0.37784,0,0,0,0
0,0,1,0,0,0,0,0,0,0.92587,0,-0.37784,0,0,0,0
0,0,1,0,0,0,0,0,0,0.92587,0,-0.37784,0,0,0,0
0,0,1,0,0,0,0,0,0,0.92587,0,-0.37784,0,0,0,0
0,0,1,0,0,0,0,0,0,0.92587,0,-0.37784,0,0,0,0
0,0,1,0,0,0,0,0,0,0.92587,0,-0.37784,0,0,0,0
0,0,1,0,0,0,0,0,0,0.92587,0,-0.37784,0,0,0,0
0,0,1,0,0,0,0,0,0,0.92587,0,-0.37784,0,0,0,0
0,0,1,0,0,0,0,0,0,0.92587,0,-0.37784,0,0,0,0
0,0,1,0,0,0,0,0,0,0.92587,0,-0.37784,0,0,0,0
0,0,1,0,0,0,0,0,0,0.92587,0,-0.37784,0,0,0,0
0,0,1,0,0,0,0,0,0,0.92587,0,-0.37784,0,0,0,0
0,0,1,0,0,0,0,0,0,0.92587,0,-0.37784,0,0,0,0
0,0,1,0,0,0,0,0,0,0.92587,0,-0.37784,0,0,0,0
0,0,1,0,0,0,0,0,0,0.92587,0,-0.37784,0,0,0,0
0,0,1,0,0,0,0,0,0,0.92587,0,-0.37784,0,0,0,0
0,0,1,0,0,0,0,0,0,0.92587,0,-0.37784,0,0,0,0
0,0,1,0,0,0,0,0,0,0.92587,0,-0.37784,0,0,0,0
0,0,1,0,0,0,0,0,0,0.92587,0,-0.37784,0,0,0,0
0,0,1,0,0,0,0,0,0,0.92587,0,-0.37784,0,0,0,0
0,0,1,0,0,0,0,0,0,0.92587,0,-0.37784,0,0,0,0
0,0,1,0,0,0,0,0,0,0.92587,0,-0.37784,0,0,0,0
0,0,1,0,0,0,0,0,0,0.92587,0,-0.37784,0,0,0,0
0,0,1,0,0,0,0,0,0,0.92587,0,-0.37784,0,0,0,0
0,0,1,0,0,0,0,0,0,0.92587,0,-0.37784,0,0,0,0
0,0,1,0,0,0,0,0,0,0.92587,0,-0.37784,0,0,0,0
0,0,1,0,0,0,0,0,0,0.92587,0,-0.37784,0,0,0,0
0,0,1,0,0,0,0,0,0,0.92587,0,-0.37784,0,0,0,0
0,0,1,0,0,0,0,0,0,0.92587,0,-0.37784,0,0,0,0
0,0,1,0,0,0,0,0,0,0.92587,0,-0.37784,0,0,0,0
0,0,1,0,0,0,0,0,0,0.92587,0,-0.37784,0,0,0,0
0,0,1,0,0,0,0,0,0,0.92587,0,-0.37784,0,0,0,0
0,0,1,0,0,0,0,0,0,0.92587,0,-0.37784,0,0,0,0
0,0,1,0,0,0,0,0,0,0.92587,0,-0.37784,0,0,0,0
0,0,1,0,0,0,0,0,0,0.92587,0,-0.37784,0,0,0,0
0,0,1,0,0,0,0,0,0,0.92587,0,-0.37784,0,0,0,0
0,0,1,0,0,0,0,0,0,0.92587,0,-0.37784,0,0,0,0
0,0,1,0,0,0,0,0,0,0.92587,0,-0.37784,0,0,0,0
0,0,1,0,0,0,0,0,0,0.92587,0,-0.37784,0,0,0,0
0,0,1,0,0,0,0,0,0,0.92587,0,-0.37784,0,0,0,0
0,0,1,0,0,0,0,0,0,0.92587,0,-0.37784,0,0,0,0
0,0,1,0,0,0,0,0,0,0.92587,0,-0.37784,0,0,0,0
0,0,1,0,0,0,0,0,0,0.92587,0,-0.37784,0,0,0,0
0,0,1,0,0,0,0,0,0,0.92587,0,-0.37784,0,0,0,0
0,0,1,0,0,0,0,0,0,0.92587,0,-0.37784,0,0,0,0
0,0,1,0,0,0,0,0,0,0.92587,0,-0.37784,0,0,0,0
0,0,1,0,0,0,0,0,0,0.92587,0,-0.37784,0,0,0,0
0,0,1,0,0,0,0,0,0,0.92587,0,-0.37784,0,0,0,0
0,0,1,0,0,0,0,0,0,0.92587,0,-0.37784,0,0,0,0
0,0,1,0,0,0,0,0,0,0.92587,0,-0.37784,0,0,0,0
0,0,1,0,0,0,0,0,0,0.92587,0,-0.37784,0,0,0,0
0,0,1,0,0,0,0,0,0,0.92587,0,-0.37784,0,0,0,0
0,0,1,0,0,0,0,0,0,0.92587,0,-0.37784,0,0,0,0
0,0,1,0,0,0,0,0,0,0.92587,0,-0.37784,0,0,0,0
0,0,1,0,0,0,0,0,0,0.92587,0,-0.37784,0,0,0,0
0,0,1,0,0,0,0,0,0,0.92587,0,-0.37784,0,0,0,0
0,0,1,0,0,0,0,0,0,0.92587,0,-0.37784,0,0,0,0
0,0,1,0,0,0,0,0,0,0.92587,0,-0.37784,0,0,0,0
0,0,1,0,0,0,0,0,0,0.92587,0,-0.37784,0,0,0,0
0,0,1,0,0,0,0,0,0,0.92587,0,-0.37784,0,0,0,0
0,0,1,0,0,0,0,0,0,0.92587,0,-0.37784,0,0,0,0
0,0,1,0,0,0,0,0,0,0.92587,0,-0.37784,0,0,0,0
0,0,1,0,0,0,0,0,0,0.92587,0,-0.37784,0,0,0,0
0,0,1,0,0,0,0,0,0,0.92587,0,-0.37784,0,0,0,0
0,0,1,0,0,0,0,0,0,0.92587,0,-0.37784,0,0,0,0
0,0,1,0,0,0,0,0,0,0.92587,0,-0.37784,0,0,0,0
0,0,1,0,0,0,0,0,0,0.92587,0,-0.37784,0,0,0,0
0,0,1,0,0,0,0,0,0,0.92587,0,-0.37784,0,0,0,0
0,0,1,0,0,0,0,0,0,0.92587,0,-0.37784,0,0,0,0
0,0,1,0,0,0,0,0,0,0.92587,0,-0.37784,0,0,0,0
0,0,1,0,0,0,0,0,0,0.92587,0,-0.37784,0,0,0,0
0,0,1,0,0,0,0,0,0,0.92587,0,-0.37784,0,0,0,0
0,0,1,0,0,0,0,0,0,0.92587,0,-0.37784,0,0,0,0
0,0,1,0,0,0,0,0,0,0.92587,0,-0.37784,0,0,0,0
0,0,1,0,0,0,0,0,0,0.92587,0,-0.37784,0,0,0,0
0,0,1,0,0,0,0,0,0,0.92587,0,-0.37784,0,0,0,0
0,0,1,0,0,0,0,0,0,0.92587,0,-0.37784,0,0,0,0
0,0,1,0,0,0,0,0,0,0.92587,0,-0.37784,0,0,0,0
0,0,1,0,0,0,0,0,0,0.92587,0,-0.37784,0,0,0,0
0,0,1,0,0,0,0,0,0,0.92587,0,-0.37784,0,0,0,0
0,0,1,0,0,0,0,0,0,0.92587,0,-0.37784,0,0,0,0
0,0,1,0,0,0,0,0,0,0.92587,0,-0.37784,0,0,0,0
0,0,1,0,0,0,0,0,0,0.92587,0,-0.37784,0,0,0,0
0,0,1,0,0,0,0,0,0,0.92587,0,-0.37784,0,0,0,0
0,0,1,0,0,0,0,0,0,0.92587,0,-0.37784,0,0,0,0
0,0,1,0,0,0,0,0,0,0.92587,0,-0.37784,0,0,0,0
0,0,1,0,0,0,0,0,0,0.92587,0,-0.37784,0,0,0,0
0,0,1,0,0,0,0,0,0,0.92587,0,-0.37784,0,0,0,0
0,0,1,0,0,0,0,0,0,0.92587,0,-0.37784,0,0,0,0
0,0,1,0,0,0,0,0,0,0.92587,0,-0.37784,0,0,0,0
0,0,1,0,0,0,0,0,0,0.92587,0,-0.37784,0,0,0,0
0,0,1,0,0,0,0,0,0,0.92587,0,-0.37784,0,0,0,0
0,0,1,0,0,0,0,0,0,0.92587,0,-0.37784,0,0,0,0
0,0,1,0,0,0,0,0,0,0.92587,0,-0.37784,0,0,0,0
0,0,1,0,0,0,0,0,0,0.92587,0,-0.37784,0,0,0,0
0,0,1,0,0,0,0,0,0,0.92587,0,-0.37784,0,0,0,0
0,0,1,0,0,0,0,0,0,0.92587,0,-0.37784,0,0,0,0
0,0,1,0,0,0,0,0,0,0.92587,0,-0.37784,0,0,0,0
0,0,1,0,0,0,0,0,0,0.92587,0,-0.37784,0,0,0,0
0,0,1,0,0,0,0,0,0,0.92587,0,-0.37784,0,0,0,0
0,0,1,0,0,0,0,0,0,0.92587,0,-0.37784,0,0,0,0
0,0,1,0,0,0,0,0,0,0.92587,0,-0.37784,0,0,0,0
0,0,1,0,0,0,0,0,0,0.92587,0,-0.37784,0,0,0,0
0,0,1,0,0,0,0,0,0,0.92587,0,-0.37784,0,0,0,0
0,0,1,0,0,0,0,0,0,0.92587,0,-0.37784,0,0,0,0
0,0,1,0,0,0,0,0,0,0.92587,0,-0.37784,0,0,0,0
0,0,1,0,0,0,0,0,0,0.92587,0,-0.37784,0,0,0,0
0,0,1,0,0,0,0,0,0,0.92587,0,-0.37784,0,0,0,0
0,0,1,0,0,0,0,0,0,0.92587,0,-0.37784,0,0,0,0
0,0,1,0,0,0,0,0,0,0.92587,0,-0.37784,0,0,0,0
0,0,1,0,0,0,0,0,0,0.92587,0,-0.37784,0,0,0,0
0,0,1,0,0,0,0,0,0,0.92587,0,-0.37784,0,0,0,0
0,0,1,0,0,0,0,0,0,0.92587,0,-0.37784,0,0,0,0
0,0,1,0,0,0,0,0,0,0.92587,0,-0.37784,0,0,0,0
0,0,1,0,0,0,0,0,0,0.92587,0,-0.37784,0,0,0,0
0,0,1,0,0,0,0,0,0,0.92587,0,-0.37784,0,0,0,0
0,0,1,0,0,0,0,0,0,0.92587,0,-0.37784,0,0,0,0
0,0,1,0,0,0,0,0,0,0.92587,0,-0.37784,0,0,0,0
0,0,1,0,0,0,0,0,0,0.92587,0,-0.37784,0,0,0,0
0,0,1,0,0,0,0,0,0,0.92587,0,-0.37784,0,0,0,0
0,0,1,0,0,0,0,0,0,0.92587,0,-0.37784,0,0,0,0
0,0,1,0,0,0,0,0,0,0.92587,0,-0.37784,0,0,0,0
0,0,1,0,0,0,0,0,0,0.92587,0,-0.37784,0,0,0,0
0,0,1,0,0,0,0,0,0,0.92587,0,-0.37784,0,0,0,0
0,0,1,0,0,0,0,0,0,0.92587,0,-0.37784,0,0,0,0
0,0,1,0,0,0,0,0,0,0.92587,0,-0.37784,0,0,0,0
0,0,1,0,0,0,0,0,0,0.92587,0,-0.37784,0,0,0,0
0,0,1,0,0,0,0,0,0,0.92587,0,-0.37784,0,0,0,0
0,0,1,0,0,0,0,0,0,0.92587,0,-0.37784,0,0,0,0
0,0,1,0,0,0,0,0,0,0.92587,0,-0.37784,0,0,0,0
0,0,1,0,0,0,0,0,0,0.92587,0,-0.37784,0,0,0,0
0,0,1,0,0,0,0,0,0,0.92587,0,-0.37784,0,0,0,0
0,0,1,0,0,0,0,0,0,0.92587,0,-0.37784,0,0,0,0
0,0,1,0,0,0,0,0,0,0.92587,0,-0.37784,0,0,0,0
0,0,1,0,0,0,0,0,0,0.92587,0,-0.37784,0,0,0,0
0,0,1,0,0,0,0,0,0,0.92587,0,-0.37784,0,0,0,0
0,0,1,0,0,0,0,0,0,0.92587,0,-0.37784,0,0,0,0
0,0,1,0,0,0,0,0,0,0.92587,0,-0.37784,0,0,0,0
0,0,1,0,0,0,0,0,0,0.92587,0,-0.37784,0,0,0,0
0,0,1,0,0,0,0,0,0,0.92587,0,-0.37784,0,0,0,0
0,0,1,0,0,0,0,0,0,0.92587,0,-0.37784,0,0,0,0
0,0,1,0,0,0,0,0,0,0.92587,0,-0.37784,0,0,0,0
0,0,1,0,0,0,0,0,0,0.92587,0,-0.37784,0,0,0,0
0,0,1,0,0,0,0,0,0,0.92587,0,-0.37784,0,0,0,0
0,0,1,0,0,0,0,0,0,0.92587,0,-0.37784,0,0,0,0
0,0,1,0,0,0,0,0,0,0.92587,0,-0.37784,0,0,0,0
0,0,1,0,0,0,0,0,0,0.92587,0,-0.37784,0,0,0,0
0,0,1,0,0,0,0,0,0,0.92587,0,-0.37784,0,0,0,0
0,0,1,0,0,0,0,0,0,0.92587,0,-0.37784,0,0,0,0
0,0,1,0,0,0,0,0,0,0.92587,0,-0.37784,0,0,0,0
0,0,1,0,0,0,0,0,0,0.92587,0,-0.37784,0,0,0,0
0,0,1,0,0,0,0,0,0,0.92587,0,-0.37784,0,0,0,0
0,0,1,0,0,0,0,0,0,0.92587,0,-0.37784,0,0,0,0
0,0,1,0,0,0,0,0,0,0.92587,0,-0.37784,0,0,0,0
0,0,1,0,0,0,0,0,0,0.92587,0,-0.37784,0,0,0,0
0,0,1,0,0,0,0,0,0,0.92587,0,-0.37784,0,0,0,0
0,0,1,0,0,0,0,0,0,0.92587,0,-0.37784,0,0,0,0
0,0,1,0,0,0,0,0,0,0.92587,0,-0.37784,0,0,0,0
0,0,1,0,0,0,0,0,0,0.92587,0,-0.37784,0,0,0,0
0,0,1,0,0,0,0,0,0,0.92587,0,-0.37784,0,0,0,0
0,0,1,0,0,0,0,0,0,0.92587,0,-0.37784,0,0,0,0
0,0,1,0,0,0,0,0,0,0.92587,0,-0.37784,0,0,0,0
0,0,1,0,0,0,0,0,0,0.92587,0,-0.37784,0,0,0,0
0,0,1,0,0,0,0,0,0,0.92587,0,-0.37784,0,0,0,0
0,0,1,0,0,0,0,0,0,0.92587,0,-0.37784,0,0,0,0
0,0,1,0,0,0,0,0,0,0.92587,0,-0.37784,0,0,0,0
0,0,1,0,0,0,0,0,0,0.92587,0,-0.37784,0,0,0,0
0,0,1,0,0,0,0,0,0,0.92587,0,-0.37784,0,0,0,0
0,0,1,0,0,0,0,0,0,0.92587,0,-0.37784,0,0,0,0
0,0,1,0,0,0,0,0,0,0.92587,0,-0.37784,0,0,0,0
0,0,1,0,0,0,0,0,0,0.92587,0,-0.37784,0,0,0,0
0,0,1,0,0,0,0,0,0,0.92587,0,-0.37784,0,0,0,0
0,0,1,0,0,0,0,0,0,0.92587,0,-0.37784,0,0,0,0
0,0,1,0,0,0,0,0,0,0.92587,0,-0.37784,0,0,0,0
0,0,1,0,0,0,0,0,0,0.92587,0,-0.37784,0,0,0,0
0,0,1,0,0,0,0,0,0,0.92587,0,-0.37784,0,0,0,0
0,0,1,0,0,0,0,0,0,0.92587,0,-0.37784,0,0,0,0
0,0,1,0,0,0,0,0,0,0.92587,0,-0.37784,0,0,0,0
0,0,1,0,0,0,0,0,0,0.92587,0,-0.37784,0,0,0,0
0,0,1,0,0,0,0,0,0,0.92587,0,-0.37784,0,0,0,0
0,0,1,0,0,0,0,0,0,0.92587,0,-0.37784,0,0,0,0
0,0,1,0,0,0,0,0,0,0.92587,0,-0.37784,0,0,0,0
0,0,1,0,0,0,0,0,0,0.92587,0,-0.37784,0,0,0,0
0,0,1,0,0,0,0,0,0,0.92587,0,-0.37784,0,0,0,0
0,0,1,0,0,0,0,0,0,0.92587,0,-0.37784,0,0,0,0
0,0,1,0,0,0,0,0,0,0.92587,0,-0.37784,0,0,0,0
0,0,1,0,0,0,0,0,0,0.92587,0,-0.37784,0,0,0,0
0,0,1,0,0,0,0,0,0,0.92587,0,-0.37784,0,0,0,0
0,0,1,0,0,0,0,0,0,0.92587,0,-0.37784,0,0,0,0
0,0,1,0,0,0,0,0,0,0.92587,0,-0.37784,0,0,0,0
0,0,1,0,0,0,0,0,0,0.92587,0,-0.37784,0,0,0,0
0,0,1,0,0,0,0,0,0,0.92587,0,-0.37784,0,0,0,0
0,0,1,0,0,0,0,0,0,0.92587,0,-0.37784,0,0,0,0
0,0,1,0,0,0,0,0,0,0.92587,0,-0.37784,0,0,0,0
0,0,1,0,0,0,0,0,0,0.92587,0,-0.37784,0,0,0,0
0,0,1,0,0,0,0,0,0,0.92587,0,-0.37784,0,0,0,0
0,0,1,0,0,0,0,0,0,0.92587,0,-0.37784,0,0,0,0
0,0,1,0,0,0,0,0,0,0.92587,0,-0.37784,0,0,0,0
0,0,1,0,0,0,0,0,0,0.92587,0,-0.37784,0,0,0,0
0,0,1,0,0,0,0,0,0,0.92587,0,-0.37784,0,0,0,0
0,0,1,0,0,0,0,0,0,0.92587,0,-0.37784,0,0,0,0
0,0,1,0,0,0,0,0,0,0.92587,0,-0.37784,0,0,0,0
0,0,1,0,0,0,0,0,0,0.92587,0,-0.37784,0,0,0,0
0,0,1,0,0,0,0,0,0,0.92587,0,-0.37784,0,0,0,0
0,0,1,0,0,0,0,0,0,0.92587,0,-0.37784,0,0,0,0
0,0,1,0,0,0,0,0,0,0.92587,0,-0.37784,0,0,0,0
0,0,1,0,0,0,0,0,0,0.92587,0,-0.37784,0,0,0,0
0,0,1,0,0,0,0,0,0,0.92587,0,-0.37784,0,0,0,0
0,0,1,0,0,0,0,0,0,0.92587,0,-0.37784,0,0,0,0
0,0,1,0,0,0,0,0,0,0.92587,0,-0.37784,0,0,0,0
0,0,1,0,0,0,0,0,0,0.92587,0,-0.37784,0,0,0,0
0,0,1,0,0,0,0,0,0,0.92587,0,-0.37784,0,0,0,0
0,0,1,0,0,0,0,0,0,0.92587,0,-0.37784,0,0,0,0
0,0,1,0,0,0,0,0,0,0.92587,0,-0.37784,0,0,0,0
0,0,1,0,0,0,0,0,0,0.92587,0,-0.37784,0,0,0,0
0,0,1,0,0,0,0,0,0,0.92587,0,-0.37784,0,0,0,0
0,0,1,0,0,0,0,0,0,0.92587,0,-0.37784,0,0,0,0
0,0,1,0,0,0,0,0,0,0.92587,0,-0.37784,0,0,0,0
0,0,1,0,0,0,0,0,0,0.92587,0,-0.37784,0,0,0,0
0,0,1,0,0,0,0,0,0,0.92587,0,-0.37784,0,0,0,0
0,0,1,0,0,0,0,0,0,0.92587,0,-0.37784,0,0,0,0
0,0,1,0,0,0,0,0,0,0.92587,0,-0.37784,0,0,0,0
0,0,1,0,0,0,0,0,0,0.92587,0,-0.37784,0,0,0,0
0,0,1,0,0,0,0,0,0,0.92587,0,-0.37784,0,0,0,0
0,0,1,0,0,0,0,0,0,0.92587,0,-0.37784,0,0,0,0
0,0,1,0,0,0,0,0,0,0.92587,0,-0.37784,0,0,0,0
0,0,1,0,0,0,0,0,0,0.92587,0,-0.37784,0,0,0,0
0,0,1,0,0,0,0,0,0,0.92587,0,-0.37784,0,0,0,0
0,0,1,0,0,0,0,0,0,0.92587,0,-0.37784,0,0,0,0
0,0,1,0,0,0,0,0,0,0.92587,0,-0.37784,0,0,0,0
0,0,1,0,0,0,0,0,0,0.92587,0,-0.37784,0,0,0,0
0,0,1,0,0,0,0,0,0,0.92587,0,-0.37784,0,0,0,0
0,0,1,0,0,0,0,0,0,0.92587,0,-0.37784,0,0,0,0
0,0,1,0,0,0,0,0,0,0.92587,0,-0.37784,0,0,0,0
0,0,1,0,0,0,0,0,0,0.92587,0,-0.37784,0,0,0,0
0,0,1,0,0,0,0,0,0,0.92587,0,-0.37784,0,0,0,0
0,0,1,0,0,0,0,0,0,0.92587,0,-0.37784,0,0,0,0
0,0,1,0,0,0,0,0,0,0.92587,0,-0.37784,0,0,0,0
0,0,1,0,0,0,0,0,0,0.92587,0,-0.37784,0,0,0,0
0,0,1,0,0,0,0,0,0,0.92587,0,-0.37784,0,0,0,0
0,0,1,0,0,0,0,0,0,0.92587,0,-0.37784,0,0,0,0
0,0,1,0,0,0,0,0,0,0.92587,0,-0.37784,0,0,0,0
0,0,1,0,0,0,0,0,0,0.92587,0,-0.37784,0,0,0,0
0,0,1,0,0,0,0,0,0,0.92587,0,-0.37784,0,0,0,0
0,0,1,0,0,0,0,0,0,0.92587,0,-0.37784,0,0,0,0
0,0,1,0,0,0,0,0,0,0.92587,0,-0.37784,0,0,0,0
0,0,1,0,0,0,0,0,0,0.92587,0,-0.37784,0,0,0,0
0,0,1,0,0,0,0,0,0,0.92587,0,-0.37784,0,0,0,0
0,0,1,0,0,0,0,0,0,0.92587,0,-0.37784,0,0,0,0
0,0,1,0,0,0,0,0,0,0.92587,0,-0.37784,0,0,0,0
0,0,1,0,0,0,0,0,0,0.92587,0,-0.37784,0,0,0,0
0,0,1,0,0,0,0,0,0,0.92587,0,-0.37784,0,0,0,0
0,0,1,0,0,0,0,0,0,0.92587,0,-0.37784,0,0,0,0
0,0,1,0,0,0,0,0,0,0.92587,0,-0.37784,0,0,0,0
0,0,1,0,0,0,0,0,0,0.92587,0,-0.37784,0,0,0,0
0,0,1,0,0,0,0,0,0,0.92587,0,-0.37784,0,0,0,0
0,0,1,0,0,0,0,0,0,0.92587,0,-0.37784,0,0,0,0
0,0,1,0,0,0,0,0,0,0.92587,0,-0.37784,0,0,0,0
0,0,1,0,0,0,0,0,0,0.92587,0,-0.37784,0,0,0,0
0,0,1,0,0,0,0,0,0,0.92587,0,-0.37784,0,0,0,0
0,0,1,0,0,0,0,0,0,0.92587,0,-0.37784,0,0,0,0
0,0,1,0,0,0,0,0,0,0.92587,0,-0.37784,0,0,0,0
0,0,1,0,0,0,0,0,0,0.92587,0,-0.37784,0,0,0,0
0,0,1,0,0,0,0,0,0,0.92587,0,-0.37784,0,0,0,0
0,0,1,0,0,0,0,0,0,0.92587,0,-0.37784,0,0,0,0
0,0,1,0,0,0,0,0,0,0.92587,0,-0.37784,0,0,0,0
0,0,1,0,0,0,0,0,0,0.92587,0,-0.37784,0,0,0,0
0,0,1,0,0,0,0,0,0,0.92587,0,-0.37784,0,0,0,0
0,0,1,0,0,0,0,0,0,0.92587,0,-0.37784,0,0,0,0
0,0,1,0,0,0,0,0,0,0.92587,0,-0.37784,0,0,0,0
0,0,1,0,0,0,0,0,0,0.92587,0,-0.37784,0,0,0,0
0,0,1,0,0,0,0,0,0,0.92587,0,-0.37784,0,0,0,0
0,0,1,0,0,0,0,0,0,0.92587,0,-0.37784,0,0,0,0
0,0,1,0,0,0,0,0,0,0.92587,0,-0.37784,0,0,0,0
0,0,1,0,0,0,0,0,0,0.92587,0,-0.37784,0,0,0,0
0,0,1,0,0,0,0,0,0,0.92587,0,-0.37784,0,0,0,0
0,0,1,0,0,0,0,0,0,0.92587,0,-0.37784,0,0,0,0
0,0,1,0,0,0,0,0,0,0.92587,0,-0.37784,0,0,0,0
0,0,1,0,0,0,0,0,0,0.92587,0,-0.37784,0,0,0,0
0,0,1,0,0,0,0,0,0,0.92587,0,-0.37784,0,0,0,0
0,0,1,0,0,0,0,0,0,0.92587,0,-0.37784,0,0,0,0
0,0,1,0,0,0,0,0,0,0.92587,0,-0.37784,0,0,0,0
0,0,1,0,0,0,0,0,0,0.92587,0,-0.37784,0,0,0,0
0,0,1,0,0,0,0,0,0,0.92587,0,-0.37784,0,0,0,0
0,0,1,0,0,0,0,0,0,0.92587,0,-0.37784,0,0,0,0
0,0,1,0,0,0,0,0,0,0.92587,0,-0.37784,0,0,0,0
0,0,1,0,0,0,0,0,0,0.92587,0,-0.37784,0,0,0,0
0,0,1,0,0,0,0,0,0,0.92587,0,-0.37784,0,0,0,0
0,0,1,0,0,0,0,0,0,0.92587,0,-0.37784,0,0,0,0
0,0,1,0,0,0,0,0,0,0.92587,0,-0.37784,0,0,0,0
0,0,1,0,0,0,0,0,0,0.92587,0,-0.37784,0,0,0,0
0,0,1,0,0,0,0,0,0,0.92784,0,-0.37299,0,0,0.5236,0
0,0,1,0,0,0,0,0,0,0.92978,0,-0.36812,0,0,0.5236,0
0,0,1,0,0,0,0,0,0,0.93169,0,-0.36325,0,0,0.5236,0
0,0,1,0,0,0,0,0,0,0.93358,0,-0.35837,0,0,0.5236,0
0,0,1,0,0,0,0,0,0,0.93544,0,-0.35347,0,0,0.5236,0
0,0,1,0,0,0,0,0,0,0.93728,0,-0.34857,0,0,0.5236,0
0,0,1,0,0,0,0,0,0,0.93909,0,-0.34366,0,0,0.5236,0
0,0,1,0,0,0,0,0,0,0.94088,0,-0.33874,0,0,0.5236,0
0,0,1,0,0,0,0,0,0,0.94264,0,-0.33381,0,0,0.5236,0
0,0,1,0,0,0,0,0,0,0.94438,0,-0.32887,0,0,0.5236,0
0,0,1,0,0,0,0,0,0,0.94609,0,-0.32392,0,0,0.5236,0
0,0,1,0,0,0,0,0,0,0.94777,0,-0.31896,0,0,0.5236,0
0,0,1,0,0,0,0,0,0,0.94943,0,-0.31399,0,0,0.5236,0
0,0,1,0,0,0,0,0,0,0.95106,0,-0.30902,0,0,0.5236,0
0,0,1,0,0,0,0,0,0,0.95266,0,-0.30403,0,0,0.5236,0
0,0,1,0,0,0,0,0,0,0.95424,0,-0.29904,0,0,0.5236,0
0,0,1,0,0,0,0,0,0,0.95579,0,-0.29404,0,0,0.5236,0
0,0,1,0,0,0,0,0,0,0.95732,0,-0.28903,0,0,0.5236,0
0,0,1,0,0,0,0,0,0,0.95882,0,-0.28402,0,0,0.5236,0
0,0,1,0,0,0,0,0,0,0.96029,0,-0.27899,0,0,0.5236,0
0,0,1,0,0,0,0,0,0,0.96174,0,-0.27396,0,0,0.5236,0
0,0,1,0,0,0,0,0,0,0.96316,0,-0.26892,0,0,0.5236,0
0,0,1,0,0,0,0,0,0,0.96456,0,-0.26387,0,0,0.5236,0
0,0,1,0,0,0,0,0,0,0.96593,0,-0.25882,0,0,0.5236,0
0,0,1,0,0,0,0,0,0,0.96727,0,-0.25376,0,0,0.5236,0
0,0,1,0,0,0,0,0,0,0.96858,0,-0.24869,0,0,0.5236,0
0,0,1,0,0,0,0,0,0,0.96987,0,-0.24362,0,0,0.5236,0
0,0,1,0,0,0,0,0,0,0.97113,0,-0.23853,0,0,0.5236,0
0,0,1,0,0,0,0,0,0,0.97237,0,-0.23345,0,0,0.5236,0
0,0,1,0,0,0,0,0,0,0.97358,0,-0.22835,0,0,0.5236,0
0,0,1,0,0,0,0,0,0,0.97476,0,-0.22325,0,0,0.5236,0
0,0,1,0,0,0,0,0,0,0.97592,0,-0.21814,0,0,0.5236,0
0,0,1,0,0,0,0,0,0,0.97705,0,-0.21303,0,0,0.5236,0
0,0,1,0,0,0,0,0,0,0.97815,0,-0.20791,0,0,0.5236,0
0,0,1,0,0,0,0,0,0,0.97922,0,-0.20279,0,0,0.5236,0
0,0,1,0,0,0,0,0,0,0.98027,0,-0.19766,0,0,0.5236,0
0,0,1,0,0,0,0,0,0,0.98129,0,-0.19252,0,0,0.5236,0
0,0,1,0,0,0,0,0,0,0.98229,0,-0.18738,0,0,0.5236,0
0,0,1,0,0,0,0,0,0,0.98325,0,-0.18224,0,0,0.5236,0
0,0,1,0,0,0,0,0,0,0.9842,0,-0.17708,0,0,0.5236,0
0,0,1,0,0,0,0,0,0,0.98511,0,-0.17193,0,0,0.5236,0
0,0,1,0,0,0,0,0,0,0.986,0,-0.16677,0,0,0.5236,0
0,0,1,0,0,0,0,0,0,0.98686,0,-0.1616,0,0,0.5236,0
0,0,1,0,0,0,0,0,0,0.98769,0,-0.15643,0,0,0.5236,0
0,0,1,0,0,0,0,0,0,0.98849,0,-0.15126,0,0,0.5236,0
0,0,1,0,0,0,0,0,0,0.98927,0,-0.14608,0,0,0.5236,0
0,0,1,0,0,0,0,0,0,0.99002,0,-0.1409,0,0,0.5236,0
0,0,1,0,0,0,0,0,0,0.99075,0,-0.13572,0,0,0.5236,0
0,0,1,0,0,0,0,0,0,0.99144,0,-0.13053,0,0,0.5236,0
0,0,1,0,0,0,0,0,0,0.99211,0,-0.12533,0,0,0.5236,0
0,0,1,0,0,0,0,0,0,0.99276,0,-0.12014,0,0,0.5236,0
0,0,1,0,0,0,0,0,0,0.99337,0,-0.11494,0,0,0.5236,0
0,0,1,0,0,0,0,0,0,0.99396,0,-0.10973,0,0,0.5236,0
0,0,1,0,0,0,0,0,0,0.99452,0,-0.10453,0,0,0.5236,0
0,0,1,0,0,0,0,0,0,0.99506,0,-0.09932,0,0,0.5236,0
0,0,1,0,0,0,0,0,0,0.99556,0,-0.094108,0,0,0.5236,0
0,0,1,0,0,0,0,0,0,0.99604,0,-0.088894,0,0,0.5236,0
0,0,1,0,0,0,0,0,0,0.99649,0,-0.083678,0,0,0.5236,0
0,0,1,0,0,0,0,0,0,0.99692,0,-0.078459,0,0,0.5236,0
0,0,1,0,0,0,0,0,0,0.99731,0,-0.073238,0,0,0.5236,0
0,0,1,0,0,0,0,0,0,0.99768,0,-0.068015,0,0,0.5236,0
0,0,1,0,0,0,0,0,0,0.99803,0,-0.062791,0,0,0.5236,0
0,0,1,0,0,0,0,0,0,0.99834,0,-0.057564,0,0,0.5236,0
0,0,1,0,0,0,0,0,0,0.99863,0,-0.052336,0,0,0.5236,0
0,0,1,0,0,0,0,0,0,0.99889,0,-0.047106,0,0,0.5236,0
0,0,1,0,0,0,0,0,0,0.99912,0,-0.041876,0,0,0.5236,0
0,0,1,0,0,0,0,0,0,0.99933,0,-0.036644,0,0,0.5236,0
0,0,1,0,0,0,0,0,0,0.99951,0,-0.031411,0,0,0.5236,0
0,0,1,0,0,0,0,0,0,0.99966,0,-0.026177,0,0,0.5236,0
0,0,1,0,0,0,0,0,0,0.99978,0,-0.020942,0,0,0.5236,0
0,0,1,0,0,0,0,0,0,0.99988,0,-0.015707,0,0,0.5236,0
0,0,1,0,0,0,0,0,0,0.99995,0,-0.010472,0,0,0.5236,0
0,0,1,0,0,0,0,0,0,0.99999,0,-0.005236,0,0,0.5236,0
0,0,1,0,0,0,0,0,0,1,0,0,0,0,0.5236,0
