0,0,1,0,0,0,0,0,0,1,0,0,0,0,0,0
0,0,1,0,0,0,0,0,0,0.99997,0.0078539,0,0,0.78539,0,0
0,0,1,0,0,0,0,0,0,0.99988,0.015707,0,0,0.78539,0,0
0,0,1,0,0,0,0,0,0,0.99972,0.02356,0,0,0.78539,0,0
0,0,1,0,0,0,0,0,0,0.99951,0.031411,0,0,0.78539,0,0
0,0,1,0,0,0,0,0,0,0.99923,0.03926,0,0,0.78539,0,0
0,0,1,0,0,0,0,0,0,0.99889,0.047106,0,0,0.78539,0,0
0,0,1,0,0,0,0,0,0,0.99849,0.05495,0,0,0.78539,0,0
0,0,1,0,0,0,0,0,0,0.99803,0.062791,0,0,0.78539,0,0
0,0,1,0,0,0,0,0,0,0.9975,0.070627,0,0,0.78539,0,0
0,0,1,0,0,0,0,0,0,0.99692,0.078459,0,0,0.78539,0,0
0,0,1,0,0,0,0,0,0,0.99627,0.086286,0,0,0.78539,0,0
0,0,1,0,0,0,0,0,0,0.99556,0.094108,0,0,0.78539,0,0
0,0,1,0,0,0,0,0,0,0.99479,0.10192,0,0,0.78539,0,0
0,0,1,0,0,0,0,0,0,0.99396,0.10973,0,0,0.78539,0,0
0,0,1,0,0,0,0,0,0,0.99307,0.11754,0,0,0.78539,0,0
0,0,1,0,0,0,0,0,0,0.99211,0.12533,0,0,0.78539,0,0
0,0,1,0,0,0,0,0,0,0.9911,0.13312,0,0,0.78539,0,0
0,0,1,0,0,0,0,0,0,0.99002,0.1409,0,0,0.78539,0,0
0,0,1,0,0,0,0,0,0,0.98889,0.14867,0,0,0.78539,0,0
0,0,1,0,0,0,0,0,0,0.98769,0.15643,0,0,0.78539,0,0
0,0,1,0,0,0,0,0,0,0.98643,0.16419,0,0,0.78539,0,0
0,0,1,0,0,0,0,0,0,0.98511,0.17193,0,0,0.78539,0,0
0,0,1,0,0,0,0,0,0,0.98373,0.17966,0,0,0.78539,0,0
0,0,1,0,0,0,0,0,0,0.98229,0.18738,0,0,0.78539,0,0
0,0,1,0,0,0,0,0,0,0.98079,0.19509,0,0,0.78539,0,0
0,0,1,0,0,0,0,0,0,0.97922,0.20279,0,0,0.78539,0,0
0,0,1,0,0,0,0,0,0,0.9776,0.21047,0,0,0.78539,0,0
0,0,1,0,0,0,0,0,0,0.97592,0.21814,0,0,0.78539,0,0
0,0,1,0,0,0,0,0,0,0.97417,0.2258,0,0,0.78539,0,0
0,0,1,0,0,0,0,0,0,0.97237,0.23345,0,0,0.78539,0,0
0,0,1,0,0,0,0,0,0,0.97051,0.24108,0,0,0.78539,0,0
0,0,1,0,0,0,0,0,0,0.96858,0.24869,0,0,0.78539,0,0
0,0,1,0,0,0,0,0,0,0.9666,0.25629,0,0,0.78539,0,0
0,0,1,0,0,0,0,0,0,0.96456,0.26387,0,0,0.78539,0,0
0,0,1,0,0,0,0,0,0,0.96246,0.27144,0,0,0.78539,0,0
0,0,1,0,0,0,0,0,0,0.96029,0.27899,0,0,0.78539,0,0
0,0,1,0,0,0,0,0,0,0.95807,0.28652,0,0,0.78539,0,0
0,0,1,0,0,0,0,0,0,0.95579,0.29404,0,0,0.78539,0,0
0,0,1,0,0,0,0,0,0,0.95345,0.30154,0,0,0.78539,0,0
0,0,1,0,0,0,0,0,0,0.95106,0.30902,0,0,0.78539,0,0
0,0,1,0,0,0,0,0,0,0.9486,0.31648,0,0,0.78539,0,0
0,0,1,0,0,0,0,0,0,0.94609,0.32392,0,0,0.78539,0,0
0,0,1,0,0,0,0,0,0,0.94351,0.33134,0,0,0.78539,0,0
0,0,1,0,0,0,0,0,0,0.94088,0.33874,0,0,0.78539,0,0
0,0,1,0,0,0,0,0,0,0.93819,0.34612,0,0,0.78539,0,0
0,0,1,0,0,0,0,0,0,0.93544,0.35347,0,0,0.78539,0,0
0,0,1,0,0,0,0,0,0,0.93264,0.36081,0,0,0.78539,0,0
0,0,1,0,0,0,0,0,0,0.92978,0.36812,0,0,0.78539,0,0
0,0,1,0,0,0,0,0,0,0.92686,0.37542,0,0,0.78539,0,0
0,0,1,0,0,0,0,0,0,0.92388,0.38268,0,0,0.78539,0,0
0,0,1,0,0,0,0,0,0,0.92085,0.38993,0,0,0.78539,0,0
0,0,1,0,0,0,0,0,0,0.91775,0.39715,0,0,0.78539,0,0
0,0,1,0,0,0,0,0,0,0.91461,0.40434,0,0,0.78539,0,0
0,0,1,0,0,0,0,0,0,0.9114,0.41151,0,0,0.78539,0,0
0,0,1,0,0,0,0,0,0,0.90814,0.41866,0,0,0.78539,0,0
0,0,1,0,0,0,0,0,0,0.90483,0.42578,0,0,0.78539,0,0
0,0,1,0,0,0,0,0,0,0.90146,0.43287,0,0,0.78539,0,0
0,0,1,0,0,0,0,0,0,0.89803,0.43994,0,0,0.78539,0,0
0,0,1,0,0,0,0,0,0,0.89454,0.44698,0,0,0.78539,0,0
0,0,1,0,0,0,0,0,0,0.89101,0.45399,0,0,0.78539,0,0
0,0,1,0,0,0,0,0,0,0.88741,0.46097,0,0,0.78539,0,0
0,0,1,0,0,0,0,0,0,0.88377,0.46793,0,0,0.78539,0,0
0,0,1,0,0,0,0,0,0,0.88006,0.47486,0,0,0.78539,0,0
0,0,1,0,0,0,0,0,0,0.87631,0.48175,0,0,0.78539,0,0
0,0,1,0,0,0,0,0,0,0.8725,0.48862,0,0,0.78539,0,0
0,0,1,0,0,0,0,0,0,0.86863,0.49546,0,0,0.78539,0,0
0,0,1,0,0,0,0,0,0,0.86471,0.50227,0,0,0.78539,0,0
0,0,1,0,0,0,0,0,0,0.86074,0.50904,0,0,0.78539,0,0
0,0,1,0,0,0,0,0,0,0.85672,0.51579,0,0,0.78539,0,0
0,0,1,0,0,0,0,0,0,0.85264,0.5225,0,0,0.78539,0,0
0,0,1,0,0,0,0,0,0,0.84851,0.52918,0,0,0.78539,0,0
0,0,1,0,0,0,0,0,0,0.84433,0.53583,0,0,0.78539,0,0
0,0,1,0,0,0,0,0,0,0.84009,0.54244,0,0,0.78539,0,0
0,0,1,0,0,0,0,0,0,0.83581,0.54902,0,0,0.78539,0,0
0,0,1,0,0,0,0,0,0,0.83147,0.55557,0,0,0.78539,0,0
0,0,1,0,0,0,0,0,0,0.82708,0.56208,0,0,0.78539,0,0
0,0,1,0,0,0,0,0,0,0.82264,0.56856,0,0,0.78539,0,0
0,0,1,0,0,0,0,0,0,0.81815,0.57501,0,0,0.78539,0,0
0,0,1,0,0,0,0,0,0,0.81361,0.58141,0,0,0.78539,0,0
0,0,1,0,0,0,0,0,0,0.80902,0.58779,0,0,0.78539,0,0
0,0,1,0,0,0,0,0,0,0.80438,0.59412,0,0,0.78539,0,0
0,0,1,0,0,0,0,0,0,0.79968,0.60042,0,0,0.78539,0,0
0,0,1,0,0,0,0,0,0,0.79494,0.60668,0,0,0.78539,0,0
0,0,1,0,0,0,0,0,0,0.79016,0.61291,0,0,0.78539,0,0
0,0,1,0,0,0,0,0,0,0.78532,0.61909,0,0,0.78539,0,0
0,0,1,0,0,0,0,0,0,0.78043,0.62524,0,0,0.78539,0,0
0,0,1,0,0,0,0,0,0,0.7755,0.63135,0,0,0.78539,0,0
0,0,1,0,0,0,0,0,0,0.77051,0.63742,0,0,0.78539,0,0
0,0,1,0,0,0,0,0,0,0.76548,0.64346,0,0,0.78539,0,0
0,0,1,0,0,0,0,0,0,0.76041,0.64945,0,0,0.78539,0,0
0,0,1,0,0,0,0,0,0,0.75528,0.6554,0,0,0.78539,0,0
0,0,1,0,0,0,0,0,0,0.75011,0.66131,0,0,0.78539,0,0
0,0,1,0,0,0,0,0,0,0.74489,0.66718,0,0,0.78539,0,0
0,0,1,0,0,0,0,0,0,0.73963,0.67301,0,0,0.78539,0,0
0,0,1,0,0,0,0,0,0,0.73432,0.6788,0,0,0.78539,0,0
0,0,1,0,0,0,0,0,0,0.72897,0.68455,0,0,0.78539,0,0
0,0,1,0,0,0,0,0,0,0.72357,0.69025,0,0,0.78539,0,0
0,0,1,0,0,0,0,0,0,0.71813,0.69591,0,0,0.78539,0,0
0,0,1,0,0,0,0,0,0,0.71264,0.70153,0,0,0.78539,0,0
0,0,1,0,0,0,0,0,0,0.70711,0.70711,0,0,0.78539,0,0
0,0,1,0,0,0,0,0,0,0.70153,0.71264,0,0,0.78539,0,0
0,0,1,0,0,0,0,0,0,0.69591,0.71813,0,0,0.78539,0,0
0,0,1,0,0,0,0,0,0,0.69025,0.72357,0,0,0.78539,0,0
0,0,1,0,0,0,0,0,0,0.68455,0.72897,0,0,0.78539,0,0
0,0,1,0,0,0,0,0,0,0.6788,0.73432,0,0,0.78539,0,0
0,0,1,0,0,0,0,0,0,0.67301,0.73963,0,0,0.78539,0,0
0,0,1,0,0,0,0,0,0,0.66718,0.74489,0,0,0.78539,0,0
0,0,1,0,0,0,0,0,0,0.66131,0.75011,0,0,0.78539,0,0
0,0,1,0,0,0,0,0,0,0.6554,0.75528,0,0,0.78539,0,0
0,0,1,0,0,0,0,0,0,0.64945,0.76041,0,0,0.78539,0,0
0,0,1,0,0,0,0,0,0,0.64346,0.76548,0,0,0.78539,0,0
0,0,1,0,0,0,0,0,0,0.63742,0.77051,0,0,0.78539,0,0
0,0,1,0,0,0,0,0,0,0.63135,0.7755,0,0,0.78539,0,0
0,0,1,0,0,0,0,0,0,0.62524,0.78043,0,0,0.78539,0,0
0,0,1,0,0,0,0,0,0,0.61909,0.78532,0,0,0.78539,0,0
0,0,1,0,0,0,0,0,0,0.61291,0.79016,0,0,0.78539,0,0
0,0,1,0,0,0,0,0,0,0.60668,0.79494,0,0,0.78539,0,0
0,0,1,0,0,0,0,0,0,0.60042,0.79968,0,0,0.78539,0,0
0,0,1,0,0,0,0,0,0,0.59412,0.80438,0,0,0.78539,0,0
0,0,1,0,0,0,0,0,0,0.58779,0.80902,0,0,0.78539,0,0
0,0,1,0,0,0,0,0,0,0.58141,0.81361,0,0,0.78539,0,0
0,0,1,0,0,0,0,0,0,0.57501,0.81815,0,0,0.78539,0,0
0,0,1,0,0,0,0,0,0,0.56856,0.82264,0,0,0.78539,0,0
0,0,1,0,0,0,0,0,0,0.56208,0.82708,0,0,0.78539,0,0
0,0,1,0,0,0,0,0,0,0.55557,0.83147,0,0,0.78539,0,0
0,0,1,0,0,0,0,0,0,0.54902,0.83581,0,0,0.78539,0,0
0,0,1,0,0,0,0,0,0,0.54244,0.84009,0,0,0.78539,0,0
0,0,1,0,0,0,0,0,0,0.53583,0.84433,0,0,0.78539,0,0
0,0,1,0,0,0,0,0,0,0.52918,0.84851,0,0,0.78539,0,0
0,0,1,0,0,0,0,0,0,0.5225,0.85264,0,0,0.78539,0,0
0,0,1,0,0,0,0,0,0,0.51579,0.85672,0,0,0.78539,0,0
0,0,1,0,0,0,0,0,0,0.50904,0.86074,0,0,0.78539,0,0
0,0,1,0,0,0,0,0,0,0.50227,0.86471,0,0,0.78539,0,0
0,0,1,0,0,0,0,0,0,0.49546,0.86863,0,0,0.78539,0,0
0,0,1,0,0,0,0,0,0,0.48862,0.8725,0,0,0.78539,0,0
0,0,1,0,0,0,0,0,0,0.48175,0.87631,0,0,0.78539,0,0
0,0,1,0,0,0,0,0,0,0.47486,0.88006,0,0,0.78539,0,0
0,0,1,0,0,0,0,0,0,0.46793,0.88377,0,0,0.78539,0,0
0,0,1,0,0,0,0,0,0,0.46097,0.88741,0,0,0.78539,0,0
0,0,1,0,0,0,0,0,0,0.45399,0.89101,0,0,0.78539,0,0
0,0,1,0,0,0,0,0,0,0.44698,0.89454,0,0,0.78539,0,0
0,0,1,0,0,0,0,0,0,0.43994,0.89803,0,0,0.78539,0,0
0,0,1,0,0,0,0,0,0,0.43287,0.90146,0,0,0.78539,0,0
0,0,1,0,0,0,0,0,0,0.42578,0.90483,0,0,0.78539,0,0
0,0,1,0,0,0,0,0,0,0.41866,0.90814,0,0,0.78539,0,0
0,0,1,0,0,0,0,0,0,0.41151,0.9114,0,0,0.78539,0,0
0,0,1,0,0,0,0,0,0,0.40434,0.91461,0,0,0.78539,0,0
0,0,1,0,0,0,0,0,0,0.39715,0.91775,0,0,0.78539,0,0
0,0,1,0,0,0,0,0,0,0.38993,0.92085,0,0,0.78539,0,0
0,0,1,0,0,0,0,0,0,0.38268,0.92388,0,0,0.78539,0,0
0,0,1,0,0,0,0,0,0,0.37542,0.92686,0,0,0.78539,0,0
0,0,1,0,0,0,0,0,0,0.36812,0.92978,0,0,0.78539,0,0
0,0,1,0,0,0,0,0,0,0.36081,0.93264,0,0,0.78539,0,0
0,0,1,0,0,0,0,0,0,0.35347,0.93544,0,0,0.78539,0,0
0,0,1,0,0,0,0,0,0,0.34612,0.93819,0,0,0.78539,0,0
0,0,1,0,0,0,0,0,0,0.33874,0.94088,0,0,0.78539,0,0
0,0,1,0,0,0,0,0,0,0.33134,0.94351,0,0,0.78539,0,0
0,0,1,0,0,0,0,0,0,0.32392,0.94609,0,0,0.78539,0,0
0,0,1,0,0,0,0,0,0,0.31648,0.9486,0,0,0.78539,0,0
0,0,1,0,0,0,0,0,0,0.30902,0.95106,0,0,0.78539,0,0
0,0,1,0,0,0,0,0,0,0.30154,0.95345,0,0,0.78539,0,0
0,0,1,0,0,0,0,0,0,0.29404,0.95579,0,0,0.78539,0,0
0,0,1,0,0,0,0,0,0,0.28652,0.95807,0,0,0.78539,0,0
0,0,1,0,0,0,0,0,0,0.27899,0.96029,0,0,0.78539,0,0
0,0,1,0,0,0,0,0,0,0.27144,0.96246,0,0,0.78539,0,0
0,0,1,0,0,0,0,0,0,0.26387,0.96456,0,0,0.78539,0,0
0,0,1,0,0,0,0,0,0,0.25629,0.9666,0,0,0.78539,0,0
0,0,1,0,0,0,0,0,0,0.24869,0.96858,0,0,0.78539,0,0
0,0,1,0,0,0,0,0,0,0.24108,0.97051,0,0,0.78539,0,0
0,0,1,0,0,0,0,0,0,0.23345,0.97237,0,0,0.78539,0,0
0,0,1,0,0,0,0,0,0,0.2258,0.97417,0,0,0.78539,0,0
0,0,1,0,0,0,0,0,0,0.21814,0.97592,0,0,0.78539,0,0
0,0,1,0,0,0,0,0,0,0.21047,0.9776,0,0,0.78539,0,0
0,0,1,0,0,0,0,0,0,0.20279,0.97922,0,0,0.78539,0,0
0,0,1,0,0,0,0,0,0,0.19509,0.98079,0,0,0.78539,0,0
0,0,1,0,0,0,0,0,0,0.18738,0.98229,0,0,0.78539,0,0
0,0,1,0,0,0,0,0,0,0.17966,0.98373,0,0,0.78539,0,0
0,0,1,0,0,0,0,0,0,0.17193,0.98511,0,0,0.78539,0,0
0,0,1,0,0,0,0,0,0,0.16419,0.98643,0,0,0.78539,0,0
0,0,1,0,0,0,0,0,0,0.15643,0.98769,0,0,0.78539,0,0
0,0,1,0,0,0,0,0,0,0.14867,0.98889,0,0,0.78539,0,0
0,0,1,0,0,0,0,0,0,0.1409,0.99002,0,0,0.78539,0,0
0,0,1,0,0,0,0,0,0,0.13312,0.9911,0,0,0.78539,0,0
0,0,1,0,0,0,0,0,0,0.12533,0.99211,0,0,0.78539,0,0
0,0,1,0,0,0,0,0,0,0.11754,0.99307,0,0,0.78539,0,0
0,0,1,0,0,0,0,0,0,0.10973,0.99396,0,0,0.78539,0,0
0,0,1,0,0,0,0,0,0,0.10192,0.99479,0,0,0.78539,0,0
0,0,1,0,0,0,0,0,0,0.094108,0.99556,0,0,0.78539,0,0
0,0,1,0,0,0,0,0,0,0.086286,0.99627,0,0,0.78539,0,0
0,0,1,0,0,0,0,0,0,0.078459,0.99692,0,0,0.78539,0,0
0,0,1,0,0,0,0,0,0,0.070627,0.9975,0,0,0.78539,0,0
0,0,1,0,0,0,0,0,0,0.062791,0.99803,0,0,0.78539,0,0
0,0,1,0,0,0,0,0,0,0.05495,0.99849,0,0,0.78539,0,0
0,0,1,0,0,0,0,0,0,0.047106,0.99889,0,0,0.78539,0,0
0,0,1,0,0,0,0,0,0,0.03926,0.99923,0,0,0.78539,0,0
0,0,1,0,0,0,0,0,0,0.031411,0.99951,0,0,0.78539,0,0
0,0,1,0,0,0,0,0,0,0.02356,0.99972,0,0,0.78539,0,0
0,0,1,0,0,0,0,0,0,0.015707,0.99988,0,0,0.78539,0,0
0,0,1,0,0,0,0,0,0,0.0078539,0.99997,0,0,0.78539,0,0
0,0,1,0,0,0,0,0,0,6.1232e-17,1,0,0,0.78539,0,0
0,0,1,0,0,0,0,0,0,-0.0078539,0.99997,-0,0,0.78539,0,0
0,0,1,0,0,0,0,0,0,-0.015707,0.99988,-0,0,0.78539,-0,0
0,0,1,0,0,0,0,0,0,-0.02356,0.99972,-0,0,0.78539,-0,0
0,0,1,0,0,0,0,0,0,-0.031411,0.99951,-0,0,0.78539,-0,0
0,0,1,0,0,0,0,0,0,-0.03926,0.99923,-0,0,0.78539,-0,0
0,0,1,0,0,0,0,0,0,-0.047106,0.99889,-0,0,0.78539,-0,0
0,0,1,0,0,0,0,0,0,-0.05495,0.99849,-0,0,0.78539,-0,0
0,0,1,0,0,0,0,0,0,-0.062791,0.99803,-0,0,0.78539,-0,0
0,0,1,0,0,0,0,0,0,-0.070627,0.9975,-0,0,0.78539,-0,0
0,0,1,0,0,0,0,0,0,-0.078459,0.99692,-0,0,0.78539,-0,0
0,0,1,0,0,0,0,0,0,-0.086286,0.99627,-0,0,0.78539,-0,0
0,0,1,0,0,0,0,0,0,-0.094108,0.99556,-0,0,0.78539,-0,0
0,0,1,0,0,0,0,0,0,-0.10192,0.99479,-0,0,0.78539,-0,0
0,0,1,0,0,0,0,0,0,-0.10973,0.99396,-0,0,0.78539,-0,0
0,0,1,0,0,0,0,0,0,-0.11754,0.99307,-0,0,0.78539,-0,0
0,0,1,0,0,0,0,0,0,-0.12533,0.99211,-0,0,0.78539,-0,0
0,0,1,0,0,0,0,0,0,-0.13312,0.9911,-0,0,0.78539,-0,0
0,0,1,0,0,0,0,0,0,-0.1409,0.99002,-0,0,0.78539,-0,0
0,0,1,0,0,0,0,0,0,-0.14867,0.98889,-0,0,0.78539,-0,0
0,0,1,0,0,0,0,0,0,-0.15643,0.98769,-0,0,0.78539,-0,0
0,0,1,0,0,0,0,0,0,-0.16419,0.98643,-0,0,0.78539,-0,0
0,0,1,0,0,0,0,0,0,-0.17193,0.98511,-0,0,0.78539,-0,0
0,0,1,0,0,0,0,0,0,-0.17966,0.98373,-0,0,0.78539,-0,0
0,0,1,0,0,0,0,0,0,-0.18738,0.98229,-0,0,0.78539,-0,0
0,0,1,0,0,0,0,0,0,-0.19509,0.98079,-0,0,0.78539,-0,0
0,0,1,0,0,0,0,0,0,-0.20279,0.97922,-0,0,0.78539,-0,0
0,0,1,0,0,0,0,0,0,-0.21047,0.9776,-0,0,0.78539,-0,0
0,0,1,0,0,0,0,0,0,-0.21814,0.97592,-0,0,0.78539,-0,0
0,0,1,0,0,0,0,0,0,-0.2258,0.97417,-0,0,0.78539,-0,0
0,0,1,0,0,0,0,0,0,-0.23345,0.97237,-0,0,0.78539,-0,0
0,0,1,0,0,0,0,0,0,-0.24108,0.97051,-0,0,0.78539,-0,0
0,0,1,0,0,0,0,0,0,-0.24869,0.96858,-0,0,0.78539,-0,0
0,0,1,0,0,0,0,0,0,-0.25629,0.9666,-0,0,0.78539,-0,0
0,0,1,0,0,0,0,0,0,-0.26387,0.96456,-0,0,0.78539,-0,0
0,0,1,0,0,0,0,0,0,-0.27144,0.96246,-0,0,0.78539,-0,0
0,0,1,0,0,0,0,0,0,-0.27899,0.96029,-0,0,0.78539,-0,0
0,0,1,0,0,0,0,0,0,-0.28652,0.95807,-0,0,0.78539,-0,0
0,0,1,0,0,0,0,0,0,-0.29404,0.95579,-0,0,0.78539,-0,0
0,0,1,0,0,0,0,0,0,-0.30154,0.95345,-0,0,0.78539,-0,0
0,0,1,0,0,0,0,0,0,-0.30902,0.95106,-0,0,0.78539,-0,0
0,0,1,0,0,0,0,0,0,-0.31648,0.9486,-0,0,0.78539,-0,0
0,0,1,0,0,0,0,0,0,-0.32392,0.94609,-0,0,0.78539,-0,0
0,0,1,0,0,0,0,0,0,-0.33134,0.94351,-0,0,0.78539,-0,0
0,0,1,0,0,0,0,0,0,-0.33874,0.94088,-0,0,0.78539,-0,0
0,0,1,0,0,0,0,0,0,-0.34612,0.93819,-0,0,0.78539,-0,0
0,0,1,0,0,0,0,0,0,-0.35347,0.93544,-0,0,0.78539,-0,0
0,0,1,0,0,0,0,0,0,-0.36081,0.93264,-0,0,0.78539,-0,0
0,0,1,0,0,0,0,0,0,-0.36812,0.92978,-0,0,0.78539,-0,0
0,0,1,0,0,0,0,0,0,-0.37542,0.92686,-0,0,0.78539,-0,0
0,0,1,0,0,0,0,0,0,-0.38268,0.92388,-0,0,0.78539,-0,0
0,0,1,0,0,0,0,0,0,-0.38993,0.92085,-0,0,0.78539,-0,0
0,0,1,0,0,0,0,0,0,-0.39715,0.91775,-0,0,0.78539,-0,0
0,0,1,0,0,0,0,0,0,-0.40434,0.91461,-0,0,0.78539,-0,0
0,0,1,0,0,0,0,0,0,-0.41151,0.9114,-0,0,0.78539,-0,0
0,0,1,0,0,0,0,0,0,-0.41866,0.90814,-0,0,0.78539,-0,0
0,0,1,0,0,0,0,0,0,-0.42578,0.90483,-0,0,0.78539,-0,0
0,0,1,0,0,0,0,0,0,-0.43287,0.90146,-0,0,0.78539,-0,0
0,0,1,0,0,0,0,0,0,-0.43994,0.89803,-0,0,0.78539,-0,0
0,0,1,0,0,0,0,0,0,-0.44698,0.89454,-0,0,0.78539,-0,0
0,0,1,0,0,0,0,0,0,-0.45399,0.89101,-0,0,0.78539,-0,0
0,0,1,0,0,0,0,0,0,-0.46097,0.88741,-0,0,0.78539,-0,0
0,0,1,0,0,0,0,0,0,-0.46793,0.88377,-0,0,0.78539,-0,0
0,0,1,0,0,0,0,0,0,-0.47486,0.88006,-0,0,0.78539,-0,0
0,0,1,0,0,0,0,0,0,-0.48175,0.87631,-0,0,0.78539,-0,0
0,0,1,0,0,0,0,0,0,-0.48862,0.8725,-0,0,0.78539,-0,0
0,0,1,0,0,0,0,0,0,-0.49546,0.86863,-0,0,0.78539,-0,0
0,0,1,0,0,0,0,0,0,-0.50227,0.86471,-0,0,0.78539,-0,0
0,0,1,0,0,0,0,0,0,-0.50904,0.86074,-0,0,0.78539,-0,0
0,0,1,0,0,0,0,0,0,-0.51579,0.85672,-0,0,0.78539,-0,0
0,0,1,0,0,0,0,0,0,-0.5225,0.85264,-0,0,0.78539,-0,0
0,0,1,0,0,0,0,0,0,-0.52918,0.84851,-0,0,0.78539,-0,0
0,0,1,0,0,0,0,0,0,-0.53583,0.84433,-0,0,0.78539,-0,0
0,0,1,0,0,0,0,0,0,-0.54244,0.84009,-0,0,0.78539,-0,0
0,0,1,0,0,0,0,0,0,-0.54902,0.83581,-0,0,0.78539,-0,0
0,0,1,0,0,0,0,0,0,-0.55557,0.83147,-0,0,0.78539,-0,0
0,0,1,0,0,0,0,0,0,-0.56208,0.82708,-0,0,0.78539,-0,0
0,0,1,0,0,0,0,0,0,-0.56856,0.82264,-0,0,0.78539,-0,0
0,0,1,0,0,0,0,0,0,-0.57501,0.81815,-0,0,0.78539,-0,0
0,0,1,0,0,0,0,0,0,-0.58141,0.81361,-0,0,0.78539,-0,0
0,0,1,0,0,0,0,0,0,-0.58779,0.80902,-0,0,0.78539,-0,0
0,0,1,0,0,0,0,0,0,-0.59412,0.80438,-0,0,0.78539,-0,0
0,0,1,0,0,0,0,0,0,-0.60042,0.79968,-0,0,0.78539,-0,0
0,0,1,0,0,0,0,0,0,-0.60668,0.79494,-0,0,0.78539,-0,0
0,0,1,0,0,0,0,0,0,-0.61291,0.79016,-0,0,0.78539,-0,0
0,0,1,0,0,0,0,0,0,-0.61909,0.78532,-0,0,0.78539,-0,0
0,0,1,0,0,0,0,0,0,-0.62524,0.78043,-0,0,0.78539,-0,0
0,0,1,0,0,0,0,0,0,-0.63135,0.7755,-0,0,0.78539,-0,0
0,0,1,0,0,0,0,0,0,-0.63742,0.77051,-0,0,0.78539,-0,0
0,0,1,0,0,0,0,0,0,-0.64346,0.76548,-0,0,0.78539,-0,0
0,0,1,0,0,0,0,0,0,-0.64945,0.76041,-0,0,0.78539,-0,0
0,0,1,0,0,0,0,0,0,-0.6554,0.75528,-0,0,0.78539,-0,0
0,0,1,0,0,0,0,0,0,-0.66131,0.75011,-0,0,0.78539,-0,0
0,0,1,0,0,0,0,0,0,-0.66718,0.74489,-0,0,0.78539,-0,0
0,0,1,0,0,0,0,0,0,-0.67301,0.73963,-0,0,0.78539,-0,0
0,0,1,0,0,0,0,0,0,-0.6788,0.73432,-0,0,0.78539,-0,0
0,0,1,0,0,0,0,0,0,-0.68455,0.72897,-0,0,0.78539,-0,0
0,0,1,0,0,0,0,0,0,-0.69025,0.72357,-0,0,0.78539,-0,0
0,0,1,0,0,0,0,0,0,-0.69591,0.71813,-0,0,0.78539,-0,0
0,0,1,0,0,0,0,0,0,-0.70153,0.71264,-0,0,0.78539,-0,0
0,0,1,0,0,0,0,0,0,-0.70711,0.70711,-0,0,0.78539,-0,0
0,0,1,0,0,0,0,0,0,-0.71264,0.70153,-0,0,0.78539,-0,0
0,0,1,0,0,0,0,0,0,-0.71813,0.69591,-0,0,0.78539,-0,0
0,0,1,0,0,0,0,0,0,-0.72357,0.69025,-0,0,0.78539,-0,0
0,0,1,0,0,0,0,0,0,-0.72897,0.68455,-0,0,0.78539,-0,0
0,0,1,0,0,0,0,0,0,-0.73432,0.6788,-0,0,0.78539,-0,0
0,0,1,0,0,0,0,0,0,-0.73963,0.67301,-0,0,0.78539,-0,0
0,0,1,0,0,0,0,0,0,-0.74489,0.66718,-0,0,0.78539,-0,0
0,0,1,0,0,0,0,0,0,-0.75011,0.66131,-0,0,0.78539,-0,0
0,0,1,0,0,0,0,0,0,-0.75528,0.6554,-0,0,0.78539,-0,0
0,0,1,0,0,0,0,0,0,-0.76041,0.64945,-0,0,0.78539,-0,0
0,0,1,0,0,0,0,0,0,-0.76548,0.64346,-0,0,0.78539,-0,0
0,0,1,0,0,0,0,0,0,-0.77051,0.63742,-0,0,0.78539,-0,0
0,0,1,0,0,0,0,0,0,-0.7755,0.63135,-0,0,0.78539,-0,0
0,0,1,0,0,0,0,0,0,-0.78043,0.62524,-0,0,0.78539,-0,0
0,0,1,0,0,0,0,0,0,-0.78532,0.61909,-0,0,0.78539,-0,0
0,0,1,0,0,0,0,0,0,-0.79016,0.61291,-0,0,0.78539,-0,0
0,0,1,0,0,0,0,0,0,-0.79494,0.60668,-0,0,0.78539,-0,0
0,0,1,0,0,0,0,0,0,-0.79968,0.60042,-0,0,0.78539,-0,0
0,0,1,0,0,0,0,0,0,-0.80438,0.59412,-0,0,0.78539,-0,0
0,0,1,0,0,0,0,0,0,-0.80902,0.58779,-0,0,0.78539,-0,0
0,0,1,0,0,0,0,0,0,-0.81361,0.58141,-0,0,0.78539,-0,0
0,0,1,0,0,0,0,0,0,-0.81815,0.57501,-0,0,0.78539,-0,0
0,0,1,0,0,0,0,0,0,-0.82264,0.56856,-0,0,0.78539,-0,0
0,0,1,0,0,0,0,0,0,-0.82708,0.56208,-0,0,0.78539,-0,0
0,0,1,0,0,0,0,0,0,-0.83147,0.55557,-0,0,0.78539,-0,0
0,0,1,0,0,0,0,0,0,-0.83581,0.54902,-0,0,0.78539,-0,0
0,0,1,0,0,0,0,0,0,-0.84009,0.54244,-0,0,0.78539,-0,0
0,0,1,0,0,0,0,0,0,-0.84433,0.53583,-0,0,0.78539,-0,0
0,0,1,0,0,0,0,0,0,-0.84851,0.52918,-0,0,0.78539,-0,0
0,0,1,0,0,0,0,0,0,-0.85264,0.5225,-0,0,0.78539,-0,0
0,0,1,0,0,0,0,0,0,-0.85672,0.51579,-0,0,0.78539,-0,0
0,0,1,0,0,0,0,0,0,-0.86074,0.50904,-0,0,0.78539,-0,0
0,0,1,0,0,0,0,0,0,-0.86471,0.50227,-0,0,0.78539,-0,0
0,0,1,0,0,0,0,0,0,-0.86863,0.49546,-0,0,0.78539,-0,0
0,0,1,0,0,0,0,0,0,-0.8725,0.48862,-0,0,0.78539,-0,0
0,0,1,0,0,0,0,0,0,-0.87631,0.48175,-0,0,0.78539,-0,0
0,0,1,0,0,0,0,0,0,-0.88006,0.47486,-0,0,0.78539,-0,0
0,0,1,0,0,0,0,0,0,-0.88377,0.46793,-0,0,0.78539,-0,0
0,0,1,0,0,0,0,0,0,-0.88741,0.46097,-0,0,0.78539,-0,0
0,0,1,0,0,0,0,0,0,-0.89101,0.45399,-0,0,0.78539,-0,0
0,0,1,0,0,0,0,0,0,-0.89454,0.44698,-0,0,0.78539,-0,0
0,0,1,0,0,0,0,0,0,-0.89803,0.43994,-0,0,0.78539,-0,0
0,0,1,0,0,0,0,0,0,-0.90146,0.43287,-0,0,0.78539,-0,0
0,0,1,0,0,0,0,0,0,-0.90483,0.42578,-0,0,0.78539,-0,0
0,0,1,0,0,0,0,0,0,-0.90814,0.41866,-0,0,0.78539,-0,0
0,0,1,0,0,0,0,0,0,-0.9114,0.41151,-0,0,0.78539,-0,0
0,0,1,0,0,0,0,0,0,-0.91461,0.40434,-0,0,0.78539,-0,0
0,0,1,0,0,0,0,0,0,-0.91775,0.39715,-0,0,0.78539,-0,0
0,0,1,0,0,0,0,0,0,-0.92085,0.38993,-0,0,0.78539,-0,0
0,0,1,0,0,0,0,0,0,-0.92388,0.38268,-0,0,0.78539,-0,0
0,0,1,0,0,0,0,0,0,-0.92686,0.37542,-0,0,0.78539,-0,0
0,0,1,0,0,0,0,0,0,-0.92978,0.36812,-0,0,0.78539,-0,0
0,0,1,0,0,0,0,0,0,-0.93264,0.36081,-0,0,0.78539,-0,0
0,0,1,0,0,0,0,0,0,-0.93544,0.35347,-0,0,0.78539,-0,0
0,0,1,0,0,0,0,0,0,-0.93819,0.34612,-0,0,0.78539,-0,0
0,0,1,0,0,0,0,0,0,-0.94088,0.33874,-0,0,0.78539,-0,0
0,0,1,0,0,0,0,0,0,-0.94351,0.33134,-0,0,0.78539,-0,0
0,0,1,0,0,0,0,0,0,-0.94609,0.32392,-0,0,0.78539,-0,0
0,0,1,0,0,0,0,0,0,-0.9486,0.31648,-0,0,0.78539,-0,0
0,0,1,0,0,0,0,0,0,-0.95106,0.30902,-0,0,0.78539,-0,0
0,0,1,0,0,0,0,0,0,-0.95345,0.30154,-0,0,0.78539,-0,0
0,0,1,0,0,0,0,0,0,-0.95579,0.29404,-0,0,0.78539,-0,0
0,0,1,0,0,0,0,0,0,-0.95807,0.28652,-0,0,0.78539,-0,0
0,0,1,0,0,0,0,0,0,-0.96029,0.27899,-0,0,0.78539,-0,0
0,0,1,0,0,0,0,0,0,-0.96246,0.27144,-0,0,0.78539,-0,0
0,0,1,0,0,0,0,0,0,-0.96456,0.26387,-0,0,0.78539,-0,0
0,0,1,0,0,0,0,0,0,-0.9666,0.25629,-0,0,0.78539,-0,0
0,0,1,0,0,0,0,0,0,-0.96858,0.24869,-0,0,0.78539,-0,0
0,0,1,0,0,0,0,0,0,-0.97051,0.24108,-0,0,0.78539,-0,0
0,0,1,0,0,0,0,0,0,-0.97237,0.23345,-0,0,0.78539,-0,0
0,0,1,0,0,0,0,0,0,-0.97417,0.2258,-0,0,0.78539,-0,0
0,0,1,0,0,0,0,0,0,-0.97592,0.21814,-0,0,0.78539,-0,0
0,0,1,0,0,0,0,0,0,-0.9776,0.21047,-0,0,0.78539,-0,0
0,0,1,0,0,0,0,0,0,-0.97922,0.20279,-0,0,0.78539,-0,0
0,0,1,0,0,0,0,0,0,-0.98079,0.19509,-0,0,0.78539,-0,0
0,0,1,0,0,0,0,0,0,-0.98229,0.18738,-0,0,0.78539,-0,0
0,0,1,0,0,0,0,0,0,-0.98373,0.17966,-0,0,0.78539,-0,0
0,0,1,0,0,0,0,0,0,-0.98511,0.17193,-0,0,0.78539,-0,0
0,0,1,0,0,0,0,0,0,-0.98643,0.16419,-0,0,0.78539,-0,0
0,0,1,0,0,0,0,0,0,-0.98769,0.15643,-0,0,0.78539,-0,0
0,0,1,0,0,0,0,0,0,-0.98889,0.14867,-0,0,0.78539,-0,0
0,0,1,0,0,0,0,0,0,-0.99002,0.1409,-0,0,0.78539,-0,0
0,0,1,0,0,0,0,0,0,-0.9911,0.13312,-0,0,0.78539,-0,0
0,0,1,0,0,0,0,0,0,-0.99211,0.12533,-0,0,0.78539,-0,0
0,0,1,0,0,0,0,0,0,-0.99307,0.11754,-0,0,0.78539,-0,0
0,0,1,0,0,0,0,0,0,-0.99396,0.10973,-0,0,0.78539,-0,0
0,0,1,0,0,0,0,0,0,-0.99479,0.10192,-0,0,0.78539,-0,0
0,0,1,0,0,0,0,0,0,-0.99556,0.094108,-0,0,0.78539,-0,0
0,0,1,0,0,0,0,0,0,-0.99627,0.086286,-0,0,0.78539,-0,0
0,0,1,0,0,0,0,0,0,-0.99692,0.078459,-0,0,0.78539,-0,0
0,0,1,0,0,0,0,0,0,-0.9975,0.070627,-0,0,0.78539,-0,0
0,0,1,0,0,0,0,0,0,-0.99803,0.062791,-0,0,0.78539,-0,0
0,0,1,0,0,0,0,0,0,-0.99849,0.05495,-0,0,0.78539,-0,0
0,0,1,0,0,0,0,0,0,-0.99889,0.047106,-0,0,0.78539,-0,0
0,0,1,0,0,0,0,0,0,-0.99923,0.03926,-0,0,0.78539,-0,0
0,0,1,0,0,0,0,0,0,-0.99951,0.031411,-0,0,0.78539,-0,0
0,0,1,0,0,0,0,0,0,-0.99972,0.02356,-0,0,0.78539,-0,0
0,0,1,0,0,0,0,0,0,-0.99988,0.015707,-0,0,0.78539,-0,0
0,0,1,0,0,0,0,0,0,-0.99997,0.0078539,-0,0,0.78539,-0,0
0,0,1,0,0,0,0,0,0,-1,1.2246e-16,-0,0,0.78539,-0,0
0,0,1,0,0,0,0,0,0,-1,1.2246e-16,-0,0,-0,0,0
0,0,1,0,0,0,0,0,0,-1,1.2246e-16,-0,0,-0,0,0
0,0,1,0,0,0,0,0,0,-1,1.2246e-16,-0,0,-0,0,0
0,0,1,0,0,0,0,0,0,-1,1.2246e-16,-0,0,-0,0,0
0,0,1,0,0,0,0,0,0,-1,1.2246e-16,-0,0,-0,0,0
0,0,1,0,0,0,0,0,0,-1,1.2246e-16,-0,0,-0,0,0
0,0,1,0,0,0,0,0,0,-1,1.2246e-16,-0,0,-0,0,0
0,0,1,0,0,0,0,0,0,-1,1.2246e-16,-0,0,-0,0,0
0,0,1,0,0,0,0,0,0,-1,1.2246e-16,-0,0,-0,0,0
0,0,1,0,0,0,0,0,0,-1,1.2246e-16,-0,0,-0,0,0
0,0,1,0,0,0,0,0,0,-1,1.2246e-16,-0,0,-0,0,0
0,0,1,0,0,0,0,0,0,-1,1.2246e-16,-0,0,-0,0,0
0,0,1,0,0,0,0,0,0,-1,1.2246e-16,-0,0,-0,0,0
0,0,1,0,0,0,0,0,0,-1,1.2246e-16,-0,0,-0,0,0
0,0,1,0,0,0,0,0,0,-1,1.2246e-16,-0,0,-0,0,0
0,0,1,0,0,0,0,0,0,-1,1.2246e-16,-0,0,-0,0,0
0,0,1,0,0,0,0,0,0,-1,1.2246e-16,-0,0,-0,0,0
0,0,1,0,0,0,0,0,0,-1,1.2246e-16,-0,0,-0,0,0
0,0,1,0,0,0,0,0,0,-1,1.2246e-16,-0,0,-0,0,0
0,0,1,0,0,0,0,0,0,-1,1.2246e-16,-0,0,-0,0,0
0,0,1,0,0,0,0,0,0,-1,1.2246e-16,-0,0,-0,0,0
0,0,1,0,0,0,0,0,0,-1,1.2246e-16,-0,0,-0,0,0
0,0,1,0,0,0,0,0,0,-1,1.2246e-16,-0,0,-0,0,0
0,0,1,0,0,0,0,0,0,-1,1.2246e-16,-0,0,-0,0,0
0,0,1,0,0,0,0,0,0,-1,1.2246e-16,-0,0,-0,0,0
0,0,1,0,0,0,0,0,0,-1,1.2246e-16,-0,0,-0,0,0
0,0,1,0,0,0,0,0,0,-1,1.2246e-16,-0,0,-0,0,0
0,0,1,0,0,0,0,0,0,-1,1.2246e-16,-0,0,-0,0,0
0,0,1,0,0,0,0,0,0,-1,1.2246e-16,-0,0,-0,0,0
0,0,1,0,0,0,0,0,0,-1,1.2246e-16,-0,0,-0,0,0
0,0,1,0,0,0,0,0,0,-1,1.2246e-16,-0,0,-0,0,0
0,0,1,0,0,0,0,0,0,-1,1.2246e-16,-0,0,-0,0,0
0,0,1,0,0,0,0,0,0,-1,1.2246e-16,-0,0,-0,0,0
0,0,1,0,0,0,0,0,0,-1,1.2246e-16,-0,0,-0,0,0
0,0,1,0,0,0,0,0,0,-1,1.2246e-16,-0,0,-0,0,0
0,0,1,0,0,0,0,0,0,-1,1.2246e-16,-0,0,-0,0,0
0,0,1,0,0,0,0,0,0,-1,1.2246e-16,-0,0,-0,0,0
0,0,1,0,0,0,0,0,0,-1,1.2246e-16,-0,0,-0,0,0
0,0,1,0,0,0,0,0,0,-1,1.2246e-16,-0,0,-0,0,0
0,0,1,0,0,0,0,0,0,-1,1.2246e-16,-0,0,-0,0,0
0,0,1,0,0,0,0,0,0,-1,1.2246e-16,-0,0,-0,0,0
0,0,1,0,0,0,0,0,0,-1,1.2246e-16,-0,0,-0,0,0
0,0,1,0,0,0,0,0,0,-1,1.2246e-16,-0,0,-0,0,0
0,0,1,0,0,0,0,0,0,-1,1.2246e-16,-0,0,-0,0,0
0,0,1,0,0,0,0,0,0,-1,1.2246e-16,-0,0,-0,0,0
0,0,1,0,0,0,0,0,0,-1,1.2246e-16,-0,0,-0,0,0
0,0,1,0,0,0,0,0,0,-1,1.2246e-16,-0,0,-0,0,0
0,0,1,0,0,0,0,0,0,-1,1.2246e-16,-0,0,-0,0,0
0,0,1,0,0,0,0,0,0,-1,1.2246e-16,-0,0,-0,0,0
0,0,1,0,0,0,0,0,0,-1,1.2246e-16,-0,0,-0,0,0
0,0,1,0,0,0,0,0,0,-1,1.2246e-16,-0,0,-0,0,0
0,0,1,0,0,0,0,0,0,-1,1.2246e-16,-0,0,-0,0,0
0,0,1,0,0,0,0,0,0,-1,1.2246e-16,-0,0,-0,0,0
0,0,1,0,0,0,0,0,0,-1,1.2246e-16,-0,0,-0,0,0
0,0,1,0,0,0,0,0,0,-1,1.2246e-16,-0,0,-0,0,0
0,0,1,0,0,0,0,0,0,-1,1.2246e-16,-0,0,-0,0,0
0,0,1,0,0,0,0,0,0,-1,1.2246e-16,-0,0,-0,0,0
0,0,1,0,0,0,0,0,0,-1,1.2246e-16,-0,0,-0,0,0
0,0,1,0,0,0,0,0,0,-1,1.2246e-16,-0,0,-0,0,0
0,0,1,0,0,0,0,0,0,-1,1.2246e-16,-0,0,-0,0,0
0,0,1,0,0,0,0,0,0,-1,1.2246e-16,-0,0,-0,0,0
0,0,1,0,0,0,0,0,0,-1,1.2246e-16,-0,0,-0,0,0
0,0,1,0,0,0,0,0,0,-1,1.2246e-16,-0,0,-0,0,0
0,0,1,0,0,0,0,0,0,-1,1.2246e-16,-0,0,-0,0,0
0,0,1,0,0,0,0,0,0,-1,1.2246e-16,-0,0,-0,0,0
0,0,1,0,0,0,0,0,0,-1,1.2246e-16,-0,0,-0,0,0
0,0,1,0,0,0,0,0,0,-1,1.2246e-16,-0,0,-0,0,0
0,0,1,0,0,0,0,0,0,-1,1.2246e-16,-0,0,-0,0,0
0,0,1,0,0,0,0,0,0,-1,1.2246e-16,-0,0,-0,0,0
0,0,1,0,0,0,0,0,0,-1,1.2246e-16,-0,0,-0,0,0
0,0,1,0,0,0,0,0,0,-1,1.2246e-16,-0,0,-0,0,0
0,0,1,0,0,0,0,0,0,-1,1.2246e-16,-0,0,-0,0,0
0,0,1,0,0,0,0,0,0,-1,1.2246e-16,-0,0,-0,0,0
0,0,1,0,0,0,0,0,0,-1,1.2246e-16,-0,0,-0,0,0
0,0,1,0,0,0,0,0,0,-1,1.2246e-16,-0,0,-0,0,0
0,0,1,0,0,0,0,0,0,-1,1.2246e-16,-0,0,-0,0,0
0,0,1,0,0,0,0,0,0,-1,1.2246e-16,-0,0,-0,0,0
0,0,1,0,0,0,0,0,0,-1,1.2246e-16,-0,0,-0,0,0
0,0,1,0,0,0,0,0,0,-1,1.2246e-16,-0,0,-0,0,0
0,0,1,0,0,0,0,0,0,-1,1.2246e-16,-0,0,-0,0,0
0,0,1,0,0,0,0,0,0,-1,1.2246e-16,-0,0,-0,0,0
0,0,1,0,0,0,0,0,0,-1,1.2246e-16,-0,0,-0,0,0
0,0,1,0,0,0,0,0,0,-1,1.2246e-16,-0,0,-0,0,0
0,0,1,0,0,0,0,0,0,-1,1.2246e-16,-0,0,-0,0,0
0,0,1,0,0,0,0,0,0,-1,1.2246e-16,-0,0,-0,0,0
0,0,1,0,0,0,0,0,0,-1,1.2246e-16,-0,0,-0,0,0
0,0,1,0,0,0,0,0,0,-1,1.2246e-16,-0,0,-0,0,0
0,0,1,0,0,0,0,0,0,-1,1.2246e-16,-0,0,-0,0,0
0,0,1,0,0,0,0,0,0,-1,1.2246e-16,-0,0,-0,0,0
0,0,1,0,0,0,0,0,0,-1,1.2246e-16,-0,0,-0,0,0
0,0,1,0,0,0,0,0,0,-1,1.2246e-16,-0,0,-0,0,0
0,0,1,0,0,0,0,0,0,-1,1.2246e-16,-0,0,-0,0,0
0,0,1,0,0,0,0,0,0,-1,1.2246e-16,-0,0,-0,0,0
0,0,1,0,0,0,0,0,0,-1,1.2246e-16,-0,0,-0,0,0
0,0,1,0,0,0,0,0,0,-1,1.2246e-16,-0,0,-0,0,0
0,0,1,0,0,0,0,0,0,-1,1.2246e-16,-0,0,-0,0,0
0,0,1,0,0,0,0,0,0,-1,1.2246e-16,-0,0,-0,0,0
0,0,1,0,0,0,0,0,0,-1,1.2246e-16,-0,0,-0,0,0
0,0,1,0,0,0,0,0,0,-1,1.2246e-16,-0,0,-0,0,0
0,0,1,0,0,0,0,0,0,-1,1.2246e-16,-0,0,-0,0,0
0,0,1,0,0,0,0,0,0,-1,1.2246e-16,-0,0,-0,0,0
0,0,1,0,0,0,0,0,0,-1,1.2246e-16,-0,0,-0,0,0
0,0,1,0,0,0,0,0,0,-1,1.2246e-16,-0,0,-0,0,0
0,0,1,0,0,0,0,0,0,-1,1.2246e-16,-0,0,-0,0,0
0,0,1,0,0,0,0,0,0,-1,1.2246e-16,-0,0,-0,0,0
0,0,1,0,0,0,0,0,0,-1,1.2246e-16,-0,0,-0,0,0
0,0,1,0,0,0,0,0,0,-1,1.2246e-16,-0,0,-0,0,0
0,0,1,0,0,0,0,0,0,-1,1.2246e-16,-0,0,-0,0,0
0,0,1,0,0,0,0,0,0,-1,1.2246e-16,-0,0,-0,0,0
0,0,1,0,0,0,0,0,0,-1,1.2246e-16,-0,0,-0,0,0
0,0,1,0,0,0,0,0,0,-1,1.2246e-16,-0,0,-0,0,0
0,0,1,0,0,0,0,0,0,-1,1.2246e-16,-0,0,-0,0,0
0,0,1,0,0,0,0,0,0,-1,1.2246e-16,-0,0,-0,0,0
0,0,1,0,0,0,0,0,0,-1,1.2246e-16,-0,0,-0,0,0
0,0,1,0,0,0,0,0,0,-1,1.2246e-16,-0,0,-0,0,0
0,0,1,0,0,0,0,0,0,-1,1.2246e-16,-0,0,-0,0,0
0,0,1,0,0,0,0,0,0,-1,1.2246e-16,-0,0,-0,0,0
0,0,1,0,0,0,0,0,0,-1,1.2246e-16,-0,0,-0,0,0
0,0,1,0,0,0,0,0,0,-1,1.2246e-16,-0,0,-0,0,0
0,0,1,0,0,0,0,0,0,-1,1.2246e-16,-0,0,-0,0,0
0,0,1,0,0,0,0,0,0,-1,1.2246e-16,-0,0,-0,0,0
0,0,1,0,0,0,0,0,0,-1,1.2246e-16,-0,0,-0,0,0
0,0,1,0,0,0,0,0,0,-1,1.2246e-16,-0,0,-0,0,0
0,0,1,0,0,0,0,0,0,-1,1.2246e-16,-0,0,-0,0,0
0,0,1,0,0,0,0,0,0,-1,1.2246e-16,-0,0,-0,0,0
0,0,1,0,0,0,0,0,0,-1,1.2246e-16,-0,0,-0,0,0
0,0,1,0,0,0,0,0,0,-1,1.2246e-16,-0,0,-0,0,0
0,0,1,0,0,0,0,0,0,-1,1.2246e-16,-0,0,-0,0,0
0,0,1,0,0,0,0,0,0,-1,1.2246e-16,-0,0,-0,0,0
0,0,1,0,0,0,0,0,0,-1,1.2246e-16,-0,0,-0,0,0
0,0,1,0,0,0,0,0,0,-1,1.2246e-16,-0,0,-0,0,0
0,0,1,0,0,0,0,0,0,-1,1.2246e-16,-0,0,-0,0,0
0,0,1,0,0,0,0,0,0,-1,1.2246e-16,-0,0,-0,0,0
0,0,1,0,0,0,0,0,0,-1,1.2246e-16,-0,0,-0,0,0
0,0,1,0,0,0,0,0,0,-1,1.2246e-16,-0,0,-0,0,0
0,0,1,0,0,0,0,0,0,-1,1.2246e-16,-0,0,-0,0,0
0,0,1,0,0,0,0,0,0,-1,1.2246e-16,-0,0,-0,0,0
0,0,1,0,0,0,0,0,0,-1,1.2246e-16,-0,0,-0,0,0
0,0,1,0,0,0,0,0,0,-1,1.2246e-16,-0,0,-0,0,0
0,0,1,0,0,0,0,0,0,-1,1.2246e-16,-0,0,-0,0,0
0,0,1,0,0,0,0,0,0,-1,1.2246e-16,-0,0,-0,0,0
0,0,1,0,0,0,0,0,0,-1,1.2246e-16,-0,0,-0,0,0
0,0,1,0,0,0,0,0,0,-1,1.2246e-16,-0,0,-0,0,0
0,0,1,0,0,0,0,0,0,-1,1.2246e-16,-0,0,-0,0,0
0,0,1,0,0,0,0,0,0,-1,1.2246e-16,-0,0,-0,0,0
0,0,1,0,0,0,0,0,0,-1,1.2246e-16,-0,0,-0,0,0
0,0,1,0,0,0,0,0,0,-1,1.2246e-16,-0,0,-0,0,0
0,0,1,0,0,0,0,0,0,-1,1.2246e-16,-0,0,-0,0,0
0,0,1,0,0,0,0,0,0,-1,1.2246e-16,-0,0,-0,0,0
0,0,1,0,0,0,0,0,0,-1,1.2246e-16,-0,0,-0,0,0
0,0,1,0,0,0,0,0,0,-1,1.2246e-16,-0,0,-0,0,0
0,0,1,0,0,0,0,0,0,-1,1.2246e-16,-0,0,-0,0,0
0,0,1,0,0,0,0,0,0,-1,1.2246e-16,-0,0,-0,0,0
0,0,1,0,0,0,0,0,0,-1,1.2246e-16,-0,0,-0,0,0
0,0,1,0,0,0,0,0,0,-1,1.2246e-16,-0,0,-0,0,0
0,0,1,0,0,0,0,0,0,-1,1.2246e-16,-0,0,-0,0,0
0,0,1,0,0,0,0,0,0,-1,1.2246e-16,-0,0,-0,0,0
0,0,1,0,0,0,0,0,0,-1,1.2246e-16,-0,0,-0,0,0
0,0,1,0,0,0,0,0,0,-1,1.2246e-16,-0,0,-0,0,0
0,0,1,0,0,0,0,0,0,-1,1.2246e-16,-0,0,-0,0,0
0,0,1,0,0,0,0,0,0,-1,1.2246e-16,-0,0,-0,0,0
0,0,1,0,0,0,0,0,0,-1,1.2246e-16,-0,0,-0,0,0
0,0,1,0,0,0,0,0,0,-1,1.2246e-16,-0,0,-0,0,0
0,0,1,0,0,0,0,0,0,-1,1.2246e-16,-0,0,-0,0,0
0,0,1,0,0,0,0,0,0,-1,1.2246e-16,-0,0,-0,0,0
0,0,1,0,0,0,0,0,0,-1,1.2246e-16,-0,0,-0,0,0
0,0,1,0,0,0,0,0,0,-1,1.2246e-16,-0,0,-0,0,0
0,0,1,0,0,0,0,0,0,-1,1.2246e-16,-0,0,-0,0,0
0,0,1,0,0,0,0,0,0,-1,1.2246e-16,-0,0,-0,0,0
0,0,1,0,0,0,0,0,0,-1,1.2246e-16,-0,0,-0,0,0
0,0,1,0,0,0,0,0,0,-1,1.2246e-16,-0,0,-0,0,0
0,0,1,0,0,0,0,0,0,-1,1.2246e-16,-0,0,-0,0,0
0,0,1,0,0,0,0,0,0,-1,1.2246e-16,-0,0,-0,0,0
0,0,1,0,0,0,0,0,0,-1,1.2246e-16,-0,0,-0,0,0
0,0,1,0,0,0,0,0,0,-1,1.2246e-16,-0,0,-0,0,0
0,0,1,0,0,0,0,0,0,-1,1.2246e-16,-0,0,-0,0,0
0,0,1,0,0,0,0,0,0,-1,1.2246e-16,-0,0,-0,0,0
0,0,1,0,0,0,0,0,0,-1,1.2246e-16,-0,0,-0,0,0
0,0,1,0,0,0,0,0,0,-1,1.2246e-16,-0,0,-0,0,0
0,0,1,0,0,0,0,0,0,-1,1.2246e-16,-0,0,-0,0,0
0,0,1,0,0,0,0,0,0,-1,1.2246e-16,-0,0,-0,0,0
0,0,1,0,0,0,0,0,0,-1,1.2246e-16,-0,0,-0,0,0
0,0,1,0,0,0,0,0,0,-1,1.2246e-16,-0,0,-0,0,0
0,0,1,0,0,0,0,0,0,-1,1.2246e-16,-0,0,-0,0,0
0,0,1,0,0,0,0,0,0,-1,1.2246e-16,-0,0,-0,0,0
0,0,1,0,0,0,0,0,0,-1,1.2246e-16,-0,0,-0,0,0
0,0,1,0,0,0,0,0,0,-1,1.2246e-16,-0,0,-0,0,0
0,0,1,0,0,0,0,0,0,-1,1.2246e-16,-0,0,-0,0,0
0,0,1,0,0,0,0,0,0,-1,1.2246e-16,-0,0,-0,0,0
0,0,1,0,0,0,0,0,0,-1,1.2246e-16,-0,0,-0,0,0
0,0,1,0,0,0,0,0,0,-1,1.2246e-16,-0,0,-0,0,0
0,0,1,0,0,0,0,0,0,-1,1.2246e-16,-0,0,-0,0,0
0,0,1,0,0,0,0,0,0,-1,1.2246e-16,-0,0,-0,0,0
0,0,1,0,0,0,0,0,0,-1,1.2246e-16,-0,0,-0,0,0
0,0,1,0,0,0,0,0,0,-1,1.2246e-16,-0,0,-0,0,0
0,0,1,0,0,0,0,0,0,-1,1.2246e-16,-0,0,-0,0,0
0,0,1,0,0,0,0,0,0,-1,1.2246e-16,-0,0,-0,0,0
0,0,1,0,0,0,0,0,0,-1,1.2246e-16,-0,0,-0,0,0
0,0,1,0,0,0,0,0,0,-1,1.2246e-16,-0,0,-0,0,0
0,0,1,0,0,0,0,0,0,-1,1.2246e-16,-0,0,-0,0,0
0,0,1,0,0,0,0,0,0,-1,1.2246e-16,-0,0,-0,0,0
0,0,1,0,0,0,0,0,0,-1,1.2246e-16,-0,0,-0,0,0
0,0,1,0,0,0,0,0,0,-1,1.2246e-16,-0,0,-0,0,0
0,0,1,0,0,0,0,0,0,-1,1.2246e-16,-0,0,-0,0,0
0,0,1,0,0,0,0,0,0,-1,1.2246e-16,-0,0,-0,0,0
0,0,1,0,0,0,0,0,0,-1,1.2246e-16,-0,0,-0,0,0
0,0,1,0,0,0,0,0,0,-1,1.2246e-16,-0,0,-0,0,0
0,0,1,0,0,0,0,0,0,-1,1.2246e-16,-0,0,-0,0,0
0,0,1,0,0,0,0,0,0,-1,1.2246e-16,-0,0,-0,0,0
0,0,1,0,0,0,0,0,0,-1,1.2246e-16,-0,0,-0,0,0
0,0,1,0,0,0,0,0,0,-1,1.2246e-16,-0,0,-0,0,0
0,0,1,0,0,0,0,0,0,-1,1.2246e-16,-0,0,-0,0,0
0,0,1,0,0,0,0,0,0,-1,1.2246e-16,-0,0,-0,0,0
0,0,1,0,0,0,0,0,0,-1,1.2246e-16,-0,0,-0,0,0
0,0,1,0,0,0,0,0,0,-1,1.2246e-16,-0,0,-0,0,0
0,0,1,0,0,0,0,0,0,-1,1.2246e-16,-0,0,-0,0,0
0,0,1,0,0,0,0,0,0,-1,1.2246e-16,-0,0,-0,0,0
0,0,1,0,0,0,0,0,0,-1,1.2246e-16,-0,0,-0,0,0
0,0,1,0,0,0,0,0,0,-1,1.2246e-16,-0,0,-0,0,0
0,0,1,0,0,0,0,0,0,-1,1.2246e-16,-0,0,-0,0,0
0,0,1,0,0,0,0,0,0,-1,1.2246e-16,-0,0,-0,0,0
0,0,1,0,0,0,0,0,0,-1,1.2246e-16,-0,0,-0,0,0
0,0,1,0,0,0,0,0,0,-1,1.2246e-16,-0,0,-0,0,0
0,0,1,0,0,0,0,0,0,-1,1.2246e-16,-0,0,-0,0,0
0,0,1,0,0,0,0,0,0,-1,1.2246e-16,-0,0,-0,0,0
0,0,1,0,0,0,0,0,0,-1,1.2246e-16,-0,0,-0,0,0
0,0,1,0,0,0,0,0,0,-1,1.2246e-16,-0,0,-0,0,0
0,0,1,0,0,0,0,0,0,-1,1.2246e-16,-0,0,-0,0,0
0,0,1,0,0,0,0,0,0,-1,1.2246e-16,-0,0,-0,0,0
0,0,1,0,0,0,0,0,0,-1,1.2246e-16,-0,0,-0,0,0
0,0,1,0,0,0,0,0,0,-1,1.2246e-16,-0,0,-0,0,0
0,0,1,0,0,0,0,0,0,-1,1.2246e-16,-0,0,-0,0,0
0,0,1,0,0,0,0,0,0,-1,1.2246e-16,-0,0,-0,0,0
0,0,1,0,0,0,0,0,0,-1,1.2246e-16,-0,0,-0,0,0
0,0,1,0,0,0,0,0,0,-1,1.2246e-16,-0,0,-0,0,0
0,0,1,0,0,0,0,0,0,-1,1.2246e-16,-0,0,-0,0,0
0,0,1,0,0,0,0,0,0,-1,1.2246e-16,-0,0,-0,0,0
0,0,1,0,0,0,0,0,0,-1,1.2246e-16,-0,0,-0,0,0
0,0,1,0,0,0,0,0,0,-1,1.2246e-16,-0,0,-0,0,0
0,0,1,0,0,0,0,0,0,-1,1.2246e-16,-0,0,-0,0,0
0,0,1,0,0,0,0,0,0,-1,1.2246e-16,-0,0,-0,0,0
0,0,1,0,0,0,0,0,0,-1,1.2246e-16,-0,0,-0,0,0
0,0,1,0,0,0,0,0,0,-1,1.2246e-16,-0,0,-0,0,0
0,0,1,0,0,0,0,0,0,-1,1.2246e-16,-0,0,-0,0,0
0,0,1,0,0,0,0,0,0,-1,1.2246e-16,-0,0,-0,0,0
0,0,1,0,0,0,0,0,0,-1,1.2246e-16,-0,0,-0,0,0
0,0,1,0,0,0,0,0,0,-1,1.2246e-16,-0,0,-0,0,0
0,0,1,0,0,0,0,0,0,-1,1.2246e-16,-0,0,-0,0,0
0,0,1,0,0,0,0,0,0,-1,1.2246e-16,-0,0,-0,0,0
0,0,1,0,0,0,0,0,0,-1,1.2246e-16,-0,0,-0,0,0
0,0,1,0,0,0,0,0,0,-1,1.2246e-16,-0,0,-0,0,0
0,0,1,0,0,0,0,0,0,-1,1.2246e-16,-0,0,-0,0,0
0,0,1,0,0,0,0,0,0,-1,1.2246e-16,-0,0,-0,0,0
0,0,1,0,0,0,0,0,0,-1,1.2246e-16,-0,0,-0,0,0
0,0,1,0,0,0,0,0,0,-1,1.2246e-16,-0,0,-0,0,0
0,0,1,0,0,0,0,0,0,-1,1.2246e-16,-0,0,-0,0,0
0,0,1,0,0,0,0,0,0,-1,1.2246e-16,-0,0,-0,0,0
0,0,1,0,0,0,0,0,0,-1,1.2246e-16,-0,0,-0,0,0
0,0,1,0,0,0,0,0,0,-1,1.2246e-16,-0,0,-0,0,0
0,0,1,0,0,0,0,0,0,-1,1.2246e-16,-0,0,-0,0,0
0,0,1,0,0,0,0,0,0,-1,1.2246e-16,-0,0,-0,0,0
0,0,1,0,0,0,0,0,0,-1,1.2246e-16,-0,0,-0,0,0
0,0,1,0,0,0,0,0,0,-1,1.2246e-16,-0,0,-0,0,0
0,0,1,0,0,0,0,0,0,-1,1.2246e-16,-0,0,-0,0,0
0,0,1,0,0,0,0,0,0,-1,1.2246e-16,-0,0,-0,0,0
0,0,1,0,0,0,0,0,0,-1,1.2246e-16,-0,0,-0,0,0
0,0,1,0,0,0,0,0,0,-1,1.2246e-16,-0,0,-0,0,0
0,0,1,0,0,0,0,0,0,-1,1.2246e-16,-0,0,-0,0,0
0,0,1,0,0,0,0,0,0,-1,1.2246e-16,-0,0,-0,0,0
0,0,1,0,0,0,0,0,0,-1,1.2246e-16,-0,0,-0,0,0
0,0,1,0,0,0,0,0,0,-1,1.2246e-16,-0,0,-0,0,0
0,0,1,0,0,0,0,0,0,-1,1.2246e-16,-0,0,-0,0,0
0,0,1,0,0,0,0,0,0,-1,1.2246e-16,-0,0,-0,0,0
0,0,1,0,0,0,0,0,0,-1,1.2246e-16,-0,0,-0,0,0
0,0,1,0,0,0,0,0,0,-1,1.2246e-16,-0,0,-0,0,0
0,0,1,0,0,0,0,0,0,-1,1.2246e-16,-0,0,-0,0,0
0,0,1,0,0,0,0,0,0,-1,1.2246e-16,-0,0,-0,0,0
0,0,1,0,0,0,0,0,0,-1,1.2246e-16,-0,0,-0,0,0
0,0,1,0,0,0,0,0,0,-1,1.2246e-16,-0,0,-0,0,0
0,0,1,0,0,0,0,0,0,-1,1.2246e-16,-0,0,-0,0,0
0,0,1,0,0,0,0,0,0,-1,1.2246e-16,-0,0,-0,0,0
0,0,1,0,0,0,0,0,0,-1,1.2246e-16,-0,0,-0,0,0
0,0,1,0,0,0,0,0,0,-1,1.2246e-16,-0,0,-0,0,0
0,0,1,0,0,0,0,0,0,-1,1.2246e-16,-0,0,-0,0,0
0,0,1,0,0,0,0,0,0,-1,1.2246e-16,-0,0,-0,0,0
0,0,1,0,0,0,0,0,0,-1,1.2246e-16,-0,0,-0,0,0
0,0,1,0,0,0,0,0,0,-1,1.2246e-16,-0,0,-0,0,0
0,0,1,0,0,0,0,0,0,-1,1.2246e-16,-0,0,-0,0,0
0,0,1,0,0,0,0,0,0,-1,1.2246e-16,-0,0,-0,0,0
0,0,1,0,0,0,0,0,0,-1,1.2246e-16,-0,0,-0,0,0
0,0,1,0,0,0,0,0,0,-1,1.2246e-16,-0,0,-0,0,0
0,0,1,0,0,0,0,0,0,-1,1.2246e-16,-0,0,-0,0,0
0,0,1,0,0,0,0,0,0,-1,1.2246e-16,-0,0,-0,0,0
0,0,1,0,0,0,0,0,0,-1,1.2246e-16,-0,0,-0,0,0
0,0,1,0,0,0,0,0,0,-1,1.2246e-16,-0,0,-0,0,0
0,0,1,0,0,0,0,0,0,-1,1.2246e-16,-0,0,-0,0,0
0,0,1,0,0,0,0,0,0,-1,1.2246e-16,-0,0,-0,0,0
0,0,1,0,0,0,0,0,0,-1,1.2246e-16,-0,0,-0,0,0
0,0,1,0,0,0,0,0,0,-1,1.2246e-16,-0,0,-0,0,0
0,0,1,0,0,0,0,0,0,-1,1.2246e-16,-0,0,-0,0,0
0,0,1,0,0,0,0,0,0,-1,1.2246e-16,-0,0,-0,0,0
0,0,1,0,0,0,0,0,0,-1,1.2246e-16,-0,0,-0,0,0
0,0,1,0,0,0,0,0,0,-1,1.2246e-16,-0,0,-0,0,0
0,0,1,0,0,0,0,0,0,-1,1.2246e-16,-0,0,-0,0,0
0,0,1,0,0,0,0,0,0,-1,1.2246e-16,-0,0,-0,0,0
0,0,1,0,0,0,0,0,0,-1,1.2246e-16,-0,0,-0,0,0
0,0,1,0,0,0,0,0,0,-1,1.2246e-16,-0,0,-0,0,0
0,0,1,0,0,0,0,0,0,-1,1.2246e-16,-0,0,-0,0,0
0,0,1,0,0,0,0,0,0,-1,1.2246e-16,-0,0,-0,0,0
0,0,1,0,0,0,0,0,0,-1,1.2246e-16,-0,0,-0,0,0
0,0,1,0,0,0,0,0,0,-1,1.2246e-16,-0,0,-0,0,0
0,0,1,0,0,0,0,0,0,-1,1.2246e-16,-0,0,-0,0,0
0,0,1,0,0,0,0,0,0,-1,1.2246e-16,-0,0,-0,0,0
0,0,1,0,0,0,0,0,0,-1,1.2246e-16,-0,0,-0,0,0
0,0,1,0,0,0,0,0,0,-1,1.2246e-16,-0,0,-0,0,0
0,0,1,0,0,0,0,0,0,-1,1.2246e-16,-0,0,-0,0,0
0,0,1,0,0,0,0,0,0,-1,1.2246e-16,-0,0,-0,0,0
0,0,1,0,0,0,0,0,0,-1,1.2246e-16,-0,0,-0,0,0
0,0,1,0,0,0,0,0,0,-1,1.2246e-16,-0,0,-0,0,0
0,0,1,0,0,0,0,0,0,-1,1.2246e-16,-0,0,-0,0,0
0,0,1,0,0,0,0,0,0,-1,1.2246e-16,-0,0,-0,0,0
0,0,1,0,0,0,0,0,0,-1,1.2246e-16,-0,0,-0,0,0
0,0,1,0,0,0,0,0,0,-1,1.2246e-16,-0,0,-0,0,0
0,0,1,0,0,0,0,0,0,-1,1.2246e-16,-0,0,-0,0,0
0,0,1,0,0,0,0,0,0,-1,1.2246e-16,-0,0,-0,0,0
0,0,1,0,0,0,0,0,0,-1,1.2246e-16,-0,0,-0,0,0
0,0,1,0,0,0,0,0,0,-1,1.2246e-16,-0,0,-0,0,0
0,0,1,0,0,0,0,0,0,-1,1.2246e-16,-0,0,-0,0,0
0,0,1,0,0,0,0,0,0,-1,1.2246e-16,-0,0,-0,0,0
0,0,1,0,0,0,0,0,0,-1,1.2246e-16,-0,0,-0,0,0
0,0,1,0,0,0,0,0,0,-1,1.2246e-16,-0,0,-0,0,0
0,0,1,0,0,0,0,0,0,-1,1.2246e-16,-0,0,-0,0,0
0,0,1,0,0,0,0,0,0,-1,1.2246e-16,-0,0,-0,0,0
0,0,1,0,0,0,0,0,0,-1,1.2246e-16,-0,0,-0,0,0
0,0,1,0,0,0,0,0,0,-1,1.2246e-16,-0,0,-0,0,0
0,0,1,0,0,0,0,0,0,-1,1.2246e-16,-0,0,-0,0,0
0,0,1,0,0,0,0,0,0,-1,1.2246e-16,-0,0,-0,0,0
0,0,1,0,0,0,0,0,0,-1,1.2246e-16,-0,0,-0,0,0
0,0,1,0,0,0,0,0,0,-1,1.2246e-16,-0,0,-0,0,0
0,0,1,0,0,0,0,0,0,-1,1.2246e-16,-0,0,-0,0,0
0,0,1,0,0,0,0,0,0,-1,1.2246e-16,-0,0,-0,0,0
0,0,1,0,0,0,0,0,0,-1,1.2246e-16,-0,0,-0,0,0
0,0,1,0,0,0,0,0,0,-1,1.2246e-16,-0,0,-0,0,0
0,0,1,0,0,0,0,0,0,-1,1.2246e-16,-0,0,-0,0,0
0,0,1,0,0,0,0,0,0,-1,1.2246e-16,-0,0,-0,0,0
0,0,1,0,0,0,0,0,0,-1,1.2246e-16,-0,0,-0,0,0
0,0,1,0,0,0,0,0,0,-1,1.2246e-16,-0,0,-0,0,0
0,0,1,0,0,0,0,0,0,-1,1.2246e-16,-0,0,-0,0,0
0,0,1,0,0,0,0,0,0,-1,1.2246e-16,-0,0,-0,0,0
0,0,1,0,0,0,0,0,0,-1,1.2246e-16,-0,0,-0,0,0
0,0,1,0,0,0,0,0,0,-1,1.2246e-16,-0,0,-0,0,0
0,0,1,0,0,0,0,0,0,-1,1.2246e-16,-0,0,-0,0,0
0,0,1,0,0,0,0,0,0,-1,1.2246e-16,-0,0,-0,0,0
0,0,1,0,0,0,0,0,0,-1,1.2246e-16,-0,0,-0,0,0
0,0,1,0,0,0,0,0,0,-1,1.2246e-16,-0,0,-0,0,0
0,0,1,0,0,0,0,0,0,-1,1.2246e-16,-0,0,-0,0,0
0,0,1,0,0,0,0,0,0,-1,1.2246e-16,-0,0,-0,0,0
0,0,1,0,0,0,0,0,0,-1,1.2246e-16,-0,0,-0,0,0
0,0,1,0,0,0,0,0,0,-1,1.2246e-16,-0,0,-0,0,0
0,0,1,0,0,0,0,0,0,-1,1.2246e-16,-0,0,-0,0,0
0,0,1,0,0,0,0,0,0,-1,1.2246e-16,-0,0,-0,0,0
0,0,1,0,0,0,0,0,0,-1,1.2246e-16,-0,0,-0,0,0
0,0,1,0,0,0,0,0,0,-1,1.2246e-16,-0,0,-0,0,0
0,0,1,0,0,0,0,0,0,-1,1.2246e-16,-0,0,-0,0,0
0,0,1,0,0,0,0,0,0,-1,1.2246e-16,-0,0,-0,0,0
0,0,1,0,0,0,0,0,0,-1,1.2246e-16,-0,0,-0,0,0
0,0,1,0,0,0,0,0,0,-1,1.2246e-16,-0,0,-0,0,0
0,0,1,0,0,0,0,0,0,-1,1.2246e-16,-0,0,-0,0,0
0,0,1,0,0,0,0,0,0,-1,1.2246e-16,-0,0,-0,0,0
0,0,1,0,0,0,0,0,0,-1,1.2246e-16,-0,0,-0,0,0
0,0,1,0,0,0,0,0,0,-1,1.2246e-16,-0,0,-0,0,0
0,0,1,0,0,0,0,0,0,-1,1.2246e-16,-0,0,-0,0,0
0,0,1,0,0,0,0,0,0,-1,1.2246e-16,-0,0,-0,0,0
0,0,1,0,0,0,0,0,0,-1,1.2246e-16,-0,0,-0,0,0
0,0,1,0,0,0,0,0,0,-1,1.2246e-16,-0,0,-0,0,0
0,0,1,0,0,0,0,0,0,-1,1.2246e-16,-0,0,-0,0,0
0,0,1,0,0,0,0,0,0,-1,1.2246e-16,-0,0,-0,0,0
0,0,1,0,0,0,0,0,0,-1,1.2246e-16,-0,0,-0,0,0
0,0,1,0,0,0,0,0,0,-1,1.2246e-16,-0,0,-0,0,0
0,0,1,0,0,0,0,0,0,-1,1.2246e-16,-0,0,-0,0,0
0,0,1,0,0,0,0,0,0,-1,1.2246e-16,-0,0,-0,0,0
0,0,1,0,0,0,0,0,0,-1,1.2246e-16,-0,0,-0,0,0
0,0,1,0,0,0,0,0,0,-1,1.2246e-16,-0,0,-0,0,0
0,0,1,0,0,0,0,0,0,-1,1.2246e-16,-0,0,-0,0,0
0,0,1,0,0,0,0,0,0,-1,1.2246e-16,-0,0,-0,0,0
0,0,1,0,0,0,0,0,0,-1,1.2246e-16,-0,0,-0,0,0
0,0,1,0,0,0,0,0,0,-1,1.2246e-16,-0,0,-0,0,0
0,0,1,0,0,0,0,0,0,-1,1.2246e-16,-0,0,-0,0,0
0,0,1,0,0,0,0,0,0,-1,1.2246e-16,-0,0,-0,0,0
0,0,1,0,0,0,0,0,0,-1,1.2246e-16,-0,0,-0,0,0
0,0,1,0,0,0,0,0,0,-1,1.2246e-16,-0,0,-0,0,0
0,0,1,0,0,0,0,0,0,-1,1.2246e-16,-0,0,-0,0,0
0,0,1,0,0,0,0,0,0,-1,1.2246e-16,-0,0,-0,0,0
0,0,1,0,0,0,0,0,0,-1,1.2246e-16,-0,0,-0,0,0
0,0,1,0,0,0,0,0,0,-1,1.2246e-16,-0,0,-0,0,0
0,0,1,0,0,0,0,0,0,-1,1.2246e-16,-0,0,-0,0,0
0,0,1,0,0,0,0,0,0,-1,1.2246e-16,-0,0,-0,0,0
0,0,1,0,0,0,0,0,0,-1,1.2246e-16,-0,0,-0,0,0
0,0,1,0,0,0,0,0,0,-1,1.2246e-16,-0,0,-0,0,0
0,0,1,0,0,0,0,0,0,-1,1.2246e-16,-0,0,-0,0,0
0,0,1,0,0,0,0,0,0,-1,1.2246e-16,-0,0,-0,0,0
0,0,1,0,0,0,0,0,0,-1,1.2246e-16,-0,0,-0,0,0
0,0,1,0,0,0,0,0,0,-1,1.2246e-16,-0,0,-0,0,0
0,0,1,0,0,0,0,0,0,-1,1.2246e-16,-0,0,-0,0,0
0,0,1,0,0,0,0,0,0,-1,1.2246e-16,-0,0,-0,0,0
0,0,1,0,0,0,0,0,0,-1,1.2246e-16,-0,0,-0,0,0
0,0,1,0,0,0,0,0,0,-1,1.2246e-16,-0,0,-0,0,0
0,0,1,0,0,0,0,0,0,-1,1.2246e-16,-0,0,-0,0,0
0,0,1,0,0,0,0,0,0,-1,1.2246e-16,-0,0,-0,0,0
0,0,1,0,0,0,0,0,0,-1,1.2246e-16,-0,0,-0,0,0
0,0,1,0,0,0,0,0,0,-1,1.2246e-16,-0,0,-0,0,0
0,0,1,0,0,0,0,0,0,-1,1.2246e-16,-0,0,-0,0,0
0,0,1,0,0,0,0,0,0,-1,1.2246e-16,-0,0,-0,0,0
0,0,1,0,0,0,0,0,0,-1,1.2246e-16,-0,0,-0,0,0
0,0,1,0,0,0,0,0,0,-1,1.2246e-16,-0,0,-0,0,0
0,0,1,0,0,0,0,0,0,-1,1.2246e-16,-0,0,-0,0,0
0,0,1,0,0,0,0,0,0,-1,1.2246e-16,-0,0,-0,0,0
0,0,1,0,0,0,0,0,0,-1,1.2246e-16,-0,0,-0,0,0
0,0,1,0,0,0,0,0,0,-1,1.2246e-16,-0,0,-0,0,0
0,0,1,0,0,0,0,0,0,-1,1.2246e-16,-0,0,-0,0,0
0,0,1,0,0,0,0,0,0,-1,1.2246e-16,-0,0,-0,0,0
0,0,1,0,0,0,0,0,0,-1,1.2246e-16,-0,0,-0,0,0
0,0,1,0,0,0,0,0,0,-1,1.2246e-16,-0,0,-0,0,0
0,0,1,0,0,0,0,0,0,-1,1.2246e-16,-0,0,-0,0,0
0,0,1,0,0,0,0,0,0,-1,1.2246e-16,-0,0,-0,0,0
0,0,1,0,0,0,0,0,0,-1,1.2246e-16,-0,0,-0,0,0
0,0,1,0,0,0,0,0,0,-1,1.2246e-16,-0,0,-0,0,0
0,0,1,0,0,0,0,0,0,-1,1.2246e-16,-0,0,-0,0,0
0,0,1,0,0,0,0,0,0,-1,1.2246e-16,-0,0,-0,0,0
0,0,1,0,0,0,0,0,0,-1,1.2246e-16,-0,0,-0,0,0
0,0,1,0,0,0,0,0,0,-1,1.2246e-16,-0,0,-0,0,0
0,0,1,0,0,0,0,0,0,-1,1.2246e-16,-0,0,-0,0,0
0,0,1,0,0,0,0,0,0,-1,1.2246e-16,-0,0,-0,0,0
0,0,1,0,0,0,0,0,0,-1,1.2246e-16,-0,0,-0,0,0
0,0,1,0,0,0,0,0,0,-1,1.2246e-16,-0,0,-0,0,0
0,0,1,0,0,0,0,0,0,-1,1.2246e-16,-0,0,-0,0,0
0,0,1,0,0,0,0,0,0,-1,1.2246e-16,-0,0,-0,0,0
0,0,1,0,0,0,0,0,0,-1,1.2246e-16,-0,0,-0,0,0
0,0,1,0,0,0,0,0,0,-1,1.2246e-16,-0,0,-0,0,0
0,0,1,0,0,0,0,0,0,-1,1.2246e-16,-0,0,-0,0,0
0,0,1,0,0,0,0,0,0,-1,1.2246e-16,-0,0,-0,0,0
0,0,1,0,0,0,0,0,0,-1,1.2246e-16,-0,0,-0,0,0
0,0,1,0,0,0,0,0,0,-1,1.2246e-16,-0,0,-0,0,0
0,0,1,0,0,0,0,0,0,-1,1.2246e-16,-0,0,-0,0,0
0,0,1,0,0,0,0,0,0,-1,1.2246e-16,-0,0,-0,0,0
0,0,1,0,0,0,0,0,0,-1,1.2246e-16,-0,0,-0,0,0
0,0,1,0,0,0,0,0,0,-1,1.2246e-16,-0,0,-0,0,0
0,0,1,0,0,0,0,0,0,-1,1.2246e-16,-0,0,-0,0,0
0,0,1,0,0,0,0,0,0,-1,1.2246e-16,-0,0,-0,0,0
0,0,1,0,0,0,0,0,0,-1,1.2246e-16,-0,0,-0,0,0
0,0,1,0,0,0,0,0,0,-1,1.2246e-16,-0,0,-0,0,0
0,0,1,0,0,0,0,0,0,-1,1.2246e-16,-0,0,-0,0,0
0,0,1,0,0,0,0,0,0,-1,1.2246e-16,-0,0,-0,0,0
0,0,1,0,0,0,0,0,0,-1,1.2246e-16,-0,0,-0,0,0
0,0,1,0,0,0,0,0,0,-1,1.2246e-16,-0,0,-0,0,0
0,0,1,0,0,0,0,0,0,-1,1.2246e-16,-0,0,-0,0,0
0,0,1,0,0,0,0,0,0,-1,1.2246e-16,-0,0,-0,0,0
0,0,1,0,0,0,0,0,0,-1,1.2246e-16,-0,0,-0,0,0
0,0,1,0,0,0,0,0,0,-1,1.2246e-16,-0,0,-0,0,0
0,0,1,0,0,0,0,0,0,-1,1.2246e-16,-0,0,-0,0,0
0,0,1,0,0,0,0,0,0,-1,1.2246e-16,-0,0,-0,0,0
0,0,1,0,0,0,0,0,0,-1,1.2246e-16,-0,0,-0,0,0
0,0,1,0,0,0,0,0,0,-1,1.2246e-16,-0,0,-0,0,0
0,0,1,0,0,0,0,0,0,-1,1.2246e-16,-0,0,-0,0,0
0,0,1,0,0,0,0,0,0,-1,1.2246e-16,-0,0,-0,0,0
0,0,1,0,0,0,0,0,0,-1,1.2246e-16,-0,0,-0,0,0
0,0,1,0,0,0,0,0,0,-1,1.2246e-16,-0,0,-0,0,0
0,0,1,0,0,0,0,0,0,-1,1.2246e-16,-0,0,-0,0,0
0,0,1,0,0,0,0,0,0,-1,1.2246e-16,-0,0,-0,0,0
0,0,1,0,0,0,0,0,0,-1,1.2246e-16,-0,0,-0,0,0
0,0,1,0,0,0,0,0,0,-1,1.2246e-16,-0,0,-0,0,0
0,0,1,0,0,0,0,0,0,-1,1.2246e-16,-0,0,-0,0,0
0,0,1,0,0,0,0,0,0,-1,1.2246e-16,-0,0,-0,0,0
0,0,1,0,0,0,0,0,0,-1,1.2246e-16,-0,0,-0,0,0
0,0,1,0,0,0,0,0,0,-1,1.2246e-16,-0,0,-0,0,0
0,0,1,0,0,0,0,0,0,-1,1.2246e-16,-0,0,-0,0,0
0,0,1,0,0,0,0,0,0,-1,1.2246e-16,-0,0,-0,0,0
0,0,1,0,0,0,0,0,0,-1,1.2246e-16,-0,0,-0,0,0
0,0,1,0,0,0,0,0,0,-1,1.2246e-16,-0,0,-0,0,0
0,0,1,0,0,0,0,0,0,-1,1.2246e-16,-0,0,-0,0,0
0,0,1,0,0,0,0,0,0,-1,1.2246e-16,-0,0,-0,0,0
0,0,1,0,0,0,0,0,0,-1,1.2246e-16,-0,0,-0,0,0
0,0,1,0,0,0,0,0,0,-1,1.2246e-16,-0,0,-0,0,0
0,0,1,0,0,0,0,0,0,-1,1.2246e-16,-0,0,-0,0,0
0,0,1,0,0,0,0,0,0,-1,1.2246e-16,-0,0,-0,0,0
0,0,1,0,0,0,0,0,0,-1,1.2246e-16,-0,0,-0,0,0
0,0,1,0,0,0,0,0,0,-1,1.2246e-16,-0,0,-0,0,0
0,0,1,0,0,0,0,0,0,-1,1.2246e-16,-0,0,-0,0,0
0,0,1,0,0,0,0,0,0,-1,1.2246e-16,-0,0,-0,0,0
0,0,1,0,0,0,0,0,0,-1,1.2246e-16,-0,0,-0,0,0
0,0,1,0,0,0,0,0,0,-1,1.2246e-16,-0,0,-0,0,0
0,0,1,0,0,0,0,0,0,-1,1.2246e-16,-0,0,-0,0,0
0,0,1,0,0,0,0,0,0,-1,1.2246e-16,-0,0,-0,0,0
0,0,1,0,0,0,0,0,0,-1,1.2246e-16,-0,0,-0,0,0
0,0,1,0,0,0,0,0,0,-1,1.2246e-16,-0,0,-0,0,0
0,0,1,0,0,0,0,0,0,-1,1.2246e-16,-0,0,-0,0,0
0,0,1,0,0,0,0,0,0,-1,1.2246e-16,-0,0,-0,0,0
0,0,1,0,0,0,0,0,0,-1,1.2246e-16,-0,0,-0,0,0
0,0,1,0,0,0,0,0,0,-1,1.2246e-16,-0,0,-0,0,0
0,0,1,0,0,0,0,0,0,-1,1.2246e-16,-0,0,-0,0,0
0,0,1,0,0,0,0,0,0,-1,1.2246e-16,-0,0,-0,0,0
0,0,1,0,0,0,0,0,0,-0.99997,0.0078539,-0,0,-0.78539,0,0
0,0,1,0,0,0,0,0,0,-0.99988,0.015707,-0,0,-0.78539,0,0
0,0,1,0,0,0,0,0,0,-0.99972,0.02356,-0,0,-0.78539,0,0
0,0,1,0,0,0,0,0,0,-0.99951,0.031411,-0,0,-0.78539,0,0
0,0,1,0,0,0,0,0,0,-0.99923,0.03926,-0,0,-0.78539,0,0
0,0,1,0,0,0,0,0,0,-0.99889,0.047106,-0,0,-0.78539,0,0
0,0,1,0,0,0,0,0,0,-0.99849,0.05495,-0,0,-0.78539,0,0
0,0,1,0,0,0,0,0,0,-0.99803,0.062791,-0,0,-0.78539,0,0
0,0,1,0,0,0,0,0,0,-0.9975,0.070627,-0,0,-0.78539,0,0
0,0,1,0,0,0,0,0,0,-0.99692,0.078459,-0,0,-0.78539,0,0
0,0,1,0,0,0,0,0,0,-0.99627,0.086286,-0,0,-0.78539,0,0
0,0,1,0,0,0,0,0,0,-0.99556,0.094108,-0,0,-0.78539,0,0
0,0,1,0,0,0,0,0,0,-0.99479,0.10192,-0,0,-0.78539,0,0
0,0,1,0,0,0,0,0,0,-0.99396,0.10973,-0,0,-0.78539,0,0
0,0,1,0,0,0,0,0,0,-0.99307,0.11754,-0,0,-0.78539,0,0
0,0,1,0,0,0,0,0,0,-0.99211,0.12533,-0,0,-0.78539,0,0
0,0,1,0,0,0,0,0,0,-0.9911,0.13312,-0,0,-0.78539,0,0
0,0,1,0,0,0,0,0,0,-0.99002,0.1409,-0,0,-0.78539,0,0
0,0,1,0,0,0,0,0,0,-0.98889,0.14867,-0,0,-0.78539,0,0
0,0,1,0,0,0,0,0,0,-0.98769,0.15643,-0,0,-0.78539,0,0
0,0,1,0,0,0,0,0,0,-0.98643,0.16419,-0,0,-0.78539,0,0
0,0,1,0,0,0,0,0,0,-0.98511,0.17193,-0,0,-0.78539,0,0
0,0,1,0,0,0,0,0,0,-0.98373,0.17966,-0,0,-0.78539,0,0
0,0,1,0,0,0,0,0,0,-0.98229,0.18738,-0,0,-0.78539,0,0
0,0,1,0,0,0,0,0,0,-0.98079,0.19509,-0,0,-0.78539,0,0
0,0,1,0,0,0,0,0,0,-0.97922,0.20279,-0,0,-0.78539,0,0
0,0,1,0,0,0,0,0,0,-0.9776,0.21047,-0,0,-0.78539,0,0
0,0,1,0,0,0,0,0,0,-0.97592,0.21814,-0,0,-0.78539,0,0
0,0,1,0,0,0,0,0,0,-0.97417,0.2258,-0,0,-0.78539,0,0
0,0,1,0,0,0,0,0,0,-0.97237,0.23345,-0,0,-0.78539,0,0
0,0,1,0,0,0,0,0,0,-0.97051,0.24108,-0,0,-0.78539,0,0
0,0,1,0,0,0,0,0,0,-0.96858,0.24869,-0,0,-0.78539,0,0
0,0,1,0,0,0,0,0,0,-0.9666,0.25629,-0,0,-0.78539,0,0
0,0,1,0,0,0,0,0,0,-0.96456,0.26387,-0,0,-0.78539,0,0
0,0,1,0,0,0,0,0,0,-0.96246,0.27144,-0,0,-0.78539,0,0
0,0,1,0,0,0,0,0,0,-0.96029,0.27899,-0,0,-0.78539,0,0
0,0,1,0,0,0,0,0,0,-0.95807,0.28652,-0,0,-0.78539,0,0
0,0,1,0,0,0,0,0,0,-0.95579,0.29404,-0,0,-0.78539,0,0
0,0,1,0,0,0,0,0,0,-0.95345,0.30154,-0,0,-0.78539,0,0
0,0,1,0,0,0,0,0,0,-0.95106,0.30902,-0,0,-0.78539,0,0
0,0,1,0,0,0,0,0,0,-0.9486,0.31648,-0,0,-0.78539,0,0
0,0,1,0,0,0,0,0,0,-0.94609,0.32392,-0,0,-0.78539,0,0
0,0,1,0,0,0,0,0,0,-0.94351,0.33134,-0,0,-0.78539,0,0
0,0,1,0,0,0,0,0,0,-0.94088,0.33874,-0,0,-0.78539,0,0
0,0,1,0,0,0,0,0,0,-0.93819,0.34612,-0,0,-0.78539,0,0
0,0,1,0,0,0,0,0,0,-0.93544,0.35347,-0,0,-0.78539,0,0
0,0,1,0,0,0,0,0,0,-0.93264,0.36081,-0,0,-0.78539,0,0
0,0,1,0,0,0,0,0,0,-0.92978,0.36812,-0,0,-0.78539,0,0
0,0,1,0,0,0,0,0,0,-0.92686,0.37542,-0,0,-0.78539,0,0
0,0,1,0,0,0,0,0,0,-0.92388,0.38268,-0,0,-0.78539,0,0
0,0,1,0,0,0,0,0,0,-0.92085,0.38993,-0,0,-0.78539,0,0
0,0,1,0,0,0,0,0,0,-0.91775,0.39715,-0,0,-0.78539,0,0
0,0,1,0,0,0,0,0,0,-0.91461,0.40434,-0,0,-0.78539,0,0
0,0,1,0,0,0,0,0,0,-0.9114,0.41151,-0,0,-0.78539,0,0
0,0,1,0,0,0,0,0,0,-0.90814,0.41866,-0,0,-0.78539,0,0
0,0,1,0,0,0,0,0,0,-0.90483,0.42578,-0,0,-0.78539,0,0
0,0,1,0,0,0,0,0,0,-0.90146,0.43287,-0,0,-0.78539,0,0
0,0,1,0,0,0,0,0,0,-0.89803,0.43994,-0,0,-0.78539,0,0
0,0,1,0,0,0,0,0,0,-0.89454,0.44698,-0,0,-0.78539,0,0
0,0,1,0,0,0,0,0,0,-0.89101,0.45399,-0,0,-0.78539,0,0
0,0,1,0,0,0,0,0,0,-0.88741,0.46097,-0,0,-0.78539,0,0
0,0,1,0,0,0,0,0,0,-0.88377,0.46793,-0,0,-0.78539,0,0
0,0,1,0,0,0,0,0,0,-0.88006,0.47486,-0,0,-0.78539,0,0
0,0,1,0,0,0,0,0,0,-0.87631,0.48175,-0,0,-0.78539,0,0
0,0,1,0,0,0,0,0,0,-0.8725,0.48862,-0,0,-0.78539,0,0
0,0,1,0,0,0,0,0,0,-0.86863,0.49546,-0,0,-0.78539,0,0
0,0,1,0,0,0,0,0,0,-0.86471,0.50227,-0,0,-0.78539,0,0
0,0,1,0,0,0,0,0,0,-0.86074,0.50904,-0,0,-0.78539,0,0
0,0,1,0,0,0,0,0,0,-0.85672,0.51579,-0,0,-0.78539,0,0
0,0,1,0,0,0,0,0,0,-0.85264,0.5225,-0,0,-0.78539,0,0
0,0,1,0,0,0,0,0,0,-0.84851,0.52918,-0,0,-0.78539,0,0
0,0,1,0,0,0,0,0,0,-0.84433,0.53583,-0,0,-0.78539,0,0
0,0,1,0,0,0,0,0,0,-0.84009,0.54244,-0,0,-0.78539,0,0
0,0,1,0,0,0,0,0,0,-0.83581,0.54902,-0,0,-0.78539,0,0
0,0,1,0,0,0,0,0,0,-0.83147,0.55557,-0,0,-0.78539,0,0
0,0,1,0,0,0,0,0,0,-0.82708,0.56208,-0,0,-0.78539,0,0
0,0,1,0,0,0,0,0,0,-0.82264,0.56856,-0,0,-0.78539,0,0
0,0,1,0,0,0,0,0,0,-0.81815,0.57501,-0,0,-0.78539,0,0
0,0,1,0,0,0,0,0,0,-0.81361,0.58141,-0,0,-0.78539,0,0
0,0,1,0,0,0,0,0,0,-0.80902,0.58779,-0,0,-0.78539,0,0
0,0,1,0,0,0,0,0,0,-0.80438,0.59412,-0,0,-0.78539,0,0
0,0,1,0,0,0,0,0,0,-0.79968,0.60042,-0,0,-0.78539,0,0
0,0,1,0,0,0,0,0,0,-0.79494,0.60668,-0,0,-0.78539,0,0
0,0,1,0,0,0,0,0,0,-0.79016,0.61291,-0,0,-0.78539,0,0
0,0,1,0,0,0,0,0,0,-0.78532,0.61909,-0,0,-0.78539,0,0
0,0,1,0,0,0,0,0,0,-0.78043,0.62524,-0,0,-0.78539,0,0
0,0,1,0,0,0,0,0,0,-0.7755,0.63135,-0,0,-0.78539,0,0
0,0,1,0,0,0,0,0,0,-0.77051,0.63742,-0,0,-0.78539,0,0
0,0,1,0,0,0,0,0,0,-0.76548,0.64346,-0,0,-0.78539,0,0
0,0,1,0,0,0,0,0,0,-0.76041,0.64945,-0,0,-0.78539,0,0
0,0,1,0,0,0,0,0,0,-0.75528,0.6554,-0,0,-0.78539,0,0
0,0,1,0,0,0,0,0,0,-0.75011,0.66131,-0,0,-0.78539,0,0
0,0,1,0,0,0,0,0,0,-0.74489,0.66718,-0,0,-0.78539,0,0
0,0,1,0,0,0,0,0,0,-0.73963,0.67301,-0,0,-0.78539,0,0
0,0,1,0,0,0,0,0,0,-0.73432,0.6788,-0,0,-0.78539,0,0
0,0,1,0,0,0,0,0,0,-0.72897,0.68455,-0,0,-0.78539,0,0
0,0,1,0,0,0,0,0,0,-0.72357,0.69025,-0,0,-0.78539,0,0
0,0,1,0,0,0,0,0,0,-0.71813,0.69591,-0,0,-0.78539,0,0
0,0,1,0,0,0,0,0,0,-0.71264,0.70153,-0,0,-0.78539,0,0
0,0,1,0,0,0,0,0,0,-0.70711,0.70711,-0,0,-0.78539,0,0
0,0,1,0,0,0,0,0,0,-0.70153,0.71264,-0,0,-0.78539,0,0
0,0,1,0,0,0,0,0,0,-0.69591,0.71813,-0,0,-0.78539,0,0
0,0,1,0,0,0,0,0,0,-0.69025,0.72357,-0,0,-0.78539,0,0
0,0,1,0,0,0,0,0,0,-0.68455,0.72897,-0,0,-0.78539,0,0
0,0,1,0,0,0,0,0,0,-0.6788,0.73432,-0,0,-0.78539,0,0
0,0,1,0,0,0,0,0,0,-0.67301,0.73963,-0,0,-0.78539,0,0
0,0,1,0,0,0,0,0,0,-0.66718,0.74489,-0,0,-0.78539,0,0
0,0,1,0,0,0,0,0,0,-0.66131,0.75011,-0,0,-0.78539,0,0
0,0,1,0,0,0,0,0,0,-0.6554,0.75528,-0,0,-0.78539,0,0
0,0,1,0,0,0,0,0,0,-0.64945,0.76041,-0,0,-0.78539,0,0
0,0,1,0,0,0,0,0,0,-0.64346,0.76548,-0,0,-0.78539,0,0
0,0,1,0,0,0,0,0,0,-0.63742,0.77051,-0,0,-0.78539,0,0
0,0,1,0,0,0,0,0,0,-0.63135,0.7755,-0,0,-0.78539,0,0
0,0,1,0,0,0,0,0,0,-0.62524,0.78043,-0,0,-0.78539,0,0
0,0,1,0,0,0,0,0,0,-0.61909,0.78532,-0,0,-0.78539,0,0
0,0,1,0,0,0,0,0,0,-0.61291,0.79016,-0,0,-0.78539,0,0
0,0,1,0,0,0,0,0,0,-0.60668,0.79494,-0,0,-0.78539,0,0
0,0,1,0,0,0,0,0,0,-0.60042,0.79968,-0,0,-0.78539,0,0
0,0,1,0,0,0,0,0,0,-0.59412,0.80438,-0,0,-0.78539,0,0
0,0,1,0,0,0,0,0,0,-0.58779,0.80902,-0,0,-0.78539,0,0
0,0,1,0,0,0,0,0,0,-0.58141,0.81361,-0,0,-0.78539,0,0
0,0,1,0,0,0,0,0,0,-0.57501,0.81815,-0,0,-0.78539,0,0
0,0,1,0,0,0,0,0,0,-0.56856,0.82264,-0,0,-0.78539,0,0
0,0,1,0,0,0,0,0,0,-0.56208,0.82708,-0,0,-0.78539,0,0
0,0,1,0,0,0,0,0,0,-0.55557,0.83147,-0,0,-0.78539,0,0
0,0,1,0,0,0,0,0,0,-0.54902,0.83581,-0,0,-0.78539,0,0
0,0,1,0,0,0,0,0,0,-0.54244,0.84009,-0,0,-0.78539,0,0
0,0,1,0,0,0,0,0,0,-0.53583,0.84433,-0,0,-0.78539,0,0
0,0,1,0,0,0,0,0,0,-0.52918,0.84851,-0,0,-0.78539,0,0
0,0,1,0,0,0,0,0,0,-0.5225,0.85264,-0,0,-0.78539,0,0
0,0,1,0,0,0,0,0,0,-0.51579,0.85672,-0,0,-0.78539,0,0
0,0,1,0,0,0,0,0,0,-0.50904,0.86074,-0,0,-0.78539,0,0
0,0,1,0,0,0,0,0,0,-0.50227,0.86471,-0,0,-0.78539,0,0
0,0,1,0,0,0,0,0,0,-0.49546,0.86863,-0,0,-0.78539,0,0
0,0,1,0,0,0,0,0,0,-0.48862,0.8725,-0,0,-0.78539,0,0
0,0,1,0,0,0,0,0,0,-0.48175,0.87631,-0,0,-0.78539,0,0
0,0,1,0,0,0,0,0,0,-0.47486,0.88006,-0,0,-0.78539,0,0
0,0,1,0,0,0,0,0,0,-0.46793,0.88377,-0,0,-0.78539,0,0
0,0,1,0,0,0,0,0,0,-0.46097,0.88741,-0,0,-0.78539,0,0
0,0,1,0,0,0,0,0,0,-0.45399,0.89101,-0,0,-0.78539,0,0
0,0,1,0,0,0,0,0,0,-0.44698,0.89454,-0,0,-0.78539,0,0
0,0,1,0,0,0,0,0,0,-0.43994,0.89803,-0,0,-0.78539,0,0
0,0,1,0,0,0,0,0,0,-0.43287,0.90146,-0,0,-0.78539,0,0
0,0,1,0,0,0,0,0,0,-0.42578,0.90483,-0,0,-0.78539,0,0
0,0,1,0,0,0,0,0,0,-0.41866,0.90814,-0,0,-0.78539,0,0
0,0,1,0,0,0,0,0,0,-0.41151,0.9114,-0,0,-0.78539,0,0
0,0,1,0,0,0,0,0,0,-0.40434,0.91461,-0,0,-0.78539,0,0
0,0,1,0,0,0,0,0,0,-0.39715,0.91775,-0,0,-0.78539,0,0
0,0,1,0,0,0,0,0,0,-0.38993,0.92085,-0,0,-0.78539,0,0
0,0,1,0,0,0,0,0,0,-0.38268,0.92388,-0,0,-0.78539,0,0
0,0,1,0,0,0,0,0,0,-0.37542,0.92686,-0,0,-0.78539,0,0
0,0,1,0,0,0,0,0,0,-0.36812,0.92978,-0,0,-0.78539,0,0
0,0,1,0,0,0,0,0,0,-0.36081,0.93264,-0,0,-0.78539,0,0
0,0,1,0,0,0,0,0,0,-0.35347,0.93544,-0,0,-0.78539,0,0
0,0,1,0,0,0,0,0,0,-0.34612,0.93819,-0,0,-0.78539,0,0
0,0,1,0,0,0,0,0,0,-0.33874,0.94088,-0,0,-0.78539,0,0
0,0,1,0,0,0,0,0,0,-0.33134,0.94351,-0,0,-0.78539,0,0
0,0,1,0,0,0,0,0,0,-0.32392,0.94609,-0,0,-0.78539,0,0
0,0,1,0,0,0,0,0,0,-0.31648,0.9486,-0,0,-0.78539,0,0
0,0,1,0,0,0,0,0,0,-0.30902,0.95106,-0,0,-0.78539,0,0
0,0,1,0,0,0,0,0,0,-0.30154,0.95345,-0,0,-0.78539,0,0
0,0,1,0,0,0,0,0,0,-0.29404,0.95579,-0,0,-0.78539,0,0
0,0,1,0,0,0,0,0,0,-0.28652,0.95807,-0,0,-0.78539,0,0
0,0,1,0,0,0,0,0,0,-0.27899,0.96029,-0,0,-0.78539,0,0
0,0,1,0,0,0,0,0,0,-0.27144,0.96246,-0,0,-0.78539,0,0
0,0,1,0,0,0,0,0,0,-0.26387,0.96456,-0,0,-0.78539,0,0
0,0,1,0,0,0,0,0,0,-0.25629,0.9666,-0,0,-0.78539,0,0
0,0,1,0,0,0,0,0,0,-0.24869,0.96858,-0,0,-0.78539,0,0
0,0,1,0,0,0,0,0,0,-0.24108,0.97051,-0,0,-0.78539,0,0
0,0,1,0,0,0,0,0,0,-0.23345,0.97237,-0,0,-0.78539,0,0
0,0,1,0,0,0,0,0,0,-0.2258,0.97417,-0,0,-0.78539,0,0
0,0,1,0,0,0,0,0,0,-0.21814,0.97592,-0,0,-0.78539,0,0
0,0,1,0,0,0,0,0,0,-0.21047,0.9776,-0,0,-0.78539,0,0
0,0,1,0,0,0,0,0,0,-0.20279,0.97922,-0,0,-0.78539,0,0
0,0,1,0,0,0,0,0,0,-0.19509,0.98079,-0,0,-0.78539,0,0
0,0,1,0,0,0,0,0,0,-0.18738,0.98229,-0,0,-0.78539,0,0
0,0,1,0,0,0,0,0,0,-0.17966,0.98373,-0,0,-0.78539,0,0
0,0,1,0,0,0,0,0,0,-0.17193,0.98511,-0,0,-0.78539,0,0
0,0,1,0,0,0,0,0,0,-0.16419,0.98643,-0,0,-0.78539,0,0
0,0,1,0,0,0,0,0,0,-0.15643,0.98769,-0,0,-0.78539,0,0
0,0,1,0,0,0,0,0,0,-0.14867,0.98889,-0,0,-0.78539,0,0
0,0,1,0,0,0,0,0,0,-0.1409,0.99002,-0,0,-0.78539,0,0
0,0,1,0,0,0,0,0,0,-0.13312,0.9911,-0,0,-0.78539,0,0
0,0,1,0,0,0,0,0,0,-0.12533,0.99211,-0,0,-0.78539,0,0
0,0,1,0,0,0,0,0,0,-0.11754,0.99307,-0,0,-0.78539,0,0
0,0,1,0,0,0,0,0,0,-0.10973,0.99396,-0,0,-0.78539,0,0
0,0,1,0,0,0,0,0,0,-0.10192,0.99479,-0,0,-0.78539,0,0
0,0,1,0,0,0,0,0,0,-0.094108,0.99556,-0,0,-0.78539,0,0
0,0,1,0,0,0,0,0,0,-0.086286,0.99627,-0,0,-0.78539,0,0
0,0,1,0,0,0,0,0,0,-0.078459,0.99692,-0,0,-0.78539,0,0
0,0,1,0,0,0,0,0,0,-0.070627,0.9975,-0,0,-0.78539,0,0
0,0,1,0,0,0,0,0,0,-0.062791,0.99803,-0,0,-0.78539,0,0
0,0,1,0,0,0,0,0,0,-0.05495,0.99849,-0,0,-0.78539,0,0
0,0,1,0,0,0,0,0,0,-0.047106,0.99889,-0,0,-0.78539,0,0
0,0,1,0,0,0,0,0,0,-0.03926,0.99923,-0,0,-0.78539,0,0
0,0,1,0,0,0,0,0,0,-0.031411,0.99951,-0,0,-0.78539,0,0
0,0,1,0,0,0,0,0,0,-0.02356,0.99972,-0,0,-0.78539,0,0
0,0,1,0,0,0,0,0,0,-0.015707,0.99988,-0,0,-0.78539,0,0
0,0,1,0,0,0,0,0,0,-0.0078539,0.99997,-0,0,-0.78539,0,0
0,0,1,0,0,0,0,0,0,6.1232e-17,1,0,0,-0.78539,0,0
0,0,1,0,0,0,0,0,0,0.0078539,0.99997,0,0,-0.78539,0,0
0,0,1,0,0,0,0,0,0,0.015707,0.99988,0,0,-0.78539,0,0
0,0,1,0,0,0,0,0,0,0.02356,0.99972,0,0,-0.78539,0,0
0,0,1,0,0,0,0,0,0,0.031411,0.99951,0,0,-0.78539,0,0
0,0,1,0,0,0,0,0,0,0.03926,0.99923,0,0,-0.78539,0,0
0,0,1,0,0,0,0,0,0,0.047106,0.99889,0,0,-0.78539,0,0
0,0,1,0,0,0,0,0,0,0.05495,0.99849,0,0,-0.78539,0,0
0,0,1,0,0,0,0,0,0,0.062791,0.99803,0,0,-0.78539,0,0
0,0,1,0,0,0,0,0,0,0.070627,0.9975,0,0,-0.78539,0,0
0,0,1,0,0,0,0,0,0,0.078459,0.99692,0,0,-0.78539,0,0
0,0,1,0,0,0,0,0,0,0.086286,0.99627,0,0,-0.78539,0,0
0,0,1,0,0,0,0,0,0,0.094108,0.99556,0,0,-0.78539,0,0
0,0,1,0,0,0,0,0,0,0.10192,0.99479,0,0,-0.78539,0,0
0,0,1,0,0,0,0,0,0,0.10973,0.99396,0,0,-0.78539,0,0
0,0,1,0,0,0,0,0,0,0.11754,0.99307,0,0,-0.78539,0,0
0,0,1,0,0,0,0,0,0,0.12533,0.99211,0,0,-0.78539,0,0
0,0,1,0,0,0,0,0,0,0.13312,0.9911,0,0,-0.78539,0,0
0,0,1,0,0,0,0,0,0,0.1409,0.99002,0,0,-0.78539,0,0
0,0,1,0,0,0,0,0,0,0.14867,0.98889,0,0,-0.78539,0,0
0,0,1,0,0,0,0,0,0,0.15643,0.98769,0,0,-0.78539,0,0
0,0,1,0,0,0,0,0,0,0.16419,0.98643,0,0,-0.78539,0,0
0,0,1,0,0,0,0,0,0,0.17193,0.98511,0,0,-0.78539,0,0
0,0,1,0,0,0,0,0,0,0.17966,0.98373,0,0,-0.78539,0,0
0,0,1,0,0,0,0,0,0,0.18738,0.98229,0,0,-0.78539,0,0
0,0,1,0,0,0,0,0,0,0.19509,0.98079,0,0,-0.78539,0,0
0,0,1,0,0,0,0,0,0,0.20279,0.97922,0,0,-0.78539,0,0
0,0,1,0,0,0,0,0,0,0.21047,0.9776,0,0,-0.78539,0,0
0,0,1,0,0,0,0,0,0,0.21814,0.97592,0,0,-0.78539,0,0
0,0,1,0,0,0,0,0,0,0.2258,0.97417,0,0,-0.78539,0,0
0,0,1,0,0,0,0,0,0,0.23345,0.97237,0,0,-0.78539,0,0
0,0,1,0,0,0,0,0,0,0.24108,0.97051,0,0,-0.78539,0,0
0,0,1,0,0,0,0,0,0,0.24869,0.96858,0,0,-0.78539,0,0
0,0,1,0,0,0,0,0,0,0.25629,0.9666,0,0,-0.78539,0,0
0,0,1,0,0,0,0,0,0,0.26387,0.96456,0,0,-0.78539,0,0
0,0,1,0,0,0,0,0,0,0.27144,0.96246,0,0,-0.78539,0,0
0,0,1,0,0,0,0,0,0,0.27899,0.96029,0,0,-0.78539,0,0
0,0,1,0,0,0,0,0,0,0.28652,0.95807,0,0,-0.78539,0,0
0,0,1,0,0,0,0,0,0,0.29404,0.95579,0,0,-0.78539,0,0
0,0,1,0,0,0,0,0,0,0.30154,0.95345,0,0,-0.78539,0,0
0,0,1,0,0,0,0,0,0,0.30902,0.95106,0,0,-0.78539,0,0
0,0,1,0,0,0,0,0,0,0.31648,0.9486,0,0,-0.78539,0,0
0,0,1,0,0,0,0,0,0,0.32392,0.94609,0,0,-0.78539,0,0
0,0,1,0,0,0,0,0,0,0.33134,0.94351,0,0,-0.78539,0,0
0,0,1,0,0,0,0,0,0,0.33874,0.94088,0,0,-0.78539,0,0
0,0,1,0,0,0,0,0,0,0.34612,0.93819,0,0,-0.78539,0,0
0,0,1,0,0,0,0,0,0,0.35347,0.93544,0,0,-0.78539,0,0
0,0,1,0,0,0,0,0,0,0.36081,0.93264,0,0,-0.78539,0,0
0,0,1,0,0,0,0,0,0,0.36812,0.92978,0,0,-0.78539,0,0
0,0,1,0,0,0,0,0,0,0.37542,0.92686,0,0,-0.78539,0,0
0,0,1,0,0,0,0,0,0,0.38268,0.92388,0,0,-0.78539,0,0
0,0,1,0,0,0,0,0,0,0.38993,0.92085,0,0,-0.78539,0,0
0,0,1,0,0,0,0,0,0,0.39715,0.91775,0,0,-0.78539,0,0
0,0,1,0,0,0,0,0,0,0.40434,0.91461,0,0,-0.78539,0,0
0,0,1,0,0,0,0,0,0,0.41151,0.9114,0,0,-0.78539,0,0
0,0,1,0,0,0,0,0,0,0.41866,0.90814,0,0,-0.78539,0,0
0,0,1,0,0,0,0,0,0,0.42578,0.90483,0,0,-0.78539,0,0
0,0,1,0,0,0,0,0,0,0.43287,0.90146,0,0,-0.78539,0,0
0,0,1,0,0,0,0,0,0,0.43994,0.89803,0,0,-0.78539,0,0
0,0,1,0,0,0,0,0,0,0.44698,0.89454,0,0,-0.78539,0,0
0,0,1,0,0,0,0,0,0,0.45399,0.89101,0,0,-0.78539,0,0
0,0,1,0,0,0,0,0,0,0.46097,0.88741,0,0,-0.78539,0,0
0,0,1,0,0,0,0,0,0,0.46793,0.88377,0,0,-0.78539,0,0
0,0,1,0,0,0,0,0,0,0.47486,0.88006,0,0,-0.78539,0,0
0,0,1,0,0,0,0,0,0,0.48175,0.87631,0,0,-0.78539,0,0
0,0,1,0,0,0,0,0,0,0.48862,0.8725,0,0,-0.78539,0,0
0,0,1,0,0,0,0,0,0,0.49546,0.86863,0,0,-0.78539,0,0
0,0,1,0,0,0,0,0,0,0.50227,0.86471,0,0,-0.78539,0,0
0,0,1,0,0,0,0,0,0,0.50904,0.86074,0,0,-0.78539,0,0
0,0,1,0,0,0,0,0,0,0.51579,0.85672,0,0,-0.78539,0,0
0,0,1,0,0,0,0,0,0,0.5225,0.85264,0,0,-0.78539,0,0
0,0,1,0,0,0,0,0,0,0.52918,0.84851,0,0,-0.78539,0,0
0,0,1,0,0,0,0,0,0,0.53583,0.84433,0,0,-0.78539,0,0
0,0,1,0,0,0,0,0,0,0.54244,0.84009,0,0,-0.78539,0,0
0,0,1,0,0,0,0,0,0,0.54902,0.83581,0,0,-0.78539,0,0
0,0,1,0,0,0,0,0,0,0.55557,0.83147,0,0,-0.78539,0,0
0,0,1,0,0,0,0,0,0,0.56208,0.82708,0,0,-0.78539,0,0
0,0,1,0,0,0,0,0,0,0.56856,0.82264,0,0,-0.78539,0,0
0,0,1,0,0,0,0,0,0,0.57501,0.81815,0,0,-0.78539,0,0
0,0,1,0,0,0,0,0,0,0.58141,0.81361,0,0,-0.78539,0,0
0,0,1,0,0,0,0,0,0,0.58779,0.80902,0,0,-0.78539,0,0
0,0,1,0,0,0,0,0,0,0.59412,0.80438,0,0,-0.78539,0,0
0,0,1,0,0,0,0,0,0,0.60042,0.79968,0,0,-0.78539,0,0
0,0,1,0,0,0,0,0,0,0.60668,0.79494,0,0,-0.78539,0,0
0,0,1,0,0,0,0,0,0,0.61291,0.79016,0,0,-0.78539,0,0
0,0,1,0,0,0,0,0,0,0.61909,0.78532,0,0,-0.78539,0,0
0,0,1,0,0,0,0,0,0,0.62524,0.78043,0,0,-0.78539,0,0
0,0,1,0,0,0,0,0,0,0.63135,0.7755,0,0,-0.78539,0,0
0,0,1,0,0,0,0,0,0,0.63742,0.77051,0,0,-0.78539,0,0
0,0,1,0,0,0,0,0,0,0.64346,0.76548,0,0,-0.78539,0,0
0,0,1,0,0,0,0,0,0,0.64945,0.76041,0,0,-0.78539,0,0
0,0,1,0,0,0,0,0,0,0.6554,0.75528,0,0,-0.78539,0,0
0,0,1,0,0,0,0,0,0,0.66131,0.75011,0,0,-0.78539,0,0
0,0,1,0,0,0,0,0,0,0.66718,0.74489,0,0,-0.78539,0,0
0,0,1,0,0,0,0,0,0,0.67301,0.73963,0,0,-0.78539,0,0
0,0,1,0,0,0,0,0,0,0.6788,0.73432,0,0,-0.78539,0,0
0,0,1,0,0,0,0,0,0,0.68455,0.72897,0,0,-0.78539,0,0
0,0,1,0,0,0,0,0,0,0.69025,0.72357,0,0,-0.78539,0,0
0,0,1,0,0,0,0,0,0,0.69591,0.71813,0,0,-0.78539,0,0
0,0,1,0,0,0,0,0,0,0.70153,0.71264,0,0,-0.78539,0,0
0,0,1,0,0,0,0,0,0,0.70711,0.70711,0,0,-0.78539,0,0
0,0,1,0,0,0,0,0,0,0.71264,0.70153,0,0,-0.78539,0,0
0,0,1,0,0,0,0,0,0,0.71813,0.69591,0,0,-0.78539,0,0
0,0,1,0,0,0,0,0,0,0.72357,0.69025,0,0,-0.78539,0,0
0,0,1,0,0,0,0,0,0,0.72897,0.68455,0,0,-0.78539,0,0
0,0,1,0,0,0,0,0,0,0.73432,0.6788,0,0,-0.78539,0,0
0,0,1,0,0,0,0,0,0,0.73963,0.67301,0,0,-0.78539,0,0
0,0,1,0,0,0,0,0,0,0.74489,0.66718,0,0,-0.78539,0,0
0,0,1,0,0,0,0,0,0,0.75011,0.66131,0,0,-0.78539,0,0
0,0,1,0,0,0,0,0,0,0.75528,0.6554,0,0,-0.78539,0,0
0,0,1,0,0,0,0,0,0,0.76041,0.64945,0,0,-0.78539,0,0
0,0,1,0,0,0,0,0,0,0.76548,0.64346,0,0,-0.78539,0,0
0,0,1,0,0,0,0,0,0,0.77051,0.63742,0,0,-0.78539,0,0
0,0,1,0,0,0,0,0,0,0.7755,0.63135,0,0,-0.78539,0,0
0,0,1,0,0,0,0,0,0,0.78043,0.62524,0,0,-0.78539,0,0
0,0,1,0,0,0,0,0,0,0.78532,0.61909,0,0,-0.78539,0,0
0,0,1,0,0,0,0,0,0,0.79016,0.61291,0,0,-0.78539,0,0
0,0,1,0,0,0,0,0,0,0.79494,0.60668,0,0,-0.78539,0,0
0,0,1,0,0,0,0,0,0,0.79968,0.60042,0,0,-0.78539,0,0
0,0,1,0,0,0,0,0,0,0.80438,0.59412,0,0,-0.78539,0,0
0,0,1,0,0,0,0,0,0,0.80902,0.58779,0,0,-0.78539,0,0
0,0,1,0,0,0,0,0,0,0.81361,0.58141,0,0,-0.78539,0,0
0,0,1,0,0,0,0,0,0,0.81815,0.57501,0,0,-0.78539,0,0
0,0,1,0,0,0,0,0,0,0.82264,0.56856,0,0,-0.78539,0,0
0,0,1,0,0,0,0,0,0,0.82708,0.56208,0,0,-0.78539,0,0
0,0,1,0,0,0,0,0,0,0.83147,0.55557,0,0,-0.78539,0,0
0,0,1,0,0,0,0,0,0,0.83581,0.54902,0,0,-0.78539,0,0
0,0,1,0,0,0,0,0,0,0.84009,0.54244,0,0,-0.78539,0,0
0,0,1,0,0,0,0,0,0,0.84433,0.53583,0,0,-0.78539,0,0
0,0,1,0,0,0,0,0,0,0.84851,0.52918,0,0,-0.78539,0,0
0,0,1,0,0,0,0,0,0,0.85264,0.5225,0,0,-0.78539,0,0
0,0,1,0,0,0,0,0,0,0.85672,0.51579,0,0,-0.78539,0,0
0,0,1,0,0,0,0,0,0,0.86074,0.50904,0,0,-0.78539,0,0
0,0,1,0,0,0,0,0,0,0.86471,0.50227,0,0,-0.78539,0,0
0,0,1,0,0,0,0,0,0,0.86863,0.49546,0,0,-0.78539,0,0
0,0,1,0,0,0,0,0,0,0.8725,0.48862,0,0,-0.78539,0,0
0,0,1,0,0,0,0,0,0,0.87631,0.48175,0,0,-0.78539,0,0
0,0,1,0,0,0,0,0,0,0.88006,0.47486,0,0,-0.78539,0,0
0,0,1,0,0,0,0,0,0,0.88377,0.46793,0,0,-0.78539,0,0
0,0,1,0,0,0,0,0,0,0.88741,0.46097,0,0,-0.78539,0,0
0,0,1,0,0,0,0,0,0,0.89101,0.45399,0,0,-0.78539,0,0
0,0,1,0,0,0,0,0,0,0.89454,0.44698,0,0,-0.78539,0,0
0,0,1,0,0,0,0,0,0,0.89803,0.43994,0,0,-0.78539,0,0
0,0,1,0,0,0,0,0,0,0.90146,0.43287,0,0,-0.78539,0,0
0,0,1,0,0,0,0,0,0,0.90483,0.42578,0,0,-0.78539,0,0
0,0,1,0,0,0,0,0,0,0.90814,0.41866,0,0,-0.78539,0,0
0,0,1,0,0,0,0,0,0,0.9114,0.41151,0,0,-0.78539,0,0
0,0,1,0,0,0,0,0,0,0.91461,0.40434,0,0,-0.78539,0,0
0,0,1,0,0,0,0,0,0,0.91775,0.39715,0,0,-0.78539,0,0
0,0,1,0,0,0,0,0,0,0.92085,0.38993,0,0,-0.78539,0,0
0,0,1,0,0,0,0,0,0,0.92388,0.38268,0,0,-0.78539,0,0
0,0,1,0,0,0,0,0,0,0.92686,0.37542,0,0,-0.78539,0,0
0,0,1,0,0,0,0,0,0,0.92978,0.36812,0,0,-0.78539,0,0
0,0,1,0,0,0,0,0,0,0.93264,0.36081,0,0,-0.78539,0,0
0,0,1,0,0,0,0,0,0,0.93544,0.35347,0,0,-0.78539,0,0
0,0,1,0,0,0,0,0,0,0.93819,0.34612,0,0,-0.78539,0,0
0,0,1,0,0,0,0,0,0,0.94088,0.33874,0,0,-0.78539,0,0
0,0,1,0,0,0,0,0,0,0.94351,0.33134,0,0,-0.78539,0,0
0,0,1,0,0,0,0,0,0,0.94609,0.32392,0,0,-0.78539,0,0
0,0,1,0,0,0,0,0,0,0.9486,0.31648,0,0,-0.78539,0,0
0,0,1,0,0,0,0,0,0,0.95106,0.30902,0,0,-0.78539,0,0
0,0,1,0,0,0,0,0,0,0.95345,0.30154,0,0,-0.78539,0,0
0,0,1,0,0,0,0,0,0,0.95579,0.29404,0,0,-0.78539,0,0
0,0,1,0,0,0,0,0,0,0.95807,0.28652,0,0,-0.78539,0,0
0,0,1,0,0,0,0,0,0,0.96029,0.27899,0,0,-0.78539,0,0
0,0,1,0,0,0,0,0,0,0.96246,0.27144,0,0,-0.78539,0,0
0,0,1,0,0,0,0,0,0,0.96456,0.26387,0,0,-0.78539,0,0
0,0,1,0,0,0,0,0,0,0.9666,0.25629,0,0,-0.78539,0,0
0,0,1,0,0,0,0,0,0,0.96858,0.24869,0,0,-0.78539,0,0
0,0,1,0,0,0,0,0,0,0.97051,0.24108,0,0,-0.78539,0,0
0,0,1,0,0,0,0,0,0,0.97237,0.23345,0,0,-0.78539,0,0
0,0,1,0,0,0,0,0,0,0.97417,0.2258,0,0,-0.78539,0,0
0,0,1,0,0,0,0,0,0,0.97592,0.21814,0,0,-0.78539,0,0
0,0,1,0,0,0,0,0,0,0.9776,0.21047,0,0,-0.78539,0,0
0,0,1,0,0,0,0,0,0,0.97922,0.20279,0,0,-0.78539,0,0
0,0,1,0,0,0,0,0,0,0.98079,0.19509,0,0,-0.78539,0,0
0,0,1,0,0,0,0,0,0,0.98229,0.18738,0,0,-0.78539,0,0
0,0,1,0,0,0,0,0,0,0.98373,0.17966,0,0,-0.78539,0,0
0,0,1,0,0,0,0,0,0,0.98511,0.17193,0,0,-0.78539,0,0
0,0,1,0,0,0,0,0,0,0.98643,0.16419,0,0,-0.78539,0,0
0,0,1,0,0,0,0,0,0,0.98769,0.15643,0,0,-0.78539,0,0
0,0,1,0,0,0,0,0,0,0.98889,0.14867,0,0,-0.78539,0,0
0,0,1,0,0,0,0,0,0,0.99002,0.1409,0,0,-0.78539,0,0
0,0,1,0,0,0,0,0,0,0.9911,0.13312,0,0,-0.78539,0,0
0,0,1,0,0,0,0,0,0,0.99211,0.12533,0,0,-0.78539,0,0
0,0,1,0,0,0,0,0,0,0.99307,0.11754,0,0,-0.78539,0,0
0,0,1,0,0,0,0,0,0,0.99396,0.10973,0,0,-0.78539,0,0
0,0,1,0,0,0,0,0,0,0.99479,0.10192,0,0,-0.78539,0,0
0,0,1,0,0,0,0,0,0,0.99556,0.094108,0,0,-0.78539,0,0
0,0,1,0,0,0,0,0,0,0.99627,0.086286,0,0,-0.78539,0,0
0,0,1,0,0,0,0,0,0,0.99692,0.078459,0,0,-0.78539,0,0
0,0,1,0,0,0,0,0,0,0.9975,0.070627,0,0,-0.78539,0,0
0,0,1,0,0,0,0,0,0,0.99803,0.062791,0,0,-0.78539,0,0
0,0,1,0,0,0,0,0,0,0.99849,0.05495,0,0,-0.78539,0,0
0,0,1,0,0,0,0,0,0,0.99889,0.047106,0,0,-0.78539,0,0
0,0,1,0,0,0,0,0,0,0.99923,0.03926,0,0,-0.78539,0,0
0,0,1,0,0,0,0,0,0,0.99951,0.031411,0,0,-0.78539,0,0
0,0,1,0,0,0,0,0,0,0.99972,0.02356,0,0,-0.78539,0,0
0,0,1,0,0,0,0,0,0,0.99988,0.015707,0,0,-0.78539,0,0
0,0,1,0,0,0,0,0,0,0.99997,0.0078539,0,0,-0.78539,0,0
0,0,1,0,0,0,0,0,0,1,0,0,0,-0.78539,0,0
0,0,1,0,0,0,0,0,0,1,0,0,0,0,0,0
0,0,1,0,0,0,0,0,0,1,0,0,0,0,0,0
0,0,1,0,0,0,0,0,0,1,0,0,0,0,0,0
0,0,1,0,0,0,0,0,0,1,0,0,0,0,0,0
0,0,1,0,0,0,0,0,0,1,0,0,0,0,0,0
0,0,1,0,0,0,0,0,0,1,0,0,0,0,0,0
0,0,1,0,0,0,0,0,0,1,0,0,0,0,0,0
0,0,1,0,0,0,0,0,0,1,0,0,0,0,0,0
0,0,1,0,0,0,0,0,0,1,0,0,0,0,0,0
0,0,1,0,0,0,0,0,0,1,0,0,0,0,0,0
0,0,1,0,0,0,0,0,0,1,0,0,0,0,0,0
0,0,1,0,0,0,0,0,0,1,0,0,0,0,0,0
0,0,1,0,0,0,0,0,0,1,0,0,0,0,0,0
0,0,1,0,0,0,0,0,0,1,0,0,0,0,0,0
0,0,1,0,0,0,0,0,0,1,0,0,0,0,0,0
0,0,1,0,0,0,0,0,0,1,0,0,0,0,0,0
0,0,1,0,0,0,0,0,0,1,0,0,0,0,0,0
0,0,1,0,0,0,0,0,0,1,0,0,0,0,0,0
0,0,1,0,0,0,0,0,0,1,0,0,0,0,0,0
0,0,1,0,0,0,0,0,0,1,0,0,0,0,0,0
0,0,1,0,0,0,0,0,0,1,0,0,0,0,0,0
0,0,1,0,0,0,0,0,0,1,0,0,0,0,0,0
0,0,1,0,0,0,0,0,0,1,0,0,0,0,0,0
0,0,1,0,0,0,0,0,0,1,0,0,0,0,0,0
0,0,1,0,0,0,0,0,0,1,0,0,0,0,0,0
0,0,1,0,0,0,0,0,0,1,0,0,0,0,0,0
0,0,1,0,0,0,0,0,0,1,0,0,0,0,0,0
0,0,1,0,0,0,0,0,0,1,0,0,0,0,0,0
0,0,1,0,0,0,0,0,0,1,0,0,0,0,0,0
0,0,1,0,0,0,0,0,0,1,0,0,0,0,0,0
0,0,1,0,0,0,0,0,0,1,0,0,0,0,0,0
0,0,1,0,0,0,0,0,0,1,0,0,0,0,0,0
0,0,1,0,0,0,0,0,0,1,0,0,0,0,0,0
0,0,1,0,0,0,0,0,0,1,0,0,0,0,0,0
0,0,1,0,0,0,0,0,0,1,0,0,0,0,0,0
0,0,1,0,0,0,0,0,0,1,0,0,0,0,0,0
0,0,1,0,0,0,0,0,0,1,0,0,0,0,0,0
0,0,1,0,0,0,0,0,0,1,0,0,0,0,0,0
0,0,1,0,0,0,0,0,0,1,0,0,0,0,0,0
0,0,1,0,0,0,0,0,0,1,0,0,0,0,0,0
0,0,1,0,0,0,0,0,0,1,0,0,0,0,0,0
0,0,1,0,0,0,0,0,0,1,0,0,0,0,0,0
0,0,1,0,0,0,0,0,0,1,0,0,0,0,0,0
0,0,1,0,0,0,0,0,0,1,0,0,0,0,0,0
0,0,1,0,0,0,0,0,0,1,0,0,0,0,0,0
0,0,1,0,0,0,0,0,0,1,0,0,0,0,0,0
0,0,1,0,0,0,0,0,0,1,0,0,0,0,0,0
0,0,1,0,0,0,0,0,0,1,0,0,0,0,0,0
0,0,1,0,0,0,0,0,0,1,0,0,0,0,0,0
0,0,1,0,0,0,0,0,0,1,0,0,0,0,0,0
0,0,1,0,0,0,0,0,0,1,0,0,0,0,0,0
0,0,1,0,0,0,0,0,0,1,0,0,0,0,0,0
0,0,1,0,0,0,0,0,0,1,0,0,0,0,0,0
0,0,1,0,0,0,0,0,0,1,0,0,0,0,0,0
0,0,1,0,0,0,0,0,0,1,0,0,0,0,0,0
0,0,1,0,0,0,0,0,0,1,0,0,0,0,0,0
0,0,1,0,0,0,0,0,0,1,0,0,0,0,0,0
0,0,1,0,0,0,0,0,0,1,0,0,0,0,0,0
0,0,1,0,0,0,0,0,0,1,0,0,0,0,0,0
0,0,1,0,0,0,0,0,0,1,0,0,0,0,0,0
0,0,1,0,0,0,0,0,0,1,0,0,0,0,0,0
0,0,1,0,0,0,0,0,0,1,0,0,0,0,0,0
0,0,1,0,0,0,0,0,0,1,0,0,0,0,0,0
0,0,1,0,0,0,0,0,0,1,0,0,0,0,0,0
0,0,1,0,0,0,0,0,0,1,0,0,0,0,0,0
0,0,1,0,0,0,0,0,0,1,0,0,0,0,0,0
0,0,1,0,0,0,0,0,0,1,0,0,0,0,0,0
0,0,1,0,0,0,0,0,0,1,0,0,0,0,0,0
0,0,1,0,0,0,0,0,0,1,0,0,0,0,0,0
0,0,1,0,0,0,0,0,0,1,0,0,0,0,0,0
0,0,1,0,0,0,0,0,0,1,0,0,0,0,0,0
0,0,1,0,0,0,0,0,0,1,0,0,0,0,0,0
0,0,1,0,0,0,0,0,0,1,0,0,0,0,0,0
0,0,1,0,0,0,0,0,0,1,0,0,0,0,0,0
0,0,1,0,0,0,0,0,0,1,0,0,0,0,0,0
0,0,1,0,0,0,0,0,0,1,0,0,0,0,0,0
0,0,1,0,0,0,0,0,0,1,0,0,0,0,0,0
0,0,1,0,0,0,0,0,0,1,0,0,0,0,0,0
0,0,1,0,0,0,0,0,0,1,0,0,0,0,0,0
0,0,1,0,0,0,0,0,0,1,0,0,0,0,0,0
0,0,1,0,0,0,0,0,0,1,0,0,0,0,0,0
0,0,1,0,0,0,0,0,0,1,0,0,0,0,0,0
0,0,1,0,0,0,0,0,0,1,0,0,0,0,0,0
0,0,1,0,0,0,0,0,0,1,0,0,0,0,0,0
0,0,1,0,0,0,0,0,0,1,0,0,0,0,0,0
0,0,1,0,0,0,0,0,0,1,0,0,0,0,0,0
0,0,1,0,0,0,0,0,0,1,0,0,0,0,0,0
0,0,1,0,0,0,0,0,0,1,0,0,0,0,0,0
0,0,1,0,0,0,0,0,0,1,0,0,0,0,0,0
0,0,1,0,0,0,0,0,0,1,0,0,0,0,0,0
0,0,1,0,0,0,0,0,0,1,0,0,0,0,0,0
0,0,1,0,0,0,0,0,0,1,0,0,0,0,0,0
0,0,1,0,0,0,0,0,0,1,0,0,0,0,0,0
0,0,1,0,0,0,0,0,0,1,0,0,0,0,0,0
0,0,1,0,0,0,0,0,0,1,0,0,0,0,0,0
0,0,1,0,0,0,0,0,0,1,0,0,0,0,0,0
0,0,1,0,0,0,0,0,0,1,0,0,0,0,0,0
0,0,1,0,0,0,0,0,0,1,0,0,0,0,0,0
0,0,1,0,0,0,0,0,0,1,0,0,0,0,0,0
0,0,1,0,0,0,0,0,0,1,0,0,0,0,0,0
0,0,1,0,0,0,0,0,0,1,0,0,0,0,0,0
0,0,1,0,0,0,0,0,0,1,0,0,0,0,0,0
0,0,1,0,0,0,0,0,0,1,0,0,0,0,0,0
0,0,1,0,0,0,0,0,0,1,0,0,0,0,0,0
0,0,1,0,0,0,0,0,0,1,0,0,0,0,0,0
0,0,1,0,0,0,0,0,0,1,0,0,0,0,0,0
0,0,1,0,0,0,0,0,0,1,0,0,0,0,0,0
0,0,1,0,0,0,0,0,0,1,0,0,0,0,0,0
0,0,1,0,0,0,0,0,0,1,0,0,0,0,0,0
0,0,1,0,0,0,0,0,0,1,0,0,0,0,0,0
0,0,1,0,0,0,0,0,0,1,0,0,0,0,0,0
0,0,1,0,0,0,0,0,0,1,0,0,0,0,0,0
0,0,1,0,0,0,0,0,0,1,0,0,0,0,0,0
0,0,1,0,0,0,0,0,0,1,0,0,0,0,0,0
0,0,1,0,0,0,0,0,0,1,0,0,0,0,0,0
0,0,1,0,0,0,0,0,0,1,0,0,0,0,0,0
0,0,1,0,0,0,0,0,0,1,0,0,0,0,0,0
0,0,1,0,0,0,0,0,0,1,0,0,0,0,0,0
0,0,1,0,0,0,0,0,0,1,0,0,0,0,0,0
0,0,1,0,0,0,0,0,0,1,0,0,0,0,0,0
0,0,1,0,0,0,0,0,0,1,0,0,0,0,0,0
0,0,1,0,0,0,0,0,0,1,0,0,0,0,0,0
0,0,1,0,0,0,0,0,0,1,0,0,0,0,0,0
0,0,1,0,0,0,0,0,0,1,0,0,0,0,0,0
0,0,1,0,0,0,0,0,0,1,0,0,0,0,0,0
0,0,1,0,0,0,0,0,0,1,0,0,0,0,0,0
0,0,1,0,0,0,0,0,0,1,0,0,0,0,0,0
0,0,1,0,0,0,0,0,0,1,0,0,0,0,0,0
0,0,1,0,0,0,0,0,0,1,0,0,0,0,0,0
0,0,1,0,0,0,0,0,0,1,0,0,0,0,0,0
0,0,1,0,0,0,0,0,0,1,0,0,0,0,0,0
0,0,1,0,0,0,0,0,0,1,0,0,0,0,0,0
0,0,1,0,0,0,0,0,0,1,0,0,0,0,0,0
0,0,1,0,0,0,0,0,0,1,0,0,0,0,0,0
0,0,1,0,0,0,0,0,0,1,0,0,0,0,0,0
0,0,1,0,0,0,0,0,0,1,0,0,0,0,0,0
0,0,1,0,0,0,0,0,0,1,0,0,0,0,0,0
0,0,1,0,0,0,0,0,0,1,0,0,0,0,0,0
0,0,1,0,0,0,0,0,0,1,0,0,0,0,0,0
0,0,1,0,0,0,0,0,0,1,0,0,0,0,0,0
0,0,1,0,0,0,0,0,0,1,0,0,0,0,0,0
0,0,1,0,0,0,0,0,0,1,0,0,0,0,0,0
0,0,1,0,0,0,0,0,0,1,0,0,0,0,0,0
0,0,1,0,0,0,0,0,0,1,0,0,0,0,0,0
0,0,1,0,0,0,0,0,0,1,0,0,0,0,0,0
0,0,1,0,0,0,0,0,0,1,0,0,0,0,0,0
0,0,1,0,0,0,0,0,0,1,0,0,0,0,0,0
0,0,1,0,0,0,0,0,0,1,0,0,0,0,0,0
0,0,1,0,0,0,0,0,0,1,0,0,0,0,0,0
0,0,1,0,0,0,0,0,0,1,0,0,0,0,0,0
0,0,1,0,0,0,0,0,0,1,0,0,0,0,0,0
0,0,1,0,0,0,0,0,0,1,0,0,0,0,0,0
0,0,1,0,0,0,0,0,0,1,0,0,0,0,0,0
0,0,1,0,0,0,0,0,0,1,0,0,0,0,0,0
0,0,1,0,0,0,0,0,0,1,0,0,0,0,0,0
0,0,1,0,0,0,0,0,0,1,0,0,0,0,0,0
0,0,1,0,0,0,0,0,0,1,0,0,0,0,0,0
0,0,1,0,0,0,0,0,0,1,0,0,0,0,0,0
0,0,1,0,0,0,0,0,0,1,0,0,0,0,0,0
0,0,1,0,0,0,0,0,0,1,0,0,0,0,0,0
0,0,1,0,0,0,0,0,0,1,0,0,0,0,0,0
0,0,1,0,0,0,0,0,0,1,0,0,0,0,0,0
0,0,1,0,0,0,0,0,0,1,0,0,0,0,0,0
0,0,1,0,0,0,0,0,0,1,0,0,0,0,0,0
0,0,1,0,0,0,0,0,0,1,0,0,0,0,0,0
0,0,1,0,0,0,0,0,0,1,0,0,0,0,0,0
0,0,1,0,0,0,0,0,0,1,0,0,0,0,0,0
0,0,1,0,0,0,0,0,0,1,0,0,0,0,0,0
0,0,1,0,0,0,0,0,0,1,0,0,0,0,0,0
0,0,1,0,0,0,0,0,0,1,0,0,0,0,0,0
0,0,1,0,0,0,0,0,0,1,0,0,0,0,0,0
0,0,1,0,0,0,0,0,0,1,0,0,0,0,0,0
0,0,1,0,0,0,0,0,0,1,0,0,0,0,0,0
0,0,1,0,0,0,0,0,0,1,0,0,0,0,0,0
0,0,1,0,0,0,0,0,0,1,0,0,0,0,0,0
0,0,1,0,0,0,0,0,0,1,0,0,0,0,0,0
0,0,1,0,0,0,0,0,0,1,0,0,0,0,0,0
0,0,1,0,0,0,0,0,0,1,0,0,0,0,0,0
0,0,1,0,0,0,0,0,0,1,0,0,0,0,0,0
0,0,1,0,0,0,0,0,0,1,0,0,0,0,0,0
0,0,1,0,0,0,0,0,0,1,0,0,0,0,0,0
0,0,1,0,0,0,0,0,0,1,0,0,0,0,0,0
0,0,1,0,0,0,0,0,0,1,0,0,0,0,0,0
0,0,1,0,0,0,0,0,0,1,0,0,0,0,0,0
0,0,1,0,0,0,0,0,0,1,0,0,0,0,0,0
0,0,1,0,0,0,0,0,0,1,0,0,0,0,0,0
0,0,1,0,0,0,0,0,0,1,0,0,0,0,0,0
0,0,1,0,0,0,0,0,0,1,0,0,0,0,0,0
0,0,1,0,0,0,0,0,0,1,0,0,0,0,0,0
0,0,1,0,0,0,0,0,0,1,0,0,0,0,0,0
0,0,1,0,0,0,0,0,0,1,0,0,0,0,0,0
0,0,1,0,0,0,0,0,0,1,0,0,0,0,0,0
0,0,1,0,0,0,0,0,0,1,0,0,0,0,0,0
0,0,1,0,0,0,0,0,0,1,0,0,0,0,0,0
0,0,1,0,0,0,0,0,0,1,0,0,0,0,0,0
0,0,1,0,0,0,0,0,0,1,0,0,0,0,0,0
0,0,1,0,0,0,0,0,0,1,0,0,0,0,0,0
0,0,1,0,0,0,0,0,0,1,0,0,0,0,0,0
0,0,1,0,0,0,0,0,0,1,0,0,0,0,0,0
0,0,1,0,0,0,0,0,0,1,0,0,0,0,0,0
0,0,1,0,0,0,0,0,0,1,0,0,0,0,0,0
0,0,1,0,0,0,0,0,0,1,0,0,0,0,0,0
0,0,1,0,0,0,0,0,0,1,0,0,0,0,0,0
0,0,1,0,0,0,0,0,0,1,0,0,0,0,0,0
0,0,1,0,0,0,0,0,0,1,0,0,0,0,0,0
0,0,1,0,0,0,0,0,0,1,0,0,0,0,0,0
0,0,1,0,0,0,0,0,0,1,0,0,0,0,0,0
0,0,1,0,0,0,0,0,0,1,0,0,0,0,0,0
0,0,1,0,0,0,0,0,0,1,0,0,0,0,0,0
0,0,1,0,0,0,0,0,0,1,0,0,0,0,0,0
0,0,1,0,0,0,0,0,0,1,0,0,0,0,0,0
0,0,1,0,0,0,0,0,0,1,0,0,0,0,0,0
0,0,1,0,0,0,0,0,0,1,0,0,0,0,0,0
0,0,1,0,0,0,0,0,0,1,0,0,0,0,0,0
0,0,1,0,0,0,0,0,0,1,0,0,0,0,0,0
0,0,1,0,0,0,0,0,0,1,0,0,0,0,0,0
0,0,1,0,0,0,0,0,0,1,0,0,0,0,0,0
0,0,1,0,0,0,0,0,0,1,0,0,0,0,0,0
0,0,1,0,0,0,0,0,0,1,0,0,0,0,0,0
0,0,1,0,0,0,0,0,0,1,0,0,0,0,0,0
0,0,1,0,0,0,0,0,0,1,0,0,0,0,0,0
0,0,1,0,0,0,0,0,0,1,0,0,0,0,0,0
0,0,1,0,0,0,0,0,0,1,0,0,0,0,0,0
0,0,1,0,0,0,0,0,0,1,0,0,0,0,0,0
0,0,1,0,0,0,0,0,0,1,0,0,0,0,0,0
0,0,1,0,0,0,0,0,0,1,0,0,0,0,0,0
0,0,1,0,0,0,0,0,0,1,0,0,0,0,0,0
0,0,1,0,0,0,0,0,0,1,0,0,0,0,0,0
0,0,1,0,0,0,0,0,0,1,0,0,0,0,0,0
0,0,1,0,0,0,0,0,0,1,0,0,0,0,0,0
0,0,1,0,0,0,0,0,0,1,0,0,0,0,0,0
0,0,1,0,0,0,0,0,0,1,0,0,0,0,0,0
0,0,1,0,0,0,0,0,0,1,0,0,0,0,0,0
0,0,1,0,0,0,0,0,0,1,0,0,0,0,0,0
0,0,1,0,0,0,0,0,0,1,0,0,0,0,0,0
0,0,1,0,0,0,0,0,0,1,0,0,0,0,0,0
0,0,1,0,0,0,0,0,0,1,0,0,0,0,0,0
0,0,1,0,0,0,0,0,0,1,0,0,0,0,0,0
0,0,1,0,0,0,0,0,0,1,0,0,0,0,0,0
0,0,1,0,0,0,0,0,0,1,0,0,0,0,0,0
0,0,1,0,0,0,0,0,0,1,0,0,0,0,0,0
0,0,1,0,0,0,0,0,0,1,0,0,0,0,0,0
0,0,1,0,0,0,0,0,0,1,0,0,0,0,0,0
0,0,1,0,0,0,0,0,0,1,0,0,0,0,0,0
0,0,1,0,0,0,0,0,0,1,0,0,0,0,0,0
0,0,1,0,0,0,0,0,0,1,0,0,0,0,0,0
0,0,1,0,0,0,0,0,0,1,0,0,0,0,0,0
0,0,1,0,0,0,0,0,0,1,0,0,0,0,0,0
0,0,1,0,0,0,0,0,0,1,0,0,0,0,0,0
0,0,1,0,0,0,0,0,0,1,0,0,0,0,0,0
0,0,1,0,0,0,0,0,0,1,0,0,0,0,0,0
0,0,1,0,0,0,0,0,0,1,0,0,0,0,0,0
0,0,1,0,0,0,0,0,0,1,0,0,0,0,0,0
0,0,1,0,0,0,0,0,0,1,0,0,0,0,0,0
0,0,1,0,0,0,0,0,0,1,0,0,0,0,0,0
0,0,1,0,0,0,0,0,0,1,0,0,0,0,0,0
0,0,1,0,0,0,0,0,0,1,0,0,0,0,0,0
0,0,1,0,0,0,0,0,0,1,0,0,0,0,0,0
0,0,1,0,0,0,0,0,0,1,0,0,0,0,0,0
0,0,1,0,0,0,0,0,0,1,0,0,0,0,0,0
0,0,1,0,0,0,0,0,0,1,0,0,0,0,0,0
0,0,1,0,0,0,0,0,0,1,0,0,0,0,0,0
0,0,1,0,0,0,0,0,0,1,0,0,0,0,0,0
0,0,1,0,0,0,0,0,0,1,0,0,0,0,0,0
0,0,1,0,0,0,0,0,0,1,0,0,0,0,0,0
0,0,1,0,0,0,0,0,0,1,0,0,0,0,0,0
0,0,1,0,0,0,0,0,0,1,0,0,0,0,0,0
0,0,1,0,0,0,0,0,0,1,0,0,0,0,0,0
0,0,1,0,0,0,0,0,0,1,0,0,0,0,0,0
0,0,1,0,0,0,0,0,0,1,0,0,0,0,0,0
0,0,1,0,0,0,0,0,0,1,0,0,0,0,0,0
0,0,1,0,0,0,0,0,0,1,0,0,0,0,0,0
0,0,1,0,0,0,0,0,0,1,0,0,0,0,0,0
0,0,1,0,0,0,0,0,0,1,0,0,0,0,0,0
0,0,1,0,0,0,0,0,0,1,0,0,0,0,0,0
0,0,1,0,0,0,0,0,0,1,0,0,0,0,0,0
0,0,1,0,0,0,0,0,0,1,0,0,0,0,0,0
0,0,1,0,0,0,0,0,0,1,0,0,0,0,0,0
0,0,1,0,0,0,0,0,0,1,0,0,0,0,0,0
0,0,1,0,0,0,0,0,0,1,0,0,0,0,0,0
0,0,1,0,0,0,0,0,0,1,0,0,0,0,0,0
0,0,1,0,0,0,0,0,0,1,0,0,0,0,0,0
0,0,1,0,0,0,0,0,0,1,0,0,0,0,0,0
0,0,1,0,0,0,0,0,0,1,0,0,0,0,0,0
0,0,1,0,0,0,0,0,0,1,0,0,0,0,0,0
0,0,1,0,0,0,0,0,0,1,0,0,0,0,0,0
0,0,1,0,0,0,0,0,0,1,0,0,0,0,0,0
0,0,1,0,0,0,0,0,0,1,0,0,0,0,0,0
0,0,1,0,0,0,0,0,0,1,0,0,0,0,0,0
0,0,1,0,0,0,0,0,0,1,0,0,0,0,0,0
0,0,1,0,0,0,0,0,0,1,0,0,0,0,0,0
0,0,1,0,0,0,0,0,0,1,0,0,0,0,0,0
0,0,1,0,0,0,0,0,0,1,0,0,0,0,0,0
0,0,1,0,0,0,0,0,0,1,0,0,0,0,0,0
0,0,1,0,0,0,0,0,0,1,0,0,0,0,0,0
0,0,1,0,0,0,0,0,0,1,0,0,0,0,0,0
0,0,1,0,0,0,0,0,0,1,0,0,0,0,0,0
0,0,1,0,0,0,0,0,0,1,0,0,0,0,0,0
0,0,1,0,0,0,0,0,0,1,0,0,0,0,0,0
0,0,1,0,0,0,0,0,0,1,0,0,0,0,0,0
0,0,1,0,0,0,0,0,0,1,0,0,0,0,0,0
0,0,1,0,0,0,0,0,0,1,0,0,0,0,0,0
0,0,1,0,0,0,0,0,0,1,0,0,0,0,0,0
0,0,1,0,0,0,0,0,0,1,0,0,0,0,0,0
0,0,1,0,0,0,0,0,0,1,0,0,0,0,0,0
0,0,1,0,0,0,0,0,0,1,0,0,0,0,0,0
0,0,1,0,0,0,0,0,0,1,0,0,0,0,0,0
0,0,1,0,0,0,0,0,0,1,0,0,0,0,0,0
0,0,1,0,0,0,0,0,0,1,0,0,0,0,0,0
0,0,1,0,0,0,0,0,0,1,0,0,0,0,0,0
0,0,1,0,0,0,0,0,0,1,0,0,0,0,0,0
0,0,1,0,0,0,0,0,0,1,0,0,0,0,0,0
0,0,1,0,0,0,0,0,0,1,0,0,0,0,0,0
0,0,1,0,0,0,0,0,0,1,0,0,0,0,0,0
0,0,1,0,0,0,0,0,0,1,0,0,0,0,0,0
0,0,1,0,0,0,0,0,0,1,0,0,0,0,0,0
0,0,1,0,0,0,0,0,0,1,0,0,0,0,0,0
0,0,1,0,0,0,0,0,0,1,0,0,0,0,0,0
0,0,1,0,0,0,0,0,0,1,0,0,0,0,0,0
0,0,1,0,0,0,0,0,0,1,0,0,0,0,0,0
0,0,1,0,0,0,0,0,0,1,0,0,0,0,0,0
0,0,1,0,0,0,0,0,0,1,0,0,0,0,0,0
0,0,1,0,0,0,0,0,0,1,0,0,0,0,0,0
0,0,1,0,0,0,0,0,0,1,0,0,0,0,0,0
0,0,1,0,0,0,0,0,0,1,0,0,0,0,0,0
0,0,1,0,0,0,0,0,0,1,0,0,0,0,0,0
0,0,1,0,0,0,0,0,0,1,0,0,0,0,0,0
0,0,1,0,0,0,0,0,0,1,0,0,0,0,0,0
0,0,1,0,0,0,0,0,0,1,0,0,0,0,0,0
0,0,1,0,0,0,0,0,0,1,0,0,0,0,0,0
0,0,1,0,0,0,0,0,0,1,0,0,0,0,0,0
0,0,1,0,0,0,0,0,0,1,0,0,0,0,0,0
0,0,1,0,0,0,0,0,0,1,0,0,0,0,0,0
0,0,1,0,0,0,0,0,0,1,0,0,0,0,0,0
0,0,1,0,0,0,0,0,0,1,0,0,0,0,0,0
0,0,1,0,0,0,0,0,0,1,0,0,0,0,0,0
0,0,1,0,0,0,0,0,0,1,0,0,0,0,0,0
0,0,1,0,0,0,0,0,0,1,0,0,0,0,0,0
0,0,1,0,0,0,0,0,0,1,0,0,0,0,0,0
0,0,1,0,0,0,0,0,0,1,0,0,0,0,0,0
0,0,1,0,0,0,0,0,0,1,0,0,0,0,0,0
0,0,1,0,0,0,0,0,0,1,0,0,0,0,0,0
0,0,1,0,0,0,0,0,0,1,0,0,0,0,0,0
0,0,1,0,0,0,0,0,0,1,0,0,0,0,0,0
0,0,1,0,0,0,0,0,0,1,0,0,0,0,0,0
0,0,1,0,0,0,0,0,0,1,0,0,0,0,0,0
0,0,1,0,0,0,0,0,0,1,0,0,0,0,0,0
0,0,1,0,0,0,0,0,0,1,0,0,0,0,0,0
0,0,1,0,0,0,0,0,0,1,0,0,0,0,0,0
0,0,1,0,0,0,0,0,0,1,0,0,0,0,0,0
0,0,1,0,0,0,0,0,0,1,0,0,0,0,0,0
0,0,1,0,0,0,0,0,0,1,0,0,0,0,0,0
0,0,1,0,0,0,0,0,0,1,0,0,0,0,0,0
0,0,1,0,0,0,0,0,0,1,0,0,0,0,0,0
0,0,1,0,0,0,0,0,0,1,0,0,0,0,0,0
0,0,1,0,0,0,0,0,0,1,0,0,0,0,0,0
0,0,1,0,0,0,0,0,0,1,0,0,0,0,0,0
0,0,1,0,0,0,0,0,0,1,0,0,0,0,0,0
0,0,1,0,0,0,0,0,0,1,0,0,0,0,0,0
0,0,1,0,0,0,0,0,0,1,0,0,0,0,0,0
0,0,1,0,0,0,0,0,0,1,0,0,0,0,0,0
0,0,1,0,0,0,0,0,0,1,0,0,0,0,0,0
0,0,1,0,0,0,0,0,0,1,0,0,0,0,0,0
0,0,1,0,0,0,0,0,0,1,0,0,0,0,0,0
0,0,1,0,0,0,0,0,0,1,0,0,0,0,0,0
0,0,1,0,0,0,0,0,0,1,0,0,0,0,0,0
0,0,1,0,0,0,0,0,0,1,0,0,0,0,0,0
0,0,1,0,0,0,0,0,0,1,0,0,0,0,0,0
0,0,1,0,0,0,0,0,0,1,0,0,0,0,0,0
0,0,1,0,0,0,0,0,0,1,0,0,0,0,0,0
0,0,1,0,0,0,0,0,0,1,0,0,0,0,0,0
0,0,1,0,0,0,0,0,0,1,0,0,0,0,0,0
0,0,1,0,0,0,0,0,0,1,0,0,0,0,0,0
0,0,1,0,0,0,0,0,0,1,0,0,0,0,0,0
0,0,1,0,0,0,0,0,0,1,0,0,0,0,0,0
0,0,1,0,0,0,0,0,0,1,0,0,0,0,0,0
0,0,1,0,0,0,0,0,0,1,0,0,0,0,0,0
0,0,1,0,0,0,0,0,0,1,0,0,0,0,0,0
0,0,1,0,0,0,0,0,0,1,0,0,0,0,0,0
0,0,1,0,0,0,0,0,0,1,0,0,0,0,0,0
0,0,1,0,0,0,0,0,0,1,0,0,0,0,0,0
0,0,1,0,0,0,0,0,0,1,0,0,0,0,0,0
0,0,1,0,0,0,0,0,0,1,0,0,0,0,0,0
0,0,1,0,0,0,0,0,0,1,0,0,0,0,0,0
0,0,1,0,0,0,0,0,0,1,0,0,0,0,0,0
0,0,1,0,0,0,0,0,0,1,0,0,0,0,0,0
0,0,1,0,0,0,0,0,0,1,0,0,0,0,0,0
0,0,1,0,0,0,0,0,0,1,0,0,0,0,0,0
0,0,1,0,0,0,0,0,0,1,0,0,0,0,0,0
0,0,1,0,0,0,0,0,0,1,0,0,0,0,0,0
0,0,1,0,0,0,0,0,0,1,0,0,0,0,0,0
0,0,1,0,0,0,0,0,0,1,0,0,0,0,0,0
0,0,1,0,0,0,0,0,0,1,0,0,0,0,0,0
0,0,1,0,0,0,0,0,0,1,0,0,0,0,0,0
0,0,1,0,0,0,0,0,0,1,0,0,0,0,0,0
0,0,1,0,0,0,0,0,0,1,0,0,0,0,0,0
0,0,1,0,0,0,0,0,0,1,0,0,0,0,0,0
0,0,1,0,0,0,0,0,0,1,0,0,0,0,0,0
0,0,1,0,0,0,0,0,0,1,0,0,0,0,0,0
0,0,1,0,0,0,0,0,0,1,0,0,0,0,0,0
0,0,1,0,0,0,0,0,0,1,0,0,0,0,0,0
0,0,1,0,0,0,0,0,0,1,0,0,0,0,0,0
0,0,1,0,0,0,0,0,0,1,0,0,0,0,0,0
0,0,1,0,0,0,0,0,0,1,0,0,0,0,0,0
0,0,1,0,0,0,0,0,0,1,0,0,0,0,0,0
0,0,1,0,0,0,0,0,0,1,0,0,0,0,0,0
0,0,1,0,0,0,0,0,0,1,0,0,0,0,0,0
0,0,1,0,0,0,0,0,0,1,0,0,0,0,0,0
0,0,1,0,0,0,0,0,0,1,0,0,0,0,0,0
0,0,1,0,0,0,0,0,0,1,0,0,0,0,0,0
0,0,1,0,0,0,0,0,0,1,0,0,0,0,0,0
0,0,1,0,0,0,0,0,0,1,0,0,0,0,0,0
0,0,1,0,0,0,0,0,0,1,0,0,0,0,0,0
0,0,1,0,0,0,0,0,0,1,0,0,0,0,0,0
0,0,1,0,0,0,0,0,0,1,0,0,0,0,0,0
0,0,1,0,0,0,0,0,0,1,0,0,0,0,0,0
0,0,1,0,0,0,0,0,0,1,0,0,0,0,0,0
0,0,1,0,0,0,0,0,0,1,0,0,0,0,0,0
0,0,1,0,0,0,0,0,0,1,0,0,0,0,0,0
0,0,1,0,0,0,0,0,0,1,0,0,0,0,0,0
0,0,1,0,0,0,0,0,0,1,0,0,0,0,0,0
0,0,1,0,0,0,0,0,0,1,0,0,0,0,0,0
0,0,1,0,0,0,0,0,0,1,0,0,0,0,0,0
0,0,1,0,0,0,0,0,0,1,0,0,0,0,0,0
0,0,1,0,0,0,0,0,0,1,0,0,0,0,0,0
0,0,1,0,0,0,0,0,0,1,0,0,0,0,0,0
0,0,1,0,0,0,0,0,0,1,0,0,0,0,0,0
0,0,1,0,0,0,0,0,0,1,0,0,0,0,0,0
0,0,1,0,0,0,0,0,0,1,0,0,0,0,0,0
0,0,1,0,0,0,0,0,0,1,0,0,0,0,0,0
0,0,1,0,0,0,0,0,0,1,0,0,0,0,0,0
0,0,1,0,0,0,0,0,0,1,0,0,0,0,0,0
0,0,1,0,0,0,0,0,0,1,0,0,0,0,0,0
0,0,1,0,0,0,0,0,0,1,0,0,0,0,0,0
0,0,1,0,0,0,0,0,0,1,0,0,0,0,0,0
0,0,1,0,0,0,0,0,0,1,0,0,0,0,0,0
0,0,1,0,0,0,0,0,0,1,0,0,0,0,0,0
0,0,1,0,0,0,0,0,0,1,0,0,0,0,0,0
0,0,1,0,0,0,0,0,0,1,0,0,0,0,0,0
0,0,1,0,0,0,0,0,0,1,0,0,0,0,0,0
0,0,1,0,0,0,0,0,0,1,0,0,0,0,0,0
0,0,1,0,0,0,0,0,0,1,0,0,0,0,0,0
0,0,1,0,0,0,0,0,0,1,0,0,0,0,0,0
0,0,1,0,0,0,0,0,0,1,0,0,0,0,0,0
0,0,1,0,0,0,0,0,0,1,0,0,0,0,0,0
0,0,1,0,0,0,0,0,0,1,0,0,0,0,0,0
0,0,1,0,0,0,0,0,0,1,0,0,0,0,0,0
0,0,1,0,0,0,0,0,0,1,0,0,0,0,0,0
0,0,1,0,0,0,0,0,0,1,0,0,0,0,0,0
0,0,1,0,0,0,0,0,0,1,0,0,0,0,0,0
0,0,1,0,0,0,0,0,0,1,0,0,0,0,0,0
0,0,1,0,0,0,0,0,0,1,0,0,0,0,0,0
0,0,1,0,0,0,0,0,0,1,0,0,0,0,0,0
0,0,1,0,0,0,0,0,0,1,0,0,0,0,0,0
0,0,1,0,0,0,0,0,0,1,0,0,0,0,0,0
0,0,1,0,0,0,0,0,0,1,0,0,0,0,0,0
0,0,1,0,0,0,0,0,0,1,0,0,0,0,0,0
0,0,1,0,0,0,0,0,0,1,0,0,0,0,0,0
0,0,1,0,0,0,0,0,0,1,0,0,0,0,0,0
0,0,1,0,0,0,0,0,0,1,0,0,0,0,0,0
0,0,1,0,0,0,0,0,0,1,0,0,0,0,0,0
0,0,1,0,0,0,0,0,0,1,0,0,0,0,0,0
0,0,1,0,0,0,0,0,0,1,0,0,0,0,0,0
0,0,1,0,0,0,0,0,0,1,0,0,0,0,0,0
0,0,1,0,0,0,0,0,0,1,0,0,0,0,0,0
0,0,1,0,0,0,0,0,0,1,0,0,0,0,0,0
0,0,1,0,0,0,0,0,0,1,0,0,0,0,0,0
0,0,1,0,0,0,0,0,0,1,0,0,0,0,0,0
0,0,1,0,0,0,0,0,0,1,0,0,0,0,0,0
0,0,1,0,0,0,0,0,0,1,0,0,0,0,0,0
0,0,1,0,0,0,0,0,0,1,0,0,0,0,0,0
0,0,1,0,0,0,0,0,0,1,0,0,0,0,0,0
0,0,1,0,0,0,0,0,0,1,0,0,0,0,0,0
0,0,1,0,0,0,0,0,0,1,0,0,0,0,0,0
0,0,1,0,0,0,0,0,0,1,0,0,0,0,0,0
0,0,1,0,0,0,0,0,0,1,0,0,0,0,0,0
0,0,1,0,0,0,0,0,0,1,0,0,0,0,0,0
0,0,1,0,0,0,0,0,0,1,0,0,0,0,0,0
0,0,1,0,0,0,0,0,0,1,0,0,0,0,0,0
0,0,1,0,0,0,0,0,0,1,0,0,0,0,0,0
0,0,1,0,0,0,0,0,0,1,0,0,0,0,0,0
0,0,1,0,0,0,0,0,0,1,0,0,0,0,0,0
0,0,1,0,0,0,0,0,0,1,0,0,0,0,0,0
0,0,1,0,0,0,0,0,0,1,0,0,0,0,0,0
0,0,1,0,0,0,0,0,0,1,0,0,0,0,0,0
0,0,1,0,0,0,0,0,0,1,0,0,0,0,0,0
0,0,1,0,0,0,0,0,0,1,0,0,0,0,0,0
0,0,1,0,0,0,0,0,0,1,0,0,0,0,0,0
0,0,1,0,0,0,0,0,0,1,0,0,0,0,0,0
0,0,1,0,0,0,0,0,0,1,0,0,0,0,0,0
0,0,1,0,0,0,0,0,0,1,0,0,0,0,0,0
0,0,1,0,0,0,0,0,0,1,0,0,0,0,0,0
0,0,1,0,0,0,0,0,0,1,0,0,0,0,0,0
0,0,1,0,0,0,0,0,0,1,0,0,0,0,0,0
0,0,1,0,0,0,0,0,0,1,0,0,0,0,0,0
0,0,1,0,0,0,0,0,0,1,0,0,0,0,0,0
0,0,1,0,0,0,0,0,0,1,0,0,0,0,0,0
0,0,1,0,0,0,0,0,0,1,0,0,0,0,0,0
0,0,1,0,0,0,0,0,0,1,0,0,0,0,0,0
