0,0,0.75,0,0,0,1,0,0,0,0,0,0
0,0,0.75,0,0,0,1,0.0015708,0,0,0.15708,0,0
0,0,0.75,0,0,0,1,0.0031416,0,0,0.15708,0,0
0,0,0.75,0,0,0,0.99999,0.0047124,0,0,0.15708,0,0
0,0,0.75,0,0,0,0.99998,0.0062831,0,0,0.15708,0,0
0,0,0.75,0,0,0,0.99997,0.0078539,0,0,0.15708,0,0
0,0,0.75,0,0,0,0.99996,0.0094246,0,0,0.15708,0,0
0,0,0.75,0,0,0,0.99994,0.010995,0,0,0.15708,0,0
0,0,0.75,0,0,0,0.99992,0.012566,0,0,0.15708,0,0
0,0,0.75,0,0,0,0.9999,0.014137,0,0,0.15708,0,0
0,0,0.75,0,0,0,0.99988,0.015707,0,0,0.15708,0,0
0,0,0.75,0,0,0,0.99985,0.017278,0,0,0.15708,0,0
0,0,0.75,0,0,0,0.99982,0.018848,0,0,0.15708,0,0
0,0,0.75,0,0,0,0.99979,0.020419,0,0,0.15708,0,0
0,0,0.75,0,0,0,0.99976,0.021989,0,0,0.15708,0,0
0,0,0.75,0,0,0,0.99972,0.02356,0,0,0.15708,0,0
0,0,0.75,0,0,0,0.99968,0.02513,0,0,0.15708,0,0
0,0,0.75,0,0,0,0.99964,0.0267,0,0,0.15708,0,0
0,0,0.75,0,0,0,0.9996,0.028271,0,0,0.15708,0,0
0,0,0.75,0,0,0,0.99955,0.029841,0,0,0.15708,0,0
0,0,0.75,0,0,0,0.99951,0.031411,0,0,0.15708,0,0
0,0,0.75,0,0,0,0.99946,0.032981,0,0,0.15708,0,0
0,0,0.75,0,0,0,0.9994,0.034551,0,0,0.15708,0,0
0,0,0.75,0,0,0,0.99935,0.03612,0,0,0.15708,0,0
0,0,0.75,0,0,0,0.99929,0.03769,0,0,0.15708,0,0
0,0,0.75,0,0,0,0.99923,0.03926,0,0,0.15708,0,0
0,0,0.75,0,0,0,0.99917,0.040829,0,0,0.15708,0,0
0,0,0.75,0,0,0,0.9991,0.042399,0,0,0.15708,0,0
0,0,0.75,0,0,0,0.99903,0.043968,0,0,0.15708,0,0
0,0,0.75,0,0,0,0.99896,0.045537,0,0,0.15708,0,0
0,0,0.75,0,0,0,0.99889,0.047106,0,0,0.15708,0,0
0,0,0.75,0,0,0,0.99881,0.048675,0,0,0.15708,0,0
0,0,0.75,0,0,0,0.99874,0.050244,0,0,0.15708,0,0
0,0,0.75,0,0,0,0.99866,0.051813,0,0,0.15708,0,0
0,0,0.75,0,0,0,0.99857,0.053382,0,0,0.15708,0,0
0,0,0.75,0,0,0,0.99849,0.05495,0,0,0.15708,0,0
0,0,0.75,0,0,0,0.9984,0.056519,0,0,0.15708,0,0
0,0,0.75,0,0,0,0.99831,0.058087,0,0,0.15708,0,0
0,0,0.75,0,0,0,0.99822,0.059655,0,0,0.15708,0,0
0,0,0.75,0,0,0,0.99812,0.061223,0,0,0.15708,0,0
0,0,0.75,0,0,0,0.99803,0.062791,0,0,0.15708,0,0
0,0,0.75,0,0,0,0.99793,0.064358,0,0,0.15708,0,0
0,0,0.75,0,0,0,0.99782,0.065926,0,0,0.15708,0,0
0,0,0.75,0,0,0,0.99772,0.067493,0,0,0.15708,0,0
0,0,0.75,0,0,0,0.99761,0.06906,0,0,0.15708,0,0
0,0,0.75,0,0,0,0.9975,0.070627,0,0,0.15708,0,0
0,0,0.75,0,0,0,0.99739,0.072194,0,0,0.15708,0,0
0,0,0.75,0,0,0,0.99728,0.07376,0,0,0.15708,0,0
0,0,0.75,0,0,0,0.99716,0.075327,0,0,0.15708,0,0
0,0,0.75,0,0,0,0.99704,0.076893,0,0,0.15708,0,0
0,0,0.75,0,0,0,0.99692,0.078459,0,0,0.15708,0,0
0,0,0.75,0,0,0,0.99679,0.080025,0,0,0.15708,0,0
0,0,0.75,0,0,0,0.99667,0.081591,0,0,0.15708,0,0
0,0,0.75,0,0,0,0.99654,0.083156,0,0,0.15708,0,0
0,0,0.75,0,0,0,0.9964,0.084721,0,0,0.15708,0,0
0,0,0.75,0,0,0,0.99627,0.086286,0,0,0.15708,0,0
0,0,0.75,0,0,0,0.99613,0.087851,0,0,0.15708,0,0
0,0,0.75,0,0,0,0.99599,0.089416,0,0,0.15708,0,0
0,0,0.75,0,0,0,0.99585,0.09098,0,0,0.15708,0,0
0,0,0.75,0,0,0,0.99571,0.092544,0,0,0.15708,0,0
0,0,0.75,0,0,0,0.99556,0.094108,0,0,0.15708,0,0
0,0,0.75,0,0,0,0.99541,0.095672,0,0,0.15708,0,0
0,0,0.75,0,0,0,0.99526,0.097235,0,0,0.15708,0,0
0,0,0.75,0,0,0,0.99511,0.098799,0,0,0.15708,0,0
0,0,0.75,0,0,0,0.99495,0.10036,0,0,0.15708,0,0
0,0,0.75,0,0,0,0.99479,0.10192,0,0,0.15708,0,0
0,0,0.75,0,0,0,0.99463,0.10349,0,0,0.15708,0,0
0,0,0.75,0,0,0,0.99447,0.10505,0,0,0.15708,0,0
0,0,0.75,0,0,0,0.9943,0.10661,0,0,0.15708,0,0
0,0,0.75,0,0,0,0.99413,0.10817,0,0,0.15708,0,0
0,0,0.75,0,0,0,0.99396,0.10973,0,0,0.15708,0,0
0,0,0.75,0,0,0,0.99379,0.1113,0,0,0.15708,0,0
0,0,0.75,0,0,0,0.99361,0.11286,0,0,0.15708,0,0
0,0,0.75,0,0,0,0.99343,0.11442,0,0,0.15708,0,0
0,0,0.75,0,0,0,0.99325,0.11598,0,0,0.15708,0,0
0,0,0.75,0,0,0,0.99307,0.11754,0,0,0.15708,0,0
0,0,0.75,0,0,0,0.99288,0.1191,0,0,0.15708,0,0
0,0,0.75,0,0,0,0.99269,0.12066,0,0,0.15708,0,0
0,0,0.75,0,0,0,0.9925,0.12222,0,0,0.15708,0,0
0,0,0.75,0,0,0,0.99231,0.12377,0,0,0.15708,0,0
0,0,0.75,0,0,0,0.99211,0.12533,0,0,0.15708,0,0
0,0,0.75,0,0,0,0.99192,0.12689,0,0,0.15708,0,0
0,0,0.75,0,0,0,0.99172,0.12845,0,0,0.15708,0,0
0,0,0.75,0,0,0,0.99151,0.13001,0,0,0.15708,0,0
0,0,0.75,0,0,0,0.99131,0.13156,0,0,0.15708,0,0
0,0,0.75,0,0,0,0.9911,0.13312,0,0,0.15708,0,0
0,0,0.75,0,0,0,0.99089,0.13468,0,0,0.15708,0,0
0,0,0.75,0,0,0,0.99068,0.13623,0,0,0.15708,0,0
0,0,0.75,0,0,0,0.99046,0.13779,0,0,0.15708,0,0
0,0,0.75,0,0,0,0.99024,0.13935,0,0,0.15708,0,0
0,0,0.75,0,0,0,0.99002,0.1409,0,0,0.15708,0,0
0,0,0.75,0,0,0,0.9898,0.14246,0,0,0.15708,0,0
0,0,0.75,0,0,0,0.98958,0.14401,0,0,0.15708,0,0
0,0,0.75,0,0,0,0.98935,0.14557,0,0,0.15708,0,0
0,0,0.75,0,0,0,0.98912,0.14712,0,0,0.15708,0,0
0,0,0.75,0,0,0,0.98889,0.14867,0,0,0.15708,0,0
0,0,0.75,0,0,0,0.98865,0.15023,0,0,0.15708,0,0
0,0,0.75,0,0,0,0.98841,0.15178,0,0,0.15708,0,0
0,0,0.75,0,0,0,0.98817,0.15333,0,0,0.15708,0,0
0,0,0.75,0,0,0,0.98793,0.15488,0,0,0.15708,0,0
0,0,0.75,0,0,0,0.98769,0.15643,0,0,0.15708,0,0
0,0,0.75,0,0,0,0.98744,0.15799,0,0,0.15708,0,0
0,0,0.75,0,0,0,0.98719,0.15954,0,0,0.15708,0,0
0,0,0.75,0,0,0,0.98694,0.16109,0,0,0.15708,0,0
0,0,0.75,0,0,0,0.98669,0.16264,0,0,0.15708,0,0
0,0,0.75,0,0,0,0.98643,0.16419,0,0,0.15708,0,0
0,0,0.75,0,0,0,0.98617,0.16574,0,0,0.15708,0,0
0,0,0.75,0,0,0,0.98591,0.16728,0,0,0.15708,0,0
0,0,0.75,0,0,0,0.98564,0.16883,0,0,0.15708,0,0
0,0,0.75,0,0,0,0.98538,0.17038,0,0,0.15708,0,0
0,0,0.75,0,0,0,0.98511,0.17193,0,0,0.15708,0,0
0,0,0.75,0,0,0,0.98484,0.17348,0,0,0.15708,0,0
0,0,0.75,0,0,0,0.98456,0.17502,0,0,0.15708,0,0
0,0,0.75,0,0,0,0.98429,0.17657,0,0,0.15708,0,0
0,0,0.75,0,0,0,0.98401,0.17812,0,0,0.15708,0,0
0,0,0.75,0,0,0,0.98373,0.17966,0,0,0.15708,0,0
0,0,0.75,0,0,0,0.98345,0.18121,0,0,0.15708,0,0
0,0,0.75,0,0,0,0.98316,0.18275,0,0,0.15708,0,0
0,0,0.75,0,0,0,0.98287,0.18429,0,0,0.15708,0,0
0,0,0.75,0,0,0,0.98258,0.18584,0,0,0.15708,0,0
0,0,0.75,0,0,0,0.98229,0.18738,0,0,0.15708,0,0
0,0,0.75,0,0,0,0.98199,0.18892,0,0,0.15708,0,0
0,0,0.75,0,0,0,0.98169,0.19047,0,0,0.15708,0,0
0,0,0.75,0,0,0,0.98139,0.19201,0,0,0.15708,0,0
0,0,0.75,0,0,0,0.98109,0.19355,0,0,0.15708,0,0
0,0,0.75,0,0,0,0.98079,0.19509,0,0,0.15708,0,0
0,0,0.75,0,0,0,0.98048,0.19663,0,0,0.15708,0,0
0,0,0.75,0,0,0,0.98017,0.19817,0,0,0.15708,0,0
0,0,0.75,0,0,0,0.97986,0.19971,0,0,0.15708,0,0
0,0,0.75,0,0,0,0.97954,0.20125,0,0,0.15708,0,0
0,0,0.75,0,0,0,0.97922,0.20279,0,0,0.15708,0,0
0,0,0.75,0,0,0,0.9789,0.20433,0,0,0.15708,0,0
0,0,0.75,0,0,0,0.97858,0.20586,0,0,0.15708,0,0
0,0,0.75,0,0,0,0.97826,0.2074,0,0,0.15708,0,0
0,0,0.75,0,0,0,0.97793,0.20894,0,0,0.15708,0,0
0,0,0.75,0,0,0,0.9776,0.21047,0,0,0.15708,0,0
0,0,0.75,0,0,0,0.97727,0.21201,0,0,0.15708,0,0
0,0,0.75,0,0,0,0.97693,0.21354,0,0,0.15708,0,0
0,0,0.75,0,0,0,0.9766,0.21508,0,0,0.15708,0,0
0,0,0.75,0,0,0,0.97626,0.21661,0,0,0.15708,0,0
0,0,0.75,0,0,0,0.97592,0.21814,0,0,0.15708,0,0
0,0,0.75,0,0,0,0.97557,0.21968,0,0,0.15708,0,0
0,0,0.75,0,0,0,0.97523,0.22121,0,0,0.15708,0,0
0,0,0.75,0,0,0,0.97488,0.22274,0,0,0.15708,0,0
0,0,0.75,0,0,0,0.97453,0.22427,0,0,0.15708,0,0
0,0,0.75,0,0,0,0.97417,0.2258,0,0,0.15708,0,0
0,0,0.75,0,0,0,0.97382,0.22733,0,0,0.15708,0,0
0,0,0.75,0,0,0,0.97346,0.22886,0,0,0.15708,0,0
0,0,0.75,0,0,0,0.9731,0.23039,0,0,0.15708,0,0
0,0,0.75,0,0,0,0.97274,0.23192,0,0,0.15708,0,0
0,0,0.75,0,0,0,0.97237,0.23345,0,0,0.15708,0,0
0,0,0.75,0,0,0,0.972,0.23497,0,0,0.15708,0,0
0,0,0.75,0,0,0,0.97163,0.2365,0,0,0.15708,0,0
0,0,0.75,0,0,0,0.97126,0.23802,0,0,0.15708,0,0
0,0,0.75,0,0,0,0.97088,0.23955,0,0,0.15708,0,0
0,0,0.75,0,0,0,0.97051,0.24108,0,0,0.15708,0,0
0,0,0.75,0,0,0,0.97013,0.2426,0,0,0.15708,0,0
0,0,0.75,0,0,0,0.96974,0.24412,0,0,0.15708,0,0
0,0,0.75,0,0,0,0.96936,0.24565,0,0,0.15708,0,0
0,0,0.75,0,0,0,0.96897,0.24717,0,0,0.15708,0,0
0,0,0.75,0,0,0,0.96858,0.24869,0,0,0.15708,0,0
0,0,0.75,0,0,0,0.96819,0.25021,0,0,0.15708,0,0
0,0,0.75,0,0,0,0.9678,0.25173,0,0,0.15708,0,0
0,0,0.75,0,0,0,0.9674,0.25325,0,0,0.15708,0,0
0,0,0.75,0,0,0,0.967,0.25477,0,0,0.15708,0,0
0,0,0.75,0,0,0,0.9666,0.25629,0,0,0.15708,0,0
0,0,0.75,0,0,0,0.9662,0.25781,0,0,0.15708,0,0
0,0,0.75,0,0,0,0.96579,0.25932,0,0,0.15708,0,0
0,0,0.75,0,0,0,0.96538,0.26084,0,0,0.15708,0,0
0,0,0.75,0,0,0,0.96497,0.26236,0,0,0.15708,0,0
0,0,0.75,0,0,0,0.96456,0.26387,0,0,0.15708,0,0
0,0,0.75,0,0,0,0.96414,0.26539,0,0,0.15708,0,0
0,0,0.75,0,0,0,0.96372,0.2669,0,0,0.15708,0,0
0,0,0.75,0,0,0,0.9633,0.26842,0,0,0.15708,0,0
0,0,0.75,0,0,0,0.96288,0.26993,0,0,0.15708,0,0
0,0,0.75,0,0,0,0.96246,0.27144,0,0,0.15708,0,0
0,0,0.75,0,0,0,0.96203,0.27295,0,0,0.15708,0,0
0,0,0.75,0,0,0,0.9616,0.27446,0,0,0.15708,0,0
0,0,0.75,0,0,0,0.96117,0.27597,0,0,0.15708,0,0
0,0,0.75,0,0,0,0.96073,0.27748,0,0,0.15708,0,0
0,0,0.75,0,0,0,0.96029,0.27899,0,0,0.15708,0,0
0,0,0.75,0,0,0,0.95985,0.2805,0,0,0.15708,0,0
0,0,0.75,0,0,0,0.95941,0.28201,0,0,0.15708,0,0
0,0,0.75,0,0,0,0.95897,0.28351,0,0,0.15708,0,0
0,0,0.75,0,0,0,0.95852,0.28502,0,0,0.15708,0,0
0,0,0.75,0,0,0,0.95807,0.28652,0,0,0.15708,0,0
0,0,0.75,0,0,0,0.95762,0.28803,0,0,0.15708,0,0
0,0,0.75,0,0,0,0.95717,0.28953,0,0,0.15708,0,0
0,0,0.75,0,0,0,0.95671,0.29104,0,0,0.15708,0,0
0,0,0.75,0,0,0,0.95625,0.29254,0,0,0.15708,0,0
0,0,0.75,0,0,0,0.95579,0.29404,0,0,0.15708,0,0
0,0,0.75,0,0,0,0.95533,0.29554,0,0,0.15708,0,0
0,0,0.75,0,0,0,0.95486,0.29704,0,0,0.15708,0,0
0,0,0.75,0,0,0,0.9544,0.29854,0,0,0.15708,0,0
0,0,0.75,0,0,0,0.95393,0.30004,0,0,0.15708,0,0
0,0,0.75,0,0,0,0.95345,0.30154,0,0,0.15708,0,0
0,0,0.75,0,0,0,0.95298,0.30304,0,0,0.15708,0,0
0,0,0.75,0,0,0,0.9525,0.30453,0,0,0.15708,0,0
0,0,0.75,0,0,0,0.95202,0.30603,0,0,0.15708,0,0
0,0,0.75,0,0,0,0.95154,0.30752,0,0,0.15708,0,0
0,0,0.75,0,0,0,0.95106,0.30902,0,0,0.15708,0,0
0,0,0.75,0,0,0,0.95057,0.31051,0,0,0.15708,0,0
0,0,0.75,0,0,0,0.95008,0.312,0,0,0.15708,0,0
0,0,0.75,0,0,0,0.94959,0.3135,0,0,0.15708,0,0
0,0,0.75,0,0,0,0.9491,0.31499,0,0,0.15708,0,0
0,0,0.75,0,0,0,0.9486,0.31648,0,0,0.15708,0,0
0,0,0.75,0,0,0,0.9481,0.31797,0,0,0.15708,0,0
0,0,0.75,0,0,0,0.9476,0.31946,0,0,0.15708,0,0
0,0,0.75,0,0,0,0.9471,0.32094,0,0,0.15708,0,0
0,0,0.75,0,0,0,0.94659,0.32243,0,0,0.15708,0,0
0,0,0.75,0,0,0,0.94609,0.32392,0,0,0.15708,0,0
0,0,0.75,0,0,0,0.94558,0.3254,0,0,0.15708,0,0
0,0,0.75,0,0,0,0.94506,0.32689,0,0,0.15708,0,0
0,0,0.75,0,0,0,0.94455,0.32837,0,0,0.15708,0,0
0,0,0.75,0,0,0,0.94403,0.32986,0,0,0.15708,0,0
0,0,0.75,0,0,0,0.94351,0.33134,0,0,0.15708,0,0
0,0,0.75,0,0,0,0.94299,0.33282,0,0,0.15708,0,0
0,0,0.75,0,0,0,0.94247,0.3343,0,0,0.15708,0,0
0,0,0.75,0,0,0,0.94194,0.33578,0,0,0.15708,0,0
0,0,0.75,0,0,0,0.94141,0.33726,0,0,0.15708,0,0
0,0,0.75,0,0,0,0.94088,0.33874,0,0,0.15708,0,0
0,0,0.75,0,0,0,0.94035,0.34022,0,0,0.15708,0,0
0,0,0.75,0,0,0,0.93981,0.34169,0,0,0.15708,0,0
0,0,0.75,0,0,0,0.93927,0.34317,0,0,0.15708,0,0
0,0,0.75,0,0,0,0.93873,0.34464,0,0,0.15708,0,0
0,0,0.75,0,0,0,0.93819,0.34612,0,0,0.15708,0,0
0,0,0.75,0,0,0,0.93765,0.34759,0,0,0.15708,0,0
0,0,0.75,0,0,0,0.9371,0.34906,0,0,0.15708,0,0
0,0,0.75,0,0,0,0.93655,0.35053,0,0,0.15708,0,0
0,0,0.75,0,0,0,0.936,0.35201,0,0,0.15708,0,0
0,0,0.75,0,0,0,0.93544,0.35347,0,0,0.15708,0,0
0,0,0.75,0,0,0,0.93489,0.35494,0,0,0.15708,0,0
0,0,0.75,0,0,0,0.93433,0.35641,0,0,0.15708,0,0
0,0,0.75,0,0,0,0.93377,0.35788,0,0,0.15708,0,0
0,0,0.75,0,0,0,0.9332,0.35935,0,0,0.15708,0,0
0,0,0.75,0,0,0,0.93264,0.36081,0,0,0.15708,0,0
0,0,0.75,0,0,0,0.93207,0.36228,0,0,0.15708,0,0
0,0,0.75,0,0,0,0.9315,0.36374,0,0,0.15708,0,0
0,0,0.75,0,0,0,0.93093,0.3652,0,0,0.15708,0,0
0,0,0.75,0,0,0,0.93035,0.36666,0,0,0.15708,0,0
0,0,0.75,0,0,0,0.92978,0.36812,0,0,0.15708,0,0
0,0,0.75,0,0,0,0.9292,0.36958,0,0,0.15708,0,0
0,0,0.75,0,0,0,0.92862,0.37104,0,0,0.15708,0,0
0,0,0.75,0,0,0,0.92803,0.3725,0,0,0.15708,0,0
0,0,0.75,0,0,0,0.92745,0.37396,0,0,0.15708,0,0
0,0,0.75,0,0,0,0.92686,0.37542,0,0,0.15708,0,0
0,0,0.75,0,0,0,0.92627,0.37687,0,0,0.15708,0,0
0,0,0.75,0,0,0,0.92567,0.37833,0,0,0.15708,0,0
0,0,0.75,0,0,0,0.92508,0.37978,0,0,0.15708,0,0
0,0,0.75,0,0,0,0.92448,0.38123,0,0,0.15708,0,0
0,0,0.75,0,0,0,0.92388,0.38268,0,0,0.15708,0,0
0,0,0.75,0,0,0,0.92388,0.38268,0,0,0,0,0
0,0,0.75,0,0,0,0.92448,0.38123,0,0,-0.15708,0,0
0,0,0.75,0,0,0,0.92508,0.37978,0,0,-0.15708,0,0
0,0,0.75,0,0,0,0.92567,0.37833,0,0,-0.15708,0,0
0,0,0.75,0,0,0,0.92627,0.37687,0,0,-0.15708,0,0
0,0,0.75,0,0,0,0.92686,0.37542,0,0,-0.15708,0,0
0,0,0.75,0,0,0,0.92745,0.37396,0,0,-0.15708,0,0
0,0,0.75,0,0,0,0.92803,0.3725,0,0,-0.15708,0,0
0,0,0.75,0,0,0,0.92862,0.37104,0,0,-0.15708,0,0
0,0,0.75,0,0,0,0.9292,0.36958,0,0,-0.15708,0,0
0,0,0.75,0,0,0,0.92978,0.36812,0,0,-0.15708,0,0
0,0,0.75,0,0,0,0.93035,0.36666,0,0,-0.15708,0,0
0,0,0.75,0,0,0,0.93093,0.3652,0,0,-0.15708,0,0
0,0,0.75,0,0,0,0.9315,0.36374,0,0,-0.15708,0,0
0,0,0.75,0,0,0,0.93207,0.36228,0,0,-0.15708,0,0
0,0,0.75,0,0,0,0.93264,0.36081,0,0,-0.15708,0,0
0,0,0.75,0,0,0,0.9332,0.35935,0,0,-0.15708,0,0
0,0,0.75,0,0,0,0.93377,0.35788,0,0,-0.15708,0,0
0,0,0.75,0,0,0,0.93433,0.35641,0,0,-0.15708,0,0
0,0,0.75,0,0,0,0.93489,0.35494,0,0,-0.15708,0,0
0,0,0.75,0,0,0,0.93544,0.35347,0,0,-0.15708,0,0
0,0,0.75,0,0,0,0.936,0.35201,0,0,-0.15708,0,0
0,0,0.75,0,0,0,0.93655,0.35053,0,0,-0.15708,0,0
0,0,0.75,0,0,0,0.9371,0.34906,0,0,-0.15708,0,0
0,0,0.75,0,0,0,0.93765,0.34759,0,0,-0.15708,0,0
0,0,0.75,0,0,0,0.93819,0.34612,0,0,-0.15708,0,0
0,0,0.75,0,0,0,0.93873,0.34464,0,0,-0.15708,0,0
0,0,0.75,0,0,0,0.93927,0.34317,0,0,-0.15708,0,0
0,0,0.75,0,0,0,0.93981,0.34169,0,0,-0.15708,0,0
0,0,0.75,0,0,0,0.94035,0.34022,0,0,-0.15708,0,0
0,0,0.75,0,0,0,0.94088,0.33874,0,0,-0.15708,0,0
0,0,0.75,0,0,0,0.94141,0.33726,0,0,-0.15708,0,0
0,0,0.75,0,0,0,0.94194,0.33578,0,0,-0.15708,0,0
0,0,0.75,0,0,0,0.94247,0.3343,0,0,-0.15708,0,0
0,0,0.75,0,0,0,0.94299,0.33282,0,0,-0.15708,0,0
0,0,0.75,0,0,0,0.94351,0.33134,0,0,-0.15708,0,0
0,0,0.75,0,0,0,0.94403,0.32986,0,0,-0.15708,0,0
0,0,0.75,0,0,0,0.94455,0.32837,0,0,-0.15708,0,0
0,0,0.75,0,0,0,0.94506,0.32689,0,0,-0.15708,0,0
0,0,0.75,0,0,0,0.94558,0.3254,0,0,-0.15708,0,0
0,0,0.75,0,0,0,0.94609,0.32392,0,0,-0.15708,0,0
0,0,0.75,0,0,0,0.94659,0.32243,0,0,-0.15708,0,0
0,0,0.75,0,0,0,0.9471,0.32094,0,0,-0.15708,0,0
0,0,0.75,0,0,0,0.9476,0.31946,0,0,-0.15708,0,0
0,0,0.75,0,0,0,0.9481,0.31797,0,0,-0.15708,0,0
0,0,0.75,0,0,0,0.9486,0.31648,0,0,-0.15708,0,0
0,0,0.75,0,0,0,0.9491,0.31499,0,0,-0.15708,0,0
0,0,0.75,0,0,0,0.94959,0.3135,0,0,-0.15708,0,0
0,0,0.75,0,0,0,0.95008,0.312,0,0,-0.15708,0,0
0,0,0.75,0,0,0,0.95057,0.31051,0,0,-0.15708,0,0
0,0,0.75,0,0,0,0.95106,0.30902,0,0,-0.15708,0,0
0,0,0.75,0,0,0,0.95154,0.30752,0,0,-0.15708,0,0
0,0,0.75,0,0,0,0.95202,0.30603,0,0,-0.15708,0,0
0,0,0.75,0,0,0,0.9525,0.30453,0,0,-0.15708,0,0
0,0,0.75,0,0,0,0.95298,0.30304,0,0,-0.15708,0,0
0,0,0.75,0,0,0,0.95345,0.30154,0,0,-0.15708,0,0
0,0,0.75,0,0,0,0.95393,0.30004,0,0,-0.15708,0,0
0,0,0.75,0,0,0,0.9544,0.29854,0,0,-0.15708,0,0
0,0,0.75,0,0,0,0.95486,0.29704,0,0,-0.15708,0,0
0,0,0.75,0,0,0,0.95533,0.29554,0,0,-0.15708,0,0
0,0,0.75,0,0,0,0.95579,0.29404,0,0,-0.15708,0,0
0,0,0.75,0,0,0,0.95625,0.29254,0,0,-0.15708,0,0
0,0,0.75,0,0,0,0.95671,0.29104,0,0,-0.15708,0,0
0,0,0.75,0,0,0,0.95717,0.28953,0,0,-0.15708,0,0
0,0,0.75,0,0,0,0.95762,0.28803,0,0,-0.15708,0,0
0,0,0.75,0,0,0,0.95807,0.28652,0,0,-0.15708,0,0
0,0,0.75,0,0,0,0.95852,0.28502,0,0,-0.15708,0,0
0,0,0.75,0,0,0,0.95897,0.28351,0,0,-0.15708,0,0
0,0,0.75,0,0,0,0.95941,0.28201,0,0,-0.15708,0,0
0,0,0.75,0,0,0,0.95985,0.2805,0,0,-0.15708,0,0
0,0,0.75,0,0,0,0.96029,0.27899,0,0,-0.15708,0,0
0,0,0.75,0,0,0,0.96073,0.27748,0,0,-0.15708,0,0
0,0,0.75,0,0,0,0.96117,0.27597,0,0,-0.15708,0,0
0,0,0.75,0,0,0,0.9616,0.27446,0,0,-0.15708,0,0
0,0,0.75,0,0,0,0.96203,0.27295,0,0,-0.15708,0,0
0,0,0.75,0,0,0,0.96246,0.27144,0,0,-0.15708,0,0
0,0,0.75,0,0,0,0.96288,0.26993,0,0,-0.15708,0,0
0,0,0.75,0,0,0,0.9633,0.26842,0,0,-0.15708,0,0
0,0,0.75,0,0,0,0.96372,0.2669,0,0,-0.15708,0,0
0,0,0.75,0,0,0,0.96414,0.26539,0,0,-0.15708,0,0
0,0,0.75,0,0,0,0.96456,0.26387,0,0,-0.15708,0,0
0,0,0.75,0,0,0,0.96497,0.26236,0,0,-0.15708,0,0
0,0,0.75,0,0,0,0.96538,0.26084,0,0,-0.15708,0,0
0,0,0.75,0,0,0,0.96579,0.25932,0,0,-0.15708,0,0
0,0,0.75,0,0,0,0.9662,0.25781,0,0,-0.15708,0,0
0,0,0.75,0,0,0,0.9666,0.25629,0,0,-0.15708,0,0
0,0,0.75,0,0,0,0.967,0.25477,0,0,-0.15708,0,0
0,0,0.75,0,0,0,0.9674,0.25325,0,0,-0.15708,0,0
0,0,0.75,0,0,0,0.9678,0.25173,0,0,-0.15708,0,0
0,0,0.75,0,0,0,0.96819,0.25021,0,0,-0.15708,0,0
0,0,0.75,0,0,0,0.96858,0.24869,0,0,-0.15708,0,0
0,0,0.75,0,0,0,0.96897,0.24717,0,0,-0.15708,0,0
0,0,0.75,0,0,0,0.96936,0.24565,0,0,-0.15708,0,0
0,0,0.75,0,0,0,0.96974,0.24412,0,0,-0.15708,0,0
0,0,0.75,0,0,0,0.97013,0.2426,0,0,-0.15708,0,0
0,0,0.75,0,0,0,0.97051,0.24108,0,0,-0.15708,0,0
0,0,0.75,0,0,0,0.97088,0.23955,0,0,-0.15708,0,0
0,0,0.75,0,0,0,0.97126,0.23802,0,0,-0.15708,0,0
0,0,0.75,0,0,0,0.97163,0.2365,0,0,-0.15708,0,0
0,0,0.75,0,0,0,0.972,0.23497,0,0,-0.15708,0,0
0,0,0.75,0,0,0,0.97237,0.23345,0,0,-0.15708,0,0
0,0,0.75,0,0,0,0.97274,0.23192,0,0,-0.15708,0,0
0,0,0.75,0,0,0,0.9731,0.23039,0,0,-0.15708,0,0
0,0,0.75,0,0,0,0.97346,0.22886,0,0,-0.15708,0,0
0,0,0.75,0,0,0,0.97382,0.22733,0,0,-0.15708,0,0
0,0,0.75,0,0,0,0.97417,0.2258,0,0,-0.15708,0,0
0,0,0.75,0,0,0,0.97453,0.22427,0,0,-0.15708,0,0
0,0,0.75,0,0,0,0.97488,0.22274,0,0,-0.15708,0,0
0,0,0.75,0,0,0,0.97523,0.22121,0,0,-0.15708,0,0
0,0,0.75,0,0,0,0.97557,0.21968,0,0,-0.15708,0,0
0,0,0.75,0,0,0,0.97592,0.21814,0,0,-0.15708,0,0
0,0,0.75,0,0,0,0.97626,0.21661,0,0,-0.15708,0,0
0,0,0.75,0,0,0,0.9766,0.21508,0,0,-0.15708,0,0
0,0,0.75,0,0,0,0.97693,0.21354,0,0,-0.15708,0,0
0,0,0.75,0,0,0,0.97727,0.21201,0,0,-0.15708,0,0
0,0,0.75,0,0,0,0.9776,0.21047,0,0,-0.15708,0,0
0,0,0.75,0,0,0,0.97793,0.20894,0,0,-0.15708,0,0
0,0,0.75,0,0,0,0.97826,0.2074,0,0,-0.15708,0,0
0,0,0.75,0,0,0,0.97858,0.20586,0,0,-0.15708,0,0
0,0,0.75,0,0,0,0.9789,0.20433,0,0,-0.15708,0,0
0,0,0.75,0,0,0,0.97922,0.20279,0,0,-0.15708,0,0
0,0,0.75,0,0,0,0.97954,0.20125,0,0,-0.15708,0,0
0,0,0.75,0,0,0,0.97986,0.19971,0,0,-0.15708,0,0
0,0,0.75,0,0,0,0.98017,0.19817,0,0,-0.15708,0,0
0,0,0.75,0,0,0,0.98048,0.19663,0,0,-0.15708,0,0
0,0,0.75,0,0,0,0.98079,0.19509,0,0,-0.15708,0,0
0,0,0.75,0,0,0,0.98109,0.19355,0,0,-0.15708,0,0
0,0,0.75,0,0,0,0.98139,0.19201,0,0,-0.15708,0,0
0,0,0.75,0,0,0,0.98169,0.19047,0,0,-0.15708,0,0
0,0,0.75,0,0,0,0.98199,0.18892,0,0,-0.15708,0,0
0,0,0.75,0,0,0,0.98229,0.18738,0,0,-0.15708,0,0
0,0,0.75,0,0,0,0.98258,0.18584,0,0,-0.15708,0,0
0,0,0.75,0,0,0,0.98287,0.18429,0,0,-0.15708,0,0
0,0,0.75,0,0,0,0.98316,0.18275,0,0,-0.15708,0,0
0,0,0.75,0,0,0,0.98345,0.18121,0,0,-0.15708,0,0
0,0,0.75,0,0,0,0.98373,0.17966,0,0,-0.15708,0,0
0,0,0.75,0,0,0,0.98401,0.17812,0,0,-0.15708,0,0
0,0,0.75,0,0,0,0.98429,0.17657,0,0,-0.15708,0,0
0,0,0.75,0,0,0,0.98456,0.17502,0,0,-0.15708,0,0
0,0,0.75,0,0,0,0.98484,0.17348,0,0,-0.15708,0,0
0,0,0.75,0,0,0,0.98511,0.17193,0,0,-0.15708,0,0
0,0,0.75,0,0,0,0.98538,0.17038,0,0,-0.15708,0,0
0,0,0.75,0,0,0,0.98564,0.16883,0,0,-0.15708,0,0
0,0,0.75,0,0,0,0.98591,0.16728,0,0,-0.15708,0,0
0,0,0.75,0,0,0,0.98617,0.16574,0,0,-0.15708,0,0
0,0,0.75,0,0,0,0.98643,0.16419,0,0,-0.15708,0,0
0,0,0.75,0,0,0,0.98669,0.16264,0,0,-0.15708,0,0
0,0,0.75,0,0,0,0.98694,0.16109,0,0,-0.15708,0,0
0,0,0.75,0,0,0,0.98719,0.15954,0,0,-0.15708,0,0
0,0,0.75,0,0,0,0.98744,0.15799,0,0,-0.15708,0,0
0,0,0.75,0,0,0,0.98769,0.15643,0,0,-0.15708,0,0
0,0,0.75,0,0,0,0.98793,0.15488,0,0,-0.15708,0,0
0,0,0.75,0,0,0,0.98817,0.15333,0,0,-0.15708,0,0
0,0,0.75,0,0,0,0.98841,0.15178,0,0,-0.15708,0,0
0,0,0.75,0,0,0,0.98865,0.15023,0,0,-0.15708,0,0
0,0,0.75,0,0,0,0.98889,0.14867,0,0,-0.15708,0,0
0,0,0.75,0,0,0,0.98912,0.14712,0,0,-0.15708,0,0
0,0,0.75,0,0,0,0.98935,0.14557,0,0,-0.15708,0,0
0,0,0.75,0,0,0,0.98958,0.14401,0,0,-0.15708,0,0
0,0,0.75,0,0,0,0.9898,0.14246,0,0,-0.15708,0,0
0,0,0.75,0,0,0,0.99002,0.1409,0,0,-0.15708,0,0
0,0,0.75,0,0,0,0.99024,0.13935,0,0,-0.15708,0,0
0,0,0.75,0,0,0,0.99046,0.13779,0,0,-0.15708,0,0
0,0,0.75,0,0,0,0.99068,0.13623,0,0,-0.15708,0,0
0,0,0.75,0,0,0,0.99089,0.13468,0,0,-0.15708,0,0
0,0,0.75,0,0,0,0.9911,0.13312,0,0,-0.15708,0,0
0,0,0.75,0,0,0,0.99131,0.13156,0,0,-0.15708,0,0
0,0,0.75,0,0,0,0.99151,0.13001,0,0,-0.15708,0,0
0,0,0.75,0,0,0,0.99172,0.12845,0,0,-0.15708,0,0
0,0,0.75,0,0,0,0.99192,0.12689,0,0,-0.15708,0,0
0,0,0.75,0,0,0,0.99211,0.12533,0,0,-0.15708,0,0
0,0,0.75,0,0,0,0.99231,0.12377,0,0,-0.15708,0,0
0,0,0.75,0,0,0,0.9925,0.12222,0,0,-0.15708,0,0
0,0,0.75,0,0,0,0.99269,0.12066,0,0,-0.15708,0,0
0,0,0.75,0,0,0,0.99288,0.1191,0,0,-0.15708,0,0
0,0,0.75,0,0,0,0.99307,0.11754,0,0,-0.15708,0,0
0,0,0.75,0,0,0,0.99325,0.11598,0,0,-0.15708,0,0
0,0,0.75,0,0,0,0.99343,0.11442,0,0,-0.15708,0,0
0,0,0.75,0,0,0,0.99361,0.11286,0,0,-0.15708,0,0
0,0,0.75,0,0,0,0.99379,0.1113,0,0,-0.15708,0,0
0,0,0.75,0,0,0,0.99396,0.10973,0,0,-0.15708,0,0
0,0,0.75,0,0,0,0.99413,0.10817,0,0,-0.15708,0,0
0,0,0.75,0,0,0,0.9943,0.10661,0,0,-0.15708,0,0
0,0,0.75,0,0,0,0.99447,0.10505,0,0,-0.15708,0,0
0,0,0.75,0,0,0,0.99463,0.10349,0,0,-0.15708,0,0
0,0,0.75,0,0,0,0.99479,0.10192,0,0,-0.15708,0,0
0,0,0.75,0,0,0,0.99495,0.10036,0,0,-0.15708,0,0
0,0,0.75,0,0,0,0.99511,0.098799,0,0,-0.15708,0,0
0,0,0.75,0,0,0,0.99526,0.097235,0,0,-0.15708,0,0
0,0,0.75,0,0,0,0.99541,0.095672,0,0,-0.15708,0,0
0,0,0.75,0,0,0,0.99556,0.094108,0,0,-0.15708,0,0
0,0,0.75,0,0,0,0.99571,0.092544,0,0,-0.15708,0,0
0,0,0.75,0,0,0,0.99585,0.09098,0,0,-0.15708,0,0
0,0,0.75,0,0,0,0.99599,0.089416,0,0,-0.15708,0,0
0,0,0.75,0,0,0,0.99613,0.087851,0,0,-0.15708,0,0
0,0,0.75,0,0,0,0.99627,0.086286,0,0,-0.15708,0,0
0,0,0.75,0,0,0,0.9964,0.084721,0,0,-0.15708,0,0
0,0,0.75,0,0,0,0.99654,0.083156,0,0,-0.15708,0,0
0,0,0.75,0,0,0,0.99667,0.081591,0,0,-0.15708,0,0
0,0,0.75,0,0,0,0.99679,0.080025,0,0,-0.15708,0,0
0,0,0.75,0,0,0,0.99692,0.078459,0,0,-0.15708,0,0
0,0,0.75,0,0,0,0.99704,0.076893,0,0,-0.15708,0,0
0,0,0.75,0,0,0,0.99716,0.075327,0,0,-0.15708,0,0
0,0,0.75,0,0,0,0.99728,0.07376,0,0,-0.15708,0,0
0,0,0.75,0,0,0,0.99739,0.072194,0,0,-0.15708,0,0
0,0,0.75,0,0,0,0.9975,0.070627,0,0,-0.15708,0,0
0,0,0.75,0,0,0,0.99761,0.06906,0,0,-0.15708,0,0
0,0,0.75,0,0,0,0.99772,0.067493,0,0,-0.15708,0,0
0,0,0.75,0,0,0,0.99782,0.065926,0,0,-0.15708,0,0
0,0,0.75,0,0,0,0.99793,0.064358,0,0,-0.15708,0,0
0,0,0.75,0,0,0,0.99803,0.062791,0,0,-0.15708,0,0
0,0,0.75,0,0,0,0.99812,0.061223,0,0,-0.15708,0,0
0,0,0.75,0,0,0,0.99822,0.059655,0,0,-0.15708,0,0
0,0,0.75,0,0,0,0.99831,0.058087,0,0,-0.15708,0,0
0,0,0.75,0,0,0,0.9984,0.056519,0,0,-0.15708,0,0
0,0,0.75,0,0,0,0.99849,0.05495,0,0,-0.15708,0,0
0,0,0.75,0,0,0,0.99857,0.053382,0,0,-0.15708,0,0
0,0,0.75,0,0,0,0.99866,0.051813,0,0,-0.15708,0,0
0,0,0.75,0,0,0,0.99874,0.050244,0,0,-0.15708,0,0
0,0,0.75,0,0,0,0.99881,0.048675,0,0,-0.15708,0,0
0,0,0.75,0,0,0,0.99889,0.047106,0,0,-0.15708,0,0
0,0,0.75,0,0,0,0.99896,0.045537,0,0,-0.15708,0,0
0,0,0.75,0,0,0,0.99903,0.043968,0,0,-0.15708,0,0
0,0,0.75,0,0,0,0.9991,0.042399,0,0,-0.15708,0,0
0,0,0.75,0,0,0,0.99917,0.040829,0,0,-0.15708,0,0
0,0,0.75,0,0,0,0.99923,0.03926,0,0,-0.15708,0,0
0,0,0.75,0,0,0,0.99929,0.03769,0,0,-0.15708,0,0
0,0,0.75,0,0,0,0.99935,0.03612,0,0,-0.15708,0,0
0,0,0.75,0,0,0,0.9994,0.034551,0,0,-0.15708,0,0
0,0,0.75,0,0,0,0.99946,0.032981,0,0,-0.15708,0,0
0,0,0.75,0,0,0,0.99951,0.031411,0,0,-0.15708,0,0
0,0,0.75,0,0,0,0.99955,0.029841,0,0,-0.15708,0,0
0,0,0.75,0,0,0,0.9996,0.028271,0,0,-0.15708,0,0
0,0,0.75,0,0,0,0.99964,0.0267,0,0,-0.15708,0,0
0,0,0.75,0,0,0,0.99968,0.02513,0,0,-0.15708,0,0
0,0,0.75,0,0,0,0.99972,0.02356,0,0,-0.15708,0,0
0,0,0.75,0,0,0,0.99976,0.021989,0,0,-0.15708,0,0
0,0,0.75,0,0,0,0.99979,0.020419,0,0,-0.15708,0,0
0,0,0.75,0,0,0,0.99982,0.018848,0,0,-0.15708,0,0
0,0,0.75,0,0,0,0.99985,0.017278,0,0,-0.15708,0,0
0,0,0.75,0,0,0,0.99988,0.015707,0,0,-0.15708,0,0
0,0,0.75,0,0,0,0.9999,0.014137,0,0,-0.15708,0,0
0,0,0.75,0,0,0,0.99992,0.012566,0,0,-0.15708,0,0
0,0,0.75,0,0,0,0.99994,0.010995,0,0,-0.15708,0,0
0,0,0.75,0,0,0,0.99996,0.0094246,0,0,-0.15708,0,0
0,0,0.75,0,0,0,0.99997,0.0078539,0,0,-0.15708,0,0
0,0,0.75,0,0,0,0.99998,0.0062831,0,0,-0.15708,0,0
0,0,0.75,0,0,0,0.99999,0.0047124,0,0,-0.15708,0,0
0,0,0.75,0,0,0,1,0.0031416,0,0,-0.15708,0,0
0,0,0.75,0,0,0,1,0.0015708,0,0,-0.15708,0,0
0,0,0.75,0,0,0,1,0,0,0,-0.15708,0,0
0,0,0.75,0,0,0,1,-0.0015708,0,0,-0.15708,0,0
0,0,0.75,0,0,0,1,-0.0031416,0,0,-0.15708,0,0
0,0,0.75,0,0,0,0.99999,-0.0047124,0,0,-0.15708,0,0
0,0,0.75,0,0,0,0.99998,-0.0062831,0,0,-0.15708,0,0
0,0,0.75,0,0,0,0.99997,-0.0078539,0,0,-0.15708,0,0
0,0,0.75,0,0,0,0.99996,-0.0094246,0,0,-0.15708,0,0
0,0,0.75,0,0,0,0.99994,-0.010995,0,0,-0.15708,0,0
0,0,0.75,0,0,0,0.99992,-0.012566,0,0,-0.15708,0,0
0,0,0.75,0,0,0,0.9999,-0.014137,0,0,-0.15708,0,0
0,0,0.75,0,0,0,0.99988,-0.015707,0,0,-0.15708,0,0
0,0,0.75,0,0,0,0.99985,-0.017278,0,0,-0.15708,0,0
0,0,0.75,0,0,0,0.99982,-0.018848,0,0,-0.15708,0,0
0,0,0.75,0,0,0,0.99979,-0.020419,0,0,-0.15708,0,0
0,0,0.75,0,0,0,0.99976,-0.021989,0,0,-0.15708,0,0
0,0,0.75,0,0,0,0.99972,-0.02356,0,0,-0.15708,0,0
0,0,0.75,0,0,0,0.99968,-0.02513,0,0,-0.15708,0,0
0,0,0.75,0,0,0,0.99964,-0.0267,0,0,-0.15708,0,0
0,0,0.75,0,0,0,0.9996,-0.028271,0,0,-0.15708,0,0
0,0,0.75,0,0,0,0.99955,-0.029841,0,0,-0.15708,0,0
0,0,0.75,0,0,0,0.99951,-0.031411,0,0,-0.15708,0,0
0,0,0.75,0,0,0,0.99946,-0.032981,0,0,-0.15708,0,0
0,0,0.75,0,0,0,0.9994,-0.034551,0,0,-0.15708,0,0
0,0,0.75,0,0,0,0.99935,-0.03612,0,0,-0.15708,0,0
0,0,0.75,0,0,0,0.99929,-0.03769,0,0,-0.15708,0,0
0,0,0.75,0,0,0,0.99923,-0.03926,0,0,-0.15708,0,0
0,0,0.75,0,0,0,0.99917,-0.040829,0,0,-0.15708,0,0
0,0,0.75,0,0,0,0.9991,-0.042399,0,0,-0.15708,0,0
0,0,0.75,0,0,0,0.99903,-0.043968,0,0,-0.15708,0,0
0,0,0.75,0,0,0,0.99896,-0.045537,0,0,-0.15708,0,0
0,0,0.75,0,0,0,0.99889,-0.047106,0,0,-0.15708,0,0
0,0,0.75,0,0,0,0.99881,-0.048675,0,0,-0.15708,0,0
0,0,0.75,0,0,0,0.99874,-0.050244,0,0,-0.15708,0,0
0,0,0.75,0,0,0,0.99866,-0.051813,0,0,-0.15708,0,0
0,0,0.75,0,0,0,0.99857,-0.053382,0,0,-0.15708,0,0
0,0,0.75,0,0,0,0.99849,-0.05495,0,0,-0.15708,0,0
0,0,0.75,0,0,0,0.9984,-0.056519,0,0,-0.15708,0,0
0,0,0.75,0,0,0,0.99831,-0.058087,0,0,-0.15708,0,0
0,0,0.75,0,0,0,0.99822,-0.059655,0,0,-0.15708,0,0
0,0,0.75,0,0,0,0.99812,-0.061223,0,0,-0.15708,0,0
0,0,0.75,0,0,0,0.99803,-0.062791,0,0,-0.15708,0,0
0,0,0.75,0,0,0,0.99793,-0.064358,0,0,-0.15708,0,0
0,0,0.75,0,0,0,0.99782,-0.065926,0,0,-0.15708,0,0
0,0,0.75,0,0,0,0.99772,-0.067493,0,0,-0.15708,0,0
0,0,0.75,0,0,0,0.99761,-0.06906,0,0,-0.15708,0,0
0,0,0.75,0,0,0,0.9975,-0.070627,0,0,-0.15708,0,0
0,0,0.75,0,0,0,0.99739,-0.072194,0,0,-0.15708,0,0
0,0,0.75,0,0,0,0.99728,-0.07376,0,0,-0.15708,0,0
0,0,0.75,0,0,0,0.99716,-0.075327,0,0,-0.15708,0,0
0,0,0.75,0,0,0,0.99704,-0.076893,0,0,-0.15708,0,0
0,0,0.75,0,0,0,0.99692,-0.078459,0,0,-0.15708,0,0
0,0,0.75,0,0,0,0.99679,-0.080025,0,0,-0.15708,0,0
0,0,0.75,0,0,0,0.99667,-0.081591,0,0,-0.15708,0,0
0,0,0.75,0,0,0,0.99654,-0.083156,0,0,-0.15708,0,0
0,0,0.75,0,0,0,0.9964,-0.084721,0,0,-0.15708,0,0
0,0,0.75,0,0,0,0.99627,-0.086286,0,0,-0.15708,0,0
0,0,0.75,0,0,0,0.99613,-0.087851,0,0,-0.15708,0,0
0,0,0.75,0,0,0,0.99599,-0.089416,0,0,-0.15708,0,0
0,0,0.75,0,0,0,0.99585,-0.09098,0,0,-0.15708,0,0
0,0,0.75,0,0,0,0.99571,-0.092544,0,0,-0.15708,0,0
0,0,0.75,0,0,0,0.99556,-0.094108,0,0,-0.15708,0,0
0,0,0.75,0,0,0,0.99541,-0.095672,0,0,-0.15708,0,0
0,0,0.75,0,0,0,0.99526,-0.097235,0,0,-0.15708,0,0
0,0,0.75,0,0,0,0.99511,-0.098799,0,0,-0.15708,0,0
0,0,0.75,0,0,0,0.99495,-0.10036,0,0,-0.15708,0,0
0,0,0.75,0,0,0,0.99479,-0.10192,0,0,-0.15708,0,0
0,0,0.75,0,0,0,0.99463,-0.10349,0,0,-0.15708,0,0
0,0,0.75,0,0,0,0.99447,-0.10505,0,0,-0.15708,0,0
0,0,0.75,0,0,0,0.9943,-0.10661,0,0,-0.15708,0,0
0,0,0.75,0,0,0,0.99413,-0.10817,0,0,-0.15708,0,0
0,0,0.75,0,0,0,0.99396,-0.10973,0,0,-0.15708,0,0
0,0,0.75,0,0,0,0.99379,-0.1113,0,0,-0.15708,0,0
0,0,0.75,0,0,0,0.99361,-0.11286,0,0,-0.15708,0,0
0,0,0.75,0,0,0,0.99343,-0.11442,0,0,-0.15708,0,0
0,0,0.75,0,0,0,0.99325,-0.11598,0,0,-0.15708,0,0
0,0,0.75,0,0,0,0.99307,-0.11754,0,0,-0.15708,0,0
0,0,0.75,0,0,0,0.99288,-0.1191,0,0,-0.15708,0,0
0,0,0.75,0,0,0,0.99269,-0.12066,0,0,-0.15708,0,0
0,0,0.75,0,0,0,0.9925,-0.12222,0,0,-0.15708,0,0
0,0,0.75,0,0,0,0.99231,-0.12377,0,0,-0.15708,0,0
0,0,0.75,0,0,0,0.99211,-0.12533,0,0,-0.15708,0,0
0,0,0.75,0,0,0,0.99192,-0.12689,0,0,-0.15708,0,0
0,0,0.75,0,0,0,0.99172,-0.12845,0,0,-0.15708,0,0
0,0,0.75,0,0,0,0.99151,-0.13001,0,0,-0.15708,0,0
0,0,0.75,0,0,0,0.99131,-0.13156,0,0,-0.15708,0,0
0,0,0.75,0,0,0,0.9911,-0.13312,0,0,-0.15708,0,0
0,0,0.75,0,0,0,0.99089,-0.13468,0,0,-0.15708,0,0
0,0,0.75,0,0,0,0.99068,-0.13623,0,0,-0.15708,0,0
0,0,0.75,0,0,0,0.99046,-0.13779,0,0,-0.15708,0,0
0,0,0.75,0,0,0,0.99024,-0.13935,0,0,-0.15708,0,0
0,0,0.75,0,0,0,0.99002,-0.1409,0,0,-0.15708,0,0
0,0,0.75,0,0,0,0.9898,-0.14246,0,0,-0.15708,0,0
0,0,0.75,0,0,0,0.98958,-0.14401,0,0,-0.15708,0,0
0,0,0.75,0,0,0,0.98935,-0.14557,0,0,-0.15708,0,0
0,0,0.75,0,0,0,0.98912,-0.14712,0,0,-0.15708,0,0
0,0,0.75,0,0,0,0.98889,-0.14867,0,0,-0.15708,0,0
0,0,0.75,0,0,0,0.98865,-0.15023,0,0,-0.15708,0,0
0,0,0.75,0,0,0,0.98841,-0.15178,0,0,-0.15708,0,0
0,0,0.75,0,0,0,0.98817,-0.15333,0,0,-0.15708,0,0
0,0,0.75,0,0,0,0.98793,-0.15488,0,0,-0.15708,0,0
0,0,0.75,0,0,0,0.98769,-0.15643,0,0,-0.15708,0,0
0,0,0.75,0,0,0,0.98744,-0.15799,0,0,-0.15708,0,0
0,0,0.75,0,0,0,0.98719,-0.15954,0,0,-0.15708,0,0
0,0,0.75,0,0,0,0.98694,-0.16109,0,0,-0.15708,0,0
0,0,0.75,0,0,0,0.98669,-0.16264,0,0,-0.15708,0,0
0,0,0.75,0,0,0,0.98643,-0.16419,0,0,-0.15708,0,0
0,0,0.75,0,0,0,0.98617,-0.16574,0,0,-0.15708,0,0
0,0,0.75,0,0,0,0.98591,-0.16728,0,0,-0.15708,0,0
0,0,0.75,0,0,0,0.98564,-0.16883,0,0,-0.15708,0,0
0,0,0.75,0,0,0,0.98538,-0.17038,0,0,-0.15708,0,0
0,0,0.75,0,0,0,0.98511,-0.17193,0,0,-0.15708,0,0
0,0,0.75,0,0,0,0.98484,-0.17348,0,0,-0.15708,0,0
0,0,0.75,0,0,0,0.98456,-0.17502,0,0,-0.15708,0,0
0,0,0.75,0,0,0,0.98429,-0.17657,0,0,-0.15708,0,0
0,0,0.75,0,0,0,0.98401,-0.17812,0,0,-0.15708,0,0
0,0,0.75,0,0,0,0.98373,-0.17966,0,0,-0.15708,0,0
0,0,0.75,0,0,0,0.98345,-0.18121,0,0,-0.15708,0,0
0,0,0.75,0,0,0,0.98316,-0.18275,0,0,-0.15708,0,0
0,0,0.75,0,0,0,0.98287,-0.18429,0,0,-0.15708,0,0
0,0,0.75,0,0,0,0.98258,-0.18584,0,0,-0.15708,0,0
0,0,0.75,0,0,0,0.98229,-0.18738,0,0,-0.15708,0,0
0,0,0.75,0,0,0,0.98199,-0.18892,0,0,-0.15708,0,0
0,0,0.75,0,0,0,0.98169,-0.19047,0,0,-0.15708,0,0
0,0,0.75,0,0,0,0.98139,-0.19201,0,0,-0.15708,0,0
0,0,0.75,0,0,0,0.98109,-0.19355,0,0,-0.15708,0,0
0,0,0.75,0,0,0,0.98079,-0.19509,0,0,-0.15708,0,0
0,0,0.75,0,0,0,0.98048,-0.19663,0,0,-0.15708,0,0
0,0,0.75,0,0,0,0.98017,-0.19817,0,0,-0.15708,0,0
0,0,0.75,0,0,0,0.97986,-0.19971,0,0,-0.15708,0,0
0,0,0.75,0,0,0,0.97954,-0.20125,0,0,-0.15708,0,0
0,0,0.75,0,0,0,0.97922,-0.20279,0,0,-0.15708,0,0
0,0,0.75,0,0,0,0.9789,-0.20433,0,0,-0.15708,0,0
0,0,0.75,0,0,0,0.97858,-0.20586,0,0,-0.15708,0,0
0,0,0.75,0,0,0,0.97826,-0.2074,0,0,-0.15708,0,0
0,0,0.75,0,0,0,0.97793,-0.20894,0,0,-0.15708,0,0
0,0,0.75,0,0,0,0.9776,-0.21047,0,0,-0.15708,0,0
0,0,0.75,0,0,0,0.97727,-0.21201,0,0,-0.15708,0,0
0,0,0.75,0,0,0,0.97693,-0.21354,0,0,-0.15708,0,0
0,0,0.75,0,0,0,0.9766,-0.21508,0,0,-0.15708,0,0
0,0,0.75,0,0,0,0.97626,-0.21661,0,0,-0.15708,0,0
0,0,0.75,0,0,0,0.97592,-0.21814,0,0,-0.15708,0,0
0,0,0.75,0,0,0,0.97557,-0.21968,0,0,-0.15708,0,0
0,0,0.75,0,0,0,0.97523,-0.22121,0,0,-0.15708,0,0
0,0,0.75,0,0,0,0.97488,-0.22274,0,0,-0.15708,0,0
0,0,0.75,0,0,0,0.97453,-0.22427,0,0,-0.15708,0,0
0,0,0.75,0,0,0,0.97417,-0.2258,0,0,-0.15708,0,0
0,0,0.75,0,0,0,0.97382,-0.22733,0,0,-0.15708,0,0
0,0,0.75,0,0,0,0.97346,-0.22886,0,0,-0.15708,0,0
0,0,0.75,0,0,0,0.9731,-0.23039,0,0,-0.15708,0,0
0,0,0.75,0,0,0,0.97274,-0.23192,0,0,-0.15708,0,0
0,0,0.75,0,0,0,0.97237,-0.23345,0,0,-0.15708,0,0
0,0,0.75,0,0,0,0.972,-0.23497,0,0,-0.15708,0,0
0,0,0.75,0,0,0,0.97163,-0.2365,0,0,-0.15708,0,0
0,0,0.75,0,0,0,0.97126,-0.23802,0,0,-0.15708,0,0
0,0,0.75,0,0,0,0.97088,-0.23955,0,0,-0.15708,0,0
0,0,0.75,0,0,0,0.97051,-0.24108,0,0,-0.15708,0,0
0,0,0.75,0,0,0,0.97013,-0.2426,0,0,-0.15708,0,0
0,0,0.75,0,0,0,0.96974,-0.24412,0,0,-0.15708,0,0
0,0,0.75,0,0,0,0.96936,-0.24565,0,0,-0.15708,0,0
0,0,0.75,0,0,0,0.96897,-0.24717,0,0,-0.15708,0,0
0,0,0.75,0,0,0,0.96858,-0.24869,0,0,-0.15708,0,0
0,0,0.75,0,0,0,0.96819,-0.25021,0,0,-0.15708,0,0
0,0,0.75,0,0,0,0.9678,-0.25173,0,0,-0.15708,0,0
0,0,0.75,0,0,0,0.9674,-0.25325,0,0,-0.15708,0,0
0,0,0.75,0,0,0,0.967,-0.25477,0,0,-0.15708,0,0
0,0,0.75,0,0,0,0.9666,-0.25629,0,0,-0.15708,0,0
0,0,0.75,0,0,0,0.9662,-0.25781,0,0,-0.15708,0,0
0,0,0.75,0,0,0,0.96579,-0.25932,0,0,-0.15708,0,0
0,0,0.75,0,0,0,0.96538,-0.26084,0,0,-0.15708,0,0
0,0,0.75,0,0,0,0.96497,-0.26236,0,0,-0.15708,0,0
0,0,0.75,0,0,0,0.96456,-0.26387,0,0,-0.15708,0,0
0,0,0.75,0,0,0,0.96414,-0.26539,0,0,-0.15708,0,0
0,0,0.75,0,0,0,0.96372,-0.2669,0,0,-0.15708,0,0
0,0,0.75,0,0,0,0.9633,-0.26842,0,0,-0.15708,0,0
0,0,0.75,0,0,0,0.96288,-0.26993,0,0,-0.15708,0,0
0,0,0.75,0,0,0,0.96246,-0.27144,0,0,-0.15708,0,0
0,0,0.75,0,0,0,0.96203,-0.27295,0,0,-0.15708,0,0
0,0,0.75,0,0,0,0.9616,-0.27446,0,0,-0.15708,0,0
0,0,0.75,0,0,0,0.96117,-0.27597,0,0,-0.15708,0,0
0,0,0.75,0,0,0,0.96073,-0.27748,0,0,-0.15708,0,0
0,0,0.75,0,0,0,0.96029,-0.27899,0,0,-0.15708,0,0
0,0,0.75,0,0,0,0.95985,-0.2805,0,0,-0.15708,0,0
0,0,0.75,0,0,0,0.95941,-0.28201,0,0,-0.15708,0,0
0,0,0.75,0,0,0,0.95897,-0.28351,0,0,-0.15708,0,0
0,0,0.75,0,0,0,0.95852,-0.28502,0,0,-0.15708,0,0
0,0,0.75,0,0,0,0.95807,-0.28652,0,0,-0.15708,0,0
0,0,0.75,0,0,0,0.95762,-0.28803,0,0,-0.15708,0,0
0,0,0.75,0,0,0,0.95717,-0.28953,0,0,-0.15708,0,0
0,0,0.75,0,0,0,0.95671,-0.29104,0,0,-0.15708,0,0
0,0,0.75,0,0,0,0.95625,-0.29254,0,0,-0.15708,0,0
0,0,0.75,0,0,0,0.95579,-0.29404,0,0,-0.15708,0,0
0,0,0.75,0,0,0,0.95533,-0.29554,0,0,-0.15708,0,0
0,0,0.75,0,0,0,0.95486,-0.29704,0,0,-0.15708,0,0
0,0,0.75,0,0,0,0.9544,-0.29854,0,0,-0.15708,0,0
0,0,0.75,0,0,0,0.95393,-0.30004,0,0,-0.15708,0,0
0,0,0.75,0,0,0,0.95345,-0.30154,0,0,-0.15708,0,0
0,0,0.75,0,0,0,0.95298,-0.30304,0,0,-0.15708,0,0
0,0,0.75,0,0,0,0.9525,-0.30453,0,0,-0.15708,0,0
0,0,0.75,0,0,0,0.95202,-0.30603,0,0,-0.15708,0,0
0,0,0.75,0,0,0,0.95154,-0.30752,0,0,-0.15708,0,0
0,0,0.75,0,0,0,0.95106,-0.30902,0,0,-0.15708,0,0
0,0,0.75,0,0,0,0.95057,-0.31051,0,0,-0.15708,0,0
0,0,0.75,0,0,0,0.95008,-0.312,0,0,-0.15708,0,0
0,0,0.75,0,0,0,0.94959,-0.3135,0,0,-0.15708,0,0
0,0,0.75,0,0,0,0.9491,-0.31499,0,0,-0.15708,0,0
0,0,0.75,0,0,0,0.9486,-0.31648,0,0,-0.15708,0,0
0,0,0.75,0,0,0,0.9481,-0.31797,0,0,-0.15708,0,0
0,0,0.75,0,0,0,0.9476,-0.31946,0,0,-0.15708,0,0
0,0,0.75,0,0,0,0.9471,-0.32094,0,0,-0.15708,0,0
0,0,0.75,0,0,0,0.94659,-0.32243,0,0,-0.15708,0,0
0,0,0.75,0,0,0,0.94609,-0.32392,0,0,-0.15708,0,0
0,0,0.75,0,0,0,0.94558,-0.3254,0,0,-0.15708,0,0
0,0,0.75,0,0,0,0.94506,-0.32689,0,0,-0.15708,0,0
0,0,0.75,0,0,0,0.94455,-0.32837,0,0,-0.15708,0,0
0,0,0.75,0,0,0,0.94403,-0.32986,0,0,-0.15708,0,0
0,0,0.75,0,0,0,0.94351,-0.33134,0,0,-0.15708,0,0
0,0,0.75,0,0,0,0.94299,-0.33282,0,0,-0.15708,0,0
0,0,0.75,0,0,0,0.94247,-0.3343,0,0,-0.15708,0,0
0,0,0.75,0,0,0,0.94194,-0.33578,0,0,-0.15708,0,0
0,0,0.75,0,0,0,0.94141,-0.33726,0,0,-0.15708,0,0
0,0,0.75,0,0,0,0.94088,-0.33874,0,0,-0.15708,0,0
0,0,0.75,0,0,0,0.94035,-0.34022,0,0,-0.15708,0,0
0,0,0.75,0,0,0,0.93981,-0.34169,0,0,-0.15708,0,0
0,0,0.75,0,0,0,0.93927,-0.34317,0,0,-0.15708,0,0
0,0,0.75,0,0,0,0.93873,-0.34464,0,0,-0.15708,0,0
0,0,0.75,0,0,0,0.93819,-0.34612,0,0,-0.15708,0,0
0,0,0.75,0,0,0,0.93765,-0.34759,0,0,-0.15708,0,0
0,0,0.75,0,0,0,0.9371,-0.34906,0,0,-0.15708,0,0
0,0,0.75,0,0,0,0.93655,-0.35053,0,0,-0.15708,0,0
0,0,0.75,0,0,0,0.936,-0.35201,0,0,-0.15708,0,0
0,0,0.75,0,0,0,0.93544,-0.35347,0,0,-0.15708,0,0
0,0,0.75,0,0,0,0.93489,-0.35494,0,0,-0.15708,0,0
0,0,0.75,0,0,0,0.93433,-0.35641,0,0,-0.15708,0,0
0,0,0.75,0,0,0,0.93377,-0.35788,0,0,-0.15708,0,0
0,0,0.75,0,0,0,0.9332,-0.35935,0,0,-0.15708,0,0
0,0,0.75,0,0,0,0.93264,-0.36081,0,0,-0.15708,0,0
0,0,0.75,0,0,0,0.93207,-0.36228,0,0,-0.15708,0,0
0,0,0.75,0,0,0,0.9315,-0.36374,0,0,-0.15708,0,0
0,0,0.75,0,0,0,0.93093,-0.3652,0,0,-0.15708,0,0
0,0,0.75,0,0,0,0.93035,-0.36666,0,0,-0.15708,0,0
0,0,0.75,0,0,0,0.92978,-0.36812,0,0,-0.15708,0,0
0,0,0.75,0,0,0,0.9292,-0.36958,0,0,-0.15708,0,0
0,0,0.75,0,0,0,0.92862,-0.37104,0,0,-0.15708,0,0
0,0,0.75,0,0,0,0.92803,-0.3725,0,0,-0.15708,0,0
0,0,0.75,0,0,0,0.92745,-0.37396,0,0,-0.15708,0,0
0,0,0.75,0,0,0,0.92686,-0.37542,0,0,-0.15708,0,0
0,0,0.75,0,0,0,0.92627,-0.37687,0,0,-0.15708,0,0
0,0,0.75,0,0,0,0.92567,-0.37833,0,0,-0.15708,0,0
0,0,0.75,0,0,0,0.92508,-0.37978,0,0,-0.15708,0,0
0,0,0.75,0,0,0,0.92448,-0.38123,0,0,-0.15708,0,0
0,0,0.75,0,0,0,0.92388,-0.38268,0,0,-0.15708,0,0
0,0,0.75,0,0,0,0.92448,-0.38123,0,0,0.15708,0,0
0,0,0.75,0,0,0,0.92508,-0.37978,0,0,0.15708,0,0
0,0,0.75,0,0,0,0.92567,-0.37833,0,0,0.15708,0,0
0,0,0.75,0,0,0,0.92627,-0.37687,0,0,0.15708,0,0
0,0,0.75,0,0,0,0.92686,-0.37542,0,0,0.15708,0,0
0,0,0.75,0,0,0,0.92745,-0.37396,0,0,0.15708,0,0
0,0,0.75,0,0,0,0.92803,-0.3725,0,0,0.15708,0,0
0,0,0.75,0,0,0,0.92862,-0.37104,0,0,0.15708,0,0
0,0,0.75,0,0,0,0.9292,-0.36958,0,0,0.15708,0,0
0,0,0.75,0,0,0,0.92978,-0.36812,0,0,0.15708,0,0
0,0,0.75,0,0,0,0.93035,-0.36666,0,0,0.15708,0,0
0,0,0.75,0,0,0,0.93093,-0.3652,0,0,0.15708,0,0
0,0,0.75,0,0,0,0.9315,-0.36374,0,0,0.15708,0,0
0,0,0.75,0,0,0,0.93207,-0.36228,0,0,0.15708,0,0
0,0,0.75,0,0,0,0.93264,-0.36081,0,0,0.15708,0,0
0,0,0.75,0,0,0,0.9332,-0.35935,0,0,0.15708,0,0
0,0,0.75,0,0,0,0.93377,-0.35788,0,0,0.15708,0,0
0,0,0.75,0,0,0,0.93433,-0.35641,0,0,0.15708,0,0
0,0,0.75,0,0,0,0.93489,-0.35494,0,0,0.15708,0,0
0,0,0.75,0,0,0,0.93544,-0.35347,0,0,0.15708,0,0
0,0,0.75,0,0,0,0.936,-0.35201,0,0,0.15708,0,0
0,0,0.75,0,0,0,0.93655,-0.35053,0,0,0.15708,0,0
0,0,0.75,0,0,0,0.9371,-0.34906,0,0,0.15708,0,0
0,0,0.75,0,0,0,0.93765,-0.34759,0,0,0.15708,0,0
0,0,0.75,0,0,0,0.93819,-0.34612,0,0,0.15708,0,0
0,0,0.75,0,0,0,0.93873,-0.34464,0,0,0.15708,0,0
0,0,0.75,0,0,0,0.93927,-0.34317,0,0,0.15708,0,0
0,0,0.75,0,0,0,0.93981,-0.34169,0,0,0.15708,0,0
0,0,0.75,0,0,0,0.94035,-0.34022,0,0,0.15708,0,0
0,0,0.75,0,0,0,0.94088,-0.33874,0,0,0.15708,0,0
0,0,0.75,0,0,0,0.94141,-0.33726,0,0,0.15708,0,0
0,0,0.75,0,0,0,0.94194,-0.33578,0,0,0.15708,0,0
0,0,0.75,0,0,0,0.94247,-0.3343,0,0,0.15708,0,0
0,0,0.75,0,0,0,0.94299,-0.33282,0,0,0.15708,0,0
0,0,0.75,0,0,0,0.94351,-0.33134,0,0,0.15708,0,0
0,0,0.75,0,0,0,0.94403,-0.32986,0,0,0.15708,0,0
0,0,0.75,0,0,0,0.94455,-0.32837,0,0,0.15708,0,0
0,0,0.75,0,0,0,0.94506,-0.32689,0,0,0.15708,0,0
0,0,0.75,0,0,0,0.94558,-0.3254,0,0,0.15708,0,0
0,0,0.75,0,0,0,0.94609,-0.32392,0,0,0.15708,0,0
0,0,0.75,0,0,0,0.94659,-0.32243,0,0,0.15708,0,0
0,0,0.75,0,0,0,0.9471,-0.32094,0,0,0.15708,0,0
0,0,0.75,0,0,0,0.9476,-0.31946,0,0,0.15708,0,0
0,0,0.75,0,0,0,0.9481,-0.31797,0,0,0.15708,0,0
0,0,0.75,0,0,0,0.9486,-0.31648,0,0,0.15708,0,0
0,0,0.75,0,0,0,0.9491,-0.31499,0,0,0.15708,0,0
0,0,0.75,0,0,0,0.94959,-0.3135,0,0,0.15708,0,0
0,0,0.75,0,0,0,0.95008,-0.312,0,0,0.15708,0,0
0,0,0.75,0,0,0,0.95057,-0.31051,0,0,0.15708,0,0
0,0,0.75,0,0,0,0.95106,-0.30902,0,0,0.15708,0,0
0,0,0.75,0,0,0,0.95154,-0.30752,0,0,0.15708,0,0
0,0,0.75,0,0,0,0.95202,-0.30603,0,0,0.15708,0,0
0,0,0.75,0,0,0,0.9525,-0.30453,0,0,0.15708,0,0
0,0,0.75,0,0,0,0.95298,-0.30304,0,0,0.15708,0,0
0,0,0.75,0,0,0,0.95345,-0.30154,0,0,0.15708,0,0
0,0,0.75,0,0,0,0.95393,-0.30004,0,0,0.15708,0,0
0,0,0.75,0,0,0,0.9544,-0.29854,0,0,0.15708,0,0
0,0,0.75,0,0,0,0.95486,-0.29704,0,0,0.15708,0,0
0,0,0.75,0,0,0,0.95533,-0.29554,0,0,0.15708,0,0
0,0,0.75,0,0,0,0.95579,-0.29404,0,0,0.15708,0,0
0,0,0.75,0,0,0,0.95625,-0.29254,0,0,0.15708,0,0
0,0,0.75,0,0,0,0.95671,-0.29104,0,0,0.15708,0,0
0,0,0.75,0,0,0,0.95717,-0.28953,0,0,0.15708,0,0
0,0,0.75,0,0,0,0.95762,-0.28803,0,0,0.15708,0,0
0,0,0.75,0,0,0,0.95807,-0.28652,0,0,0.15708,0,0
0,0,0.75,0,0,0,0.95852,-0.28502,0,0,0.15708,0,0
0,0,0.75,0,0,0,0.95897,-0.28351,0,0,0.15708,0,0
0,0,0.75,0,0,0,0.95941,-0.28201,0,0,0.15708,0,0
0,0,0.75,0,0,0,0.95985,-0.2805,0,0,0.15708,0,0
0,0,0.75,0,0,0,0.96029,-0.27899,0,0,0.15708,0,0
0,0,0.75,0,0,0,0.96073,-0.27748,0,0,0.15708,0,0
0,0,0.75,0,0,0,0.96117,-0.27597,0,0,0.15708,0,0
0,0,0.75,0,0,0,0.9616,-0.27446,0,0,0.15708,0,0
0,0,0.75,0,0,0,0.96203,-0.27295,0,0,0.15708,0,0
0,0,0.75,0,0,0,0.96246,-0.27144,0,0,0.15708,0,0
0,0,0.75,0,0,0,0.96288,-0.26993,0,0,0.15708,0,0
0,0,0.75,0,0,0,0.9633,-0.26842,0,0,0.15708,0,0
0,0,0.75,0,0,0,0.96372,-0.2669,0,0,0.15708,0,0
0,0,0.75,0,0,0,0.96414,-0.26539,0,0,0.15708,0,0
0,0,0.75,0,0,0,0.96456,-0.26387,0,0,0.15708,0,0
0,0,0.75,0,0,0,0.96497,-0.26236,0,0,0.15708,0,0
0,0,0.75,0,0,0,0.96538,-0.26084,0,0,0.15708,0,0
0,0,0.75,0,0,0,0.96579,-0.25932,0,0,0.15708,0,0
0,0,0.75,0,0,0,0.9662,-0.25781,0,0,0.15708,0,0
0,0,0.75,0,0,0,0.9666,-0.25629,0,0,0.15708,0,0
0,0,0.75,0,0,0,0.967,-0.25477,0,0,0.15708,0,0
0,0,0.75,0,0,0,0.9674,-0.25325,0,0,0.15708,0,0
0,0,0.75,0,0,0,0.9678,-0.25173,0,0,0.15708,0,0
0,0,0.75,0,0,0,0.96819,-0.25021,0,0,0.15708,0,0
0,0,0.75,0,0,0,0.96858,-0.24869,0,0,0.15708,0,0
0,0,0.75,0,0,0,0.96897,-0.24717,0,0,0.15708,0,0
0,0,0.75,0,0,0,0.96936,-0.24565,0,0,0.15708,0,0
0,0,0.75,0,0,0,0.96974,-0.24412,0,0,0.15708,0,0
0,0,0.75,0,0,0,0.97013,-0.2426,0,0,0.15708,0,0
0,0,0.75,0,0,0,0.97051,-0.24108,0,0,0.15708,0,0
0,0,0.75,0,0,0,0.97088,-0.23955,0,0,0.15708,0,0
0,0,0.75,0,0,0,0.97126,-0.23802,0,0,0.15708,0,0
0,0,0.75,0,0,0,0.97163,-0.2365,0,0,0.15708,0,0
0,0,0.75,0,0,0,0.972,-0.23497,0,0,0.15708,0,0
0,0,0.75,0,0,0,0.97237,-0.23345,0,0,0.15708,0,0
0,0,0.75,0,0,0,0.97274,-0.23192,0,0,0.15708,0,0
0,0,0.75,0,0,0,0.9731,-0.23039,0,0,0.15708,0,0
0,0,0.75,0,0,0,0.97346,-0.22886,0,0,0.15708,0,0
0,0,0.75,0,0,0,0.97382,-0.22733,0,0,0.15708,0,0
0,0,0.75,0,0,0,0.97417,-0.2258,0,0,0.15708,0,0
0,0,0.75,0,0,0,0.97453,-0.22427,0,0,0.15708,0,0
0,0,0.75,0,0,0,0.97488,-0.22274,0,0,0.15708,0,0
0,0,0.75,0,0,0,0.97523,-0.22121,0,0,0.15708,0,0
0,0,0.75,0,0,0,0.97557,-0.21968,0,0,0.15708,0,0
0,0,0.75,0,0,0,0.97592,-0.21814,0,0,0.15708,0,0
0,0,0.75,0,0,0,0.97626,-0.21661,0,0,0.15708,0,0
0,0,0.75,0,0,0,0.9766,-0.21508,0,0,0.15708,0,0
0,0,0.75,0,0,0,0.97693,-0.21354,0,0,0.15708,0,0
0,0,0.75,0,0,0,0.97727,-0.21201,0,0,0.15708,0,0
0,0,0.75,0,0,0,0.9776,-0.21047,0,0,0.15708,0,0
0,0,0.75,0,0,0,0.97793,-0.20894,0,0,0.15708,0,0
0,0,0.75,0,0,0,0.97826,-0.2074,0,0,0.15708,0,0
0,0,0.75,0,0,0,0.97858,-0.20586,0,0,0.15708,0,0
0,0,0.75,0,0,0,0.9789,-0.20433,0,0,0.15708,0,0
0,0,0.75,0,0,0,0.97922,-0.20279,0,0,0.15708,0,0
0,0,0.75,0,0,0,0.97954,-0.20125,0,0,0.15708,0,0
0,0,0.75,0,0,0,0.97986,-0.19971,0,0,0.15708,0,0
0,0,0.75,0,0,0,0.98017,-0.19817,0,0,0.15708,0,0
0,0,0.75,0,0,0,0.98048,-0.19663,0,0,0.15708,0,0
0,0,0.75,0,0,0,0.98079,-0.19509,0,0,0.15708,0,0
0,0,0.75,0,0,0,0.98109,-0.19355,0,0,0.15708,0,0
0,0,0.75,0,0,0,0.98139,-0.19201,0,0,0.15708,0,0
0,0,0.75,0,0,0,0.98169,-0.19047,0,0,0.15708,0,0
0,0,0.75,0,0,0,0.98199,-0.18892,0,0,0.15708,0,0
0,0,0.75,0,0,0,0.98229,-0.18738,0,0,0.15708,0,0
0,0,0.75,0,0,0,0.98258,-0.18584,0,0,0.15708,0,0
0,0,0.75,0,0,0,0.98287,-0.18429,0,0,0.15708,0,0
0,0,0.75,0,0,0,0.98316,-0.18275,0,0,0.15708,0,0
0,0,0.75,0,0,0,0.98345,-0.18121,0,0,0.15708,0,0
0,0,0.75,0,0,0,0.98373,-0.17966,0,0,0.15708,0,0
0,0,0.75,0,0,0,0.98401,-0.17812,0,0,0.15708,0,0
0,0,0.75,0,0,0,0.98429,-0.17657,0,0,0.15708,0,0
0,0,0.75,0,0,0,0.98456,-0.17502,0,0,0.15708,0,0
0,0,0.75,0,0,0,0.98484,-0.17348,0,0,0.15708,0,0
0,0,0.75,0,0,0,0.98511,-0.17193,0,0,0.15708,0,0
0,0,0.75,0,0,0,0.98538,-0.17038,0,0,0.15708,0,0
0,0,0.75,0,0,0,0.98564,-0.16883,0,0,0.15708,0,0
0,0,0.75,0,0,0,0.98591,-0.16728,0,0,0.15708,0,0
0,0,0.75,0,0,0,0.98617,-0.16574,0,0,0.15708,0,0
0,0,0.75,0,0,0,0.98643,-0.16419,0,0,0.15708,0,0
0,0,0.75,0,0,0,0.98669,-0.16264,0,0,0.15708,0,0
0,0,0.75,0,0,0,0.98694,-0.16109,0,0,0.15708,0,0
0,0,0.75,0,0,0,0.98719,-0.15954,0,0,0.15708,0,0
0,0,0.75,0,0,0,0.98744,-0.15799,0,0,0.15708,0,0
0,0,0.75,0,0,0,0.98769,-0.15643,0,0,0.15708,0,0
0,0,0.75,0,0,0,0.98793,-0.15488,0,0,0.15708,0,0
0,0,0.75,0,0,0,0.98817,-0.15333,0,0,0.15708,0,0
0,0,0.75,0,0,0,0.98841,-0.15178,0,0,0.15708,0,0
0,0,0.75,0,0,0,0.98865,-0.15023,0,0,0.15708,0,0
0,0,0.75,0,0,0,0.98889,-0.14867,0,0,0.15708,0,0
0,0,0.75,0,0,0,0.98912,-0.14712,0,0,0.15708,0,0
0,0,0.75,0,0,0,0.98935,-0.14557,0,0,0.15708,0,0
0,0,0.75,0,0,0,0.98958,-0.14401,0,0,0.15708,0,0
0,0,0.75,0,0,0,0.9898,-0.14246,0,0,0.15708,0,0
0,0,0.75,0,0,0,0.99002,-0.1409,0,0,0.15708,0,0
0,0,0.75,0,0,0,0.99024,-0.13935,0,0,0.15708,0,0
0,0,0.75,0,0,0,0.99046,-0.13779,0,0,0.15708,0,0
0,0,0.75,0,0,0,0.99068,-0.13623,0,0,0.15708,0,0
0,0,0.75,0,0,0,0.99089,-0.13468,0,0,0.15708,0,0
0,0,0.75,0,0,0,0.9911,-0.13312,0,0,0.15708,0,0
0,0,0.75,0,0,0,0.99131,-0.13156,0,0,0.15708,0,0
0,0,0.75,0,0,0,0.99151,-0.13001,0,0,0.15708,0,0
0,0,0.75,0,0,0,0.99172,-0.12845,0,0,0.15708,0,0
0,0,0.75,0,0,0,0.99192,-0.12689,0,0,0.15708,0,0
0,0,0.75,0,0,0,0.99211,-0.12533,0,0,0.15708,0,0
0,0,0.75,0,0,0,0.99231,-0.12377,0,0,0.15708,0,0
0,0,0.75,0,0,0,0.9925,-0.12222,0,0,0.15708,0,0
0,0,0.75,0,0,0,0.99269,-0.12066,0,0,0.15708,0,0
0,0,0.75,0,0,0,0.99288,-0.1191,0,0,0.15708,0,0
0,0,0.75,0,0,0,0.99307,-0.11754,0,0,0.15708,0,0
0,0,0.75,0,0,0,0.99325,-0.11598,0,0,0.15708,0,0
0,0,0.75,0,0,0,0.99343,-0.11442,0,0,0.15708,0,0
0,0,0.75,0,0,0,0.99361,-0.11286,0,0,0.15708,0,0
0,0,0.75,0,0,0,0.99379,-0.1113,0,0,0.15708,0,0
0,0,0.75,0,0,0,0.99396,-0.10973,0,0,0.15708,0,0
0,0,0.75,0,0,0,0.99413,-0.10817,0,0,0.15708,0,0
0,0,0.75,0,0,0,0.9943,-0.10661,0,0,0.15708,0,0
0,0,0.75,0,0,0,0.99447,-0.10505,0,0,0.15708,0,0
0,0,0.75,0,0,0,0.99463,-0.10349,0,0,0.15708,0,0
0,0,0.75,0,0,0,0.99479,-0.10192,0,0,0.15708,0,0
0,0,0.75,0,0,0,0.99495,-0.10036,0,0,0.15708,0,0
0,0,0.75,0,0,0,0.99511,-0.098799,0,0,0.15708,0,0
0,0,0.75,0,0,0,0.99526,-0.097235,0,0,0.15708,0,0
0,0,0.75,0,0,0,0.99541,-0.095672,0,0,0.15708,0,0
0,0,0.75,0,0,0,0.99556,-0.094108,0,0,0.15708,0,0
0,0,0.75,0,0,0,0.99571,-0.092544,0,0,0.15708,0,0
0,0,0.75,0,0,0,0.99585,-0.09098,0,0,0.15708,0,0
0,0,0.75,0,0,0,0.99599,-0.089416,0,0,0.15708,0,0
0,0,0.75,0,0,0,0.99613,-0.087851,0,0,0.15708,0,0
0,0,0.75,0,0,0,0.99627,-0.086286,0,0,0.15708,0,0
0,0,0.75,0,0,0,0.9964,-0.084721,0,0,0.15708,0,0
0,0,0.75,0,0,0,0.99654,-0.083156,0,0,0.15708,0,0
0,0,0.75,0,0,0,0.99667,-0.081591,0,0,0.15708,0,0
0,0,0.75,0,0,0,0.99679,-0.080025,0,0,0.15708,0,0
0,0,0.75,0,0,0,0.99692,-0.078459,0,0,0.15708,0,0
0,0,0.75,0,0,0,0.99704,-0.076893,0,0,0.15708,0,0
0,0,0.75,0,0,0,0.99716,-0.075327,0,0,0.15708,0,0
0,0,0.75,0,0,0,0.99728,-0.07376,0,0,0.15708,0,0
0,0,0.75,0,0,0,0.99739,-0.072194,0,0,0.15708,0,0
0,0,0.75,0,0,0,0.9975,-0.070627,0,0,0.15708,0,0
0,0,0.75,0,0,0,0.99761,-0.06906,0,0,0.15708,0,0
0,0,0.75,0,0,0,0.99772,-0.067493,0,0,0.15708,0,0
0,0,0.75,0,0,0,0.99782,-0.065926,0,0,0.15708,0,0
0,0,0.75,0,0,0,0.99793,-0.064358,0,0,0.15708,0,0
0,0,0.75,0,0,0,0.99803,-0.062791,0,0,0.15708,0,0
0,0,0.75,0,0,0,0.99812,-0.061223,0,0,0.15708,0,0
0,0,0.75,0,0,0,0.99822,-0.059655,0,0,0.15708,0,0
0,0,0.75,0,0,0,0.99831,-0.058087,0,0,0.15708,0,0
0,0,0.75,0,0,0,0.9984,-0.056519,0,0,0.15708,0,0
0,0,0.75,0,0,0,0.99849,-0.05495,0,0,0.15708,0,0
0,0,0.75,0,0,0,0.99857,-0.053382,0,0,0.15708,0,0
0,0,0.75,0,0,0,0.99866,-0.051813,0,0,0.15708,0,0
0,0,0.75,0,0,0,0.99874,-0.050244,0,0,0.15708,0,0
0,0,0.75,0,0,0,0.99881,-0.048675,0,0,0.15708,0,0
0,0,0.75,0,0,0,0.99889,-0.047106,0,0,0.15708,0,0
0,0,0.75,0,0,0,0.99896,-0.045537,0,0,0.15708,0,0
0,0,0.75,0,0,0,0.99903,-0.043968,0,0,0.15708,0,0
0,0,0.75,0,0,0,0.9991,-0.042399,0,0,0.15708,0,0
0,0,0.75,0,0,0,0.99917,-0.040829,0,0,0.15708,0,0
0,0,0.75,0,0,0,0.99923,-0.03926,0,0,0.15708,0,0
0,0,0.75,0,0,0,0.99929,-0.03769,0,0,0.15708,0,0
0,0,0.75,0,0,0,0.99935,-0.03612,0,0,0.15708,0,0
0,0,0.75,0,0,0,0.9994,-0.034551,0,0,0.15708,0,0
0,0,0.75,0,0,0,0.99946,-0.032981,0,0,0.15708,0,0
0,0,0.75,0,0,0,0.99951,-0.031411,0,0,0.15708,0,0
0,0,0.75,0,0,0,0.99955,-0.029841,0,0,0.15708,0,0
0,0,0.75,0,0,0,0.9996,-0.028271,0,0,0.15708,0,0
0,0,0.75,0,0,0,0.99964,-0.0267,0,0,0.15708,0,0
0,0,0.75,0,0,0,0.99968,-0.02513,0,0,0.15708,0,0
0,0,0.75,0,0,0,0.99972,-0.02356,0,0,0.15708,0,0
0,0,0.75,0,0,0,0.99976,-0.021989,0,0,0.15708,0,0
0,0,0.75,0,0,0,0.99979,-0.020419,0,0,0.15708,0,0
0,0,0.75,0,0,0,0.99982,-0.018848,0,0,0.15708,0,0
0,0,0.75,0,0,0,0.99985,-0.017278,0,0,0.15708,0,0
0,0,0.75,0,0,0,0.99988,-0.015707,0,0,0.15708,0,0
0,0,0.75,0,0,0,0.9999,-0.014137,0,0,0.15708,0,0
0,0,0.75,0,0,0,0.99992,-0.012566,0,0,0.15708,0,0
0,0,0.75,0,0,0,0.99994,-0.010995,0,0,0.15708,0,0
0,0,0.75,0,0,0,0.99996,-0.0094246,0,0,0.15708,0,0
0,0,0.75,0,0,0,0.99997,-0.0078539,0,0,0.15708,0,0
0,0,0.75,0,0,0,0.99998,-0.0062831,0,0,0.15708,0,0
0,0,0.75,0,0,0,0.99999,-0.0047124,0,0,0.15708,0,0
0,0,0.75,0,0,0,1,-0.0031416,0,0,0.15708,0,0
0,0,0.75,0,0,0,1,-0.0015708,0,0,0.15708,0,0
