0,0,1,0,0,0,0,0,0,1,0,0,0,0,0,0
0,0,1,0,0,0,0,0,0,1,0.002618,0,0,0.2618,0,0
0,0,1,0,0,0,0,0,0,0.99999,0.005236,0,0,0.2618,0,0
0,0,1,0,0,0,0,0,0,0.99997,0.0078539,0,0,0.2618,0,0
0,0,1,0,0,0,0,0,0,0.99995,0.010472,0,0,0.2618,0,0
0,0,1,0,0,0,0,0,0,0.99991,0.01309,0,0,0.2618,0,0
0,0,1,0,0,0,0,0,0,0.99988,0.015707,0,0,0.2618,0,0
0,0,1,0,0,0,0,0,0,0.99983,0.018325,0,0,0.2618,0,0
0,0,1,0,0,0,0,0,0,0.99978,0.020942,0,0,0.2618,0,0
0,0,1,0,0,0,0,0,0,0.99972,0.02356,0,0,0.2618,0,0
0,0,1,0,0,0,0,0,0,0.99966,0.026177,0,0,0.2618,0,0
0,0,1,0,0,0,0,0,0,0.99959,0.028794,0,0,0.2618,0,0
0,0,1,0,0,0,0,0,0,0.99951,0.031411,0,0,0.2618,0,0
0,0,1,0,0,0,0,0,0,0.99942,0.034027,0,0,0.2618,0,0
0,0,1,0,0,0,0,0,0,0.99933,0.036644,0,0,0.2618,0,0
0,0,1,0,0,0,0,0,0,0.99923,0.03926,0,0,0.2618,0,0
0,0,1,0,0,0,0,0,0,0.99912,0.041876,0,0,0.2618,0,0
0,0,1,0,0,0,0,0,0,0.99901,0.044491,0,0,0.2618,0,0
0,0,1,0,0,0,0,0,0,0.99889,0.047106,0,0,0.2618,0,0
0,0,1,0,0,0,0,0,0,0.99876,0.049721,0,0,0.2618,0,0
0,0,1,0,0,0,0,0,0,0.99863,0.052336,0,0,0.2618,0,0
0,0,1,0,0,0,0,0,0,0.99849,0.05495,0,0,0.2618,0,0
0,0,1,0,0,0,0,0,0,0.99834,0.057564,0,0,0.2618,0,0
0,0,1,0,0,0,0,0,0,0.99819,0.060177,0,0,0.2618,0,0
0,0,1,0,0,0,0,0,0,0.99803,0.062791,0,0,0.2618,0,0
0,0,1,0,0,0,0,0,0,0.99786,0.065403,0,0,0.2618,0,0
0,0,1,0,0,0,0,0,0,0.99768,0.068015,0,0,0.2618,0,0
0,0,1,0,0,0,0,0,0,0.9975,0.070627,0,0,0.2618,0,0
0,0,1,0,0,0,0,0,0,0.99731,0.073238,0,0,0.2618,0,0
0,0,1,0,0,0,0,0,0,0.99712,0.075849,0,0,0.2618,0,0
0,0,1,0,0,0,0,0,0,0.99692,0.078459,0,0,0.2618,0,0
0,0,1,0,0,0,0,0,0,0.99671,0.081069,0,0,0.2618,0,0
0,0,1,0,0,0,0,0,0,0.99649,0.083678,0,0,0.2618,0,0
0,0,1,0,0,0,0,0,0,0.99627,0.086286,0,0,0.2618,0,0
0,0,1,0,0,0,0,0,0,0.99604,0.088894,0,0,0.2618,0,0
0,0,1,0,0,0,0,0,0,0.9958,0.091502,0,0,0.2618,0,0
0,0,1,0,0,0,0,0,0,0.99556,0.094108,0,0,0.2618,0,0
0,0,1,0,0,0,0,0,0,0.99531,0.096714,0,0,0.2618,0,0
0,0,1,0,0,0,0,0,0,0.99506,0.09932,0,0,0.2618,0,0
0,0,1,0,0,0,0,0,0,0.99479,0.10192,0,0,0.2618,0,0
0,0,1,0,0,0,0,0,0,0.99452,0.10453,0,0,0.2618,0,0
0,0,1,0,0,0,0,0,0,0.99424,0.10713,0,0,0.2618,0,0
0,0,1,0,0,0,0,0,0,0.99396,0.10973,0,0,0.2618,0,0
0,0,1,0,0,0,0,0,0,0.99367,0.11234,0,0,0.2618,0,0
0,0,1,0,0,0,0,0,0,0.99337,0.11494,0,0,0.2618,0,0
0,0,1,0,0,0,0,0,0,0.99307,0.11754,0,0,0.2618,0,0
0,0,1,0,0,0,0,0,0,0.99276,0.12014,0,0,0.2618,0,0
0,0,1,0,0,0,0,0,0,0.99244,0.12274,0,0,0.2618,0,0
0,0,1,0,0,0,0,0,0,0.99211,0.12533,0,0,0.2618,0,0
0,0,1,0,0,0,0,0,0,0.99178,0.12793,0,0,0.2618,0,0
0,0,1,0,0,0,0,0,0,0.99144,0.13053,0,0,0.2618,0,0
0,0,1,0,0,0,0,0,0,0.9911,0.13312,0,0,0.2618,0,0
0,0,1,0,0,0,0,0,0,0.99075,0.13572,0,0,0.2618,0,0
0,0,1,0,0,0,0,0,0,0.99039,0.13831,0,0,0.2618,0,0
0,0,1,0,0,0,0,0,0,0.99002,0.1409,0,0,0.2618,0,0
0,0,1,0,0,0,0,0,0,0.98965,0.14349,0,0,0.2618,0,0
0,0,1,0,0,0,0,0,0,0.98927,0.14608,0,0,0.2618,0,0
0,0,1,0,0,0,0,0,0,0.98889,0.14867,0,0,0.2618,0,0
0,0,1,0,0,0,0,0,0,0.98849,0.15126,0,0,0.2618,0,0
0,0,1,0,0,0,0,0,0,0.98809,0.15385,0,0,0.2618,0,0
0,0,1,0,0,0,0,0,0,0.98769,0.15643,0,0,0.2618,0,0
0,0,1,0,0,0,0,0,0,0.98728,0.15902,0,0,0.2618,0,0
0,0,1,0,0,0,0,0,0,0.98686,0.1616,0,0,0.2618,0,0
0,0,1,0,0,0,0,0,0,0.98643,0.16419,0,0,0.2618,0,0
0,0,1,0,0,0,0,0,0,0.986,0.16677,0,0,0.2618,0,0
0,0,1,0,0,0,0,0,0,0.98556,0.16935,0,0,0.2618,0,0
0,0,1,0,0,0,0,0,0,0.98511,0.17193,0,0,0.2618,0,0
0,0,1,0,0,0,0,0,0,0.98466,0.17451,0,0,0.2618,0,0
0,0,1,0,0,0,0,0,0,0.9842,0.17708,0,0,0.2618,0,0
0,0,1,0,0,0,0,0,0,0.98373,0.17966,0,0,0.2618,0,0
0,0,1,0,0,0,0,0,0,0.98325,0.18224,0,0,0.2618,0,0
0,0,1,0,0,0,0,0,0,0.98277,0.18481,0,0,0.2618,0,0
0,0,1,0,0,0,0,0,0,0.98229,0.18738,0,0,0.2618,0,0
0,0,1,0,0,0,0,0,0,0.98179,0.18995,0,0,0.2618,0,0
0,0,1,0,0,0,0,0,0,0.98129,0.19252,0,0,0.2618,0,0
0,0,1,0,0,0,0,0,0,0.98079,0.19509,0,0,0.2618,0,0
0,0,1,0,0,0,0,0,0,0.98027,0.19766,0,0,0.2618,0,0
0,0,1,0,0,0,0,0,0,0.97975,0.20022,0,0,0.2618,0,0
0,0,1,0,0,0,0,0,0,0.97922,0.20279,0,0,0.2618,0,0
0,0,1,0,0,0,0,0,0,0.97869,0.20535,0,0,0.2618,0,0
0,0,1,0,0,0,0,0,0,0.97815,0.20791,0,0,0.2618,0,0
0,0,1,0,0,0,0,0,0,0.9776,0.21047,0,0,0.2618,0,0
0,0,1,0,0,0,0,0,0,0.97705,0.21303,0,0,0.2618,0,0
0,0,1,0,0,0,0,0,0,0.97648,0.21559,0,0,0.2618,0,0
0,0,1,0,0,0,0,0,0,0.97592,0.21814,0,0,0.2618,0,0
0,0,1,0,0,0,0,0,0,0.97534,0.2207,0,0,0.2618,0,0
0,0,1,0,0,0,0,0,0,0.97476,0.22325,0,0,0.2618,0,0
0,0,1,0,0,0,0,0,0,0.97417,0.2258,0,0,0.2618,0,0
0,0,1,0,0,0,0,0,0,0.97358,0.22835,0,0,0.2618,0,0
0,0,1,0,0,0,0,0,0,0.97298,0.2309,0,0,0.2618,0,0
0,0,1,0,0,0,0,0,0,0.97237,0.23345,0,0,0.2618,0,0
0,0,1,0,0,0,0,0,0,0.97176,0.23599,0,0,0.2618,0,0
0,0,1,0,0,0,0,0,0,0.97113,0.23853,0,0,0.2618,0,0
0,0,1,0,0,0,0,0,0,0.97051,0.24108,0,0,0.2618,0,0
0,0,1,0,0,0,0,0,0,0.96987,0.24362,0,0,0.2618,0,0
0,0,1,0,0,0,0,0,0,0.96923,0.24615,0,0,0.2618,0,0
0,0,1,0,0,0,0,0,0,0.96858,0.24869,0,0,0.2618,0,0
0,0,1,0,0,0,0,0,0,0.96793,0.25122,0,0,0.2618,0,0
0,0,1,0,0,0,0,0,0,0.96727,0.25376,0,0,0.2618,0,0
0,0,1,0,0,0,0,0,0,0.9666,0.25629,0,0,0.2618,0,0
0,0,1,0,0,0,0,0,0,0.96593,0.25882,0,0,0.2618,0,0
0,0,1,0,0,0,0,0,0,0.96524,0.26135,0,0,0.2618,0,0
0,0,1,0,0,0,0,0,0,0.96456,0.26387,0,0,0.2618,0,0
0,0,1,0,0,0,0,0,0,0.96386,0.2664,0,0,0.2618,0,0
0,0,1,0,0,0,0,0,0,0.96316,0.26892,0,0,0.2618,0,0
0,0,1,0,0,0,0,0,0,0.96246,0.27144,0,0,0.2618,0,0
0,0,1,0,0,0,0,0,0,0.96174,0.27396,0,0,0.2618,0,0
0,0,1,0,0,0,0,0,0,0.96102,0.27648,0,0,0.2618,0,0
0,0,1,0,0,0,0,0,0,0.96029,0.27899,0,0,0.2618,0,0
0,0,1,0,0,0,0,0,0,0.95956,0.2815,0,0,0.2618,0,0
0,0,1,0,0,0,0,0,0,0.95882,0.28402,0,0,0.2618,0,0
0,0,1,0,0,0,0,0,0,0.95807,0.28652,0,0,0.2618,0,0
0,0,1,0,0,0,0,0,0,0.95732,0.28903,0,0,0.2618,0,0
0,0,1,0,0,0,0,0,0,0.95656,0.29154,0,0,0.2618,0,0
0,0,1,0,0,0,0,0,0,0.95579,0.29404,0,0,0.2618,0,0
0,0,1,0,0,0,0,0,0,0.95502,0.29654,0,0,0.2618,0,0
0,0,1,0,0,0,0,0,0,0.95424,0.29904,0,0,0.2618,0,0
0,0,1,0,0,0,0,0,0,0.95345,0.30154,0,0,0.2618,0,0
0,0,1,0,0,0,0,0,0,0.95266,0.30403,0,0,0.2618,0,0
0,0,1,0,0,0,0,0,0,0.95186,0.30653,0,0,0.2618,0,0
0,0,1,0,0,0,0,0,0,0.95106,0.30902,0,0,0.2618,0,0
0,0,1,0,0,0,0,0,0,0.95024,0.31151,0,0,0.2618,0,0
0,0,1,0,0,0,0,0,0,0.94943,0.31399,0,0,0.2618,0,0
0,0,1,0,0,0,0,0,0,0.9486,0.31648,0,0,0.2618,0,0
0,0,1,0,0,0,0,0,0,0.94777,0.31896,0,0,0.2618,0,0
0,0,1,0,0,0,0,0,0,0.94693,0.32144,0,0,0.2618,0,0
0,0,1,0,0,0,0,0,0,0.94609,0.32392,0,0,0.2618,0,0
0,0,1,0,0,0,0,0,0,0.94523,0.32639,0,0,0.2618,0,0
0,0,1,0,0,0,0,0,0,0.94438,0.32887,0,0,0.2618,0,0
0,0,1,0,0,0,0,0,0,0.94351,0.33134,0,0,0.2618,0,0
0,0,1,0,0,0,0,0,0,0.94264,0.33381,0,0,0.2618,0,0
0,0,1,0,0,0,0,0,0,0.94176,0.33627,0,0,0.2618,0,0
0,0,1,0,0,0,0,0,0,0.94088,0.33874,0,0,0.2618,0,0
0,0,1,0,0,0,0,0,0,0.93999,0.3412,0,0,0.2618,0,0
0,0,1,0,0,0,0,0,0,0.93909,0.34366,0,0,0.2618,0,0
0,0,1,0,0,0,0,0,0,0.93819,0.34612,0,0,0.2618,0,0
0,0,1,0,0,0,0,0,0,0.93728,0.34857,0,0,0.2618,0,0
0,0,1,0,0,0,0,0,0,0.93637,0.35102,0,0,0.2618,0,0
0,0,1,0,0,0,0,0,0,0.93544,0.35347,0,0,0.2618,0,0
0,0,1,0,0,0,0,0,0,0.93452,0.35592,0,0,0.2618,0,0
0,0,1,0,0,0,0,0,0,0.93358,0.35837,0,0,0.2618,0,0
0,0,1,0,0,0,0,0,0,0.93264,0.36081,0,0,0.2618,0,0
0,0,1,0,0,0,0,0,0,0.93169,0.36325,0,0,0.2618,0,0
0,0,1,0,0,0,0,0,0,0.93074,0.36569,0,0,0.2618,0,0
0,0,1,0,0,0,0,0,0,0.92978,0.36812,0,0,0.2618,0,0
0,0,1,0,0,0,0,0,0,0.92881,0.37056,0,0,0.2618,0,0
0,0,1,0,0,0,0,0,0,0.92784,0.37299,0,0,0.2618,0,0
0,0,1,0,0,0,0,0,0,0.92686,0.37542,0,0,0.2618,0,0
0,0,1,0,0,0,0,0,0,0.92587,0.37784,0,0,0.2618,0,0
0,0,1,0,0,0,0,0,0,0.92488,0.38026,0,0,0.2618,0,0
0,0,1,0,0,0,0,0,0,0.92388,0.38268,0,0,0.2618,0,0
0,0,1,0,0,0,0,0,0,0.92388,0.38268,0,0,0,0,0
0,0,1,0,0,0,0,0,0,0.92388,0.38268,0,0,0,0,0
0,0,1,0,0,0,0,0,0,0.92388,0.38268,0,0,0,0,0
0,0,1,0,0,0,0,0,0,0.92388,0.38268,0,0,0,0,0
0,0,1,0,0,0,0,0,0,0.92388,0.38268,0,0,0,0,0
0,0,1,0,0,0,0,0,0,0.92388,0.38268,0,0,0,0,0
0,0,1,0,0,0,0,0,0,0.92388,0.38268,0,0,0,0,0
0,0,1,0,0,0,0,0,0,0.92388,0.38268,0,0,0,0,0
0,0,1,0,0,0,0,0,0,0.92388,0.38268,0,0,0,0,0
0,0,1,0,0,0,0,0,0,0.92388,0.38268,0,0,0,0,0
0,0,1,0,0,0,0,0,0,0.92388,0.38268,0,0,0,0,0
0,0,1,0,0,0,0,0,0,0.92388,0.38268,0,0,0,0,0
0,0,1,0,0,0,0,0,0,0.92388,0.38268,0,0,0,0,0
0,0,1,0,0,0,0,0,0,0.92388,0.38268,0,0,0,0,0
0,0,1,0,0,0,0,0,0,0.92388,0.38268,0,0,0,0,0
0,0,1,0,0,0,0,0,0,0.92388,0.38268,0,0,0,0,0
0,0,1,0,0,0,0,0,0,0.92388,0.38268,0,0,0,0,0
0,0,1,0,0,0,0,0,0,0.92388,0.38268,0,0,0,0,0
0,0,1,0,0,0,0,0,0,0.92388,0.38268,0,0,0,0,0
0,0,1,0,0,0,0,0,0,0.92388,0.38268,0,0,0,0,0
0,0,1,0,0,0,0,0,0,0.92388,0.38268,0,0,0,0,0
0,0,1,0,0,0,0,0,0,0.92388,0.38268,0,0,0,0,0
0,0,1,0,0,0,0,0,0,0.92388,0.38268,0,0,0,0,0
0,0,1,0,0,0,0,0,0,0.92388,0.38268,0,0,0,0,0
0,0,1,0,0,0,0,0,0,0.92388,0.38268,0,0,0,0,0
0,0,1,0,0,0,0,0,0,0.92388,0.38268,0,0,0,0,0
0,0,1,0,0,0,0,0,0,0.92388,0.38268,0,0,0,0,0
0,0,1,0,0,0,0,0,0,0.92388,0.38268,0,0,0,0,0
0,0,1,0,0,0,0,0,0,0.92388,0.38268,0,0,0,0,0
0,0,1,0,0,0,0,0,0,0.92388,0.38268,0,0,0,0,0
0,0,1,0,0,0,0,0,0,0.92388,0.38268,0,0,0,0,0
0,0,1,0,0,0,0,0,0,0.92388,0.38268,0,0,0,0,0
0,0,1,0,0,0,0,0,0,0.92388,0.38268,0,0,0,0,0
0,0,1,0,0,0,0,0,0,0.92388,0.38268,0,0,0,0,0
0,0,1,0,0,0,0,0,0,0.92388,0.38268,0,0,0,0,0
0,0,1,0,0,0,0,0,0,0.92388,0.38268,0,0,0,0,0
0,0,1,0,0,0,0,0,0,0.92388,0.38268,0,0,0,0,0
0,0,1,0,0,0,0,0,0,0.92388,0.38268,0,0,0,0,0
0,0,1,0,0,0,0,0,0,0.92388,0.38268,0,0,0,0,0
0,0,1,0,0,0,0,0,0,0.92388,0.38268,0,0,0,0,0
0,0,1,0,0,0,0,0,0,0.92388,0.38268,0,0,0,0,0
0,0,1,0,0,0,0,0,0,0.92388,0.38268,0,0,0,0,0
0,0,1,0,0,0,0,0,0,0.92388,0.38268,0,0,0,0,0
0,0,1,0,0,0,0,0,0,0.92388,0.38268,0,0,0,0,0
0,0,1,0,0,0,0,0,0,0.92388,0.38268,0,0,0,0,0
0,0,1,0,0,0,0,0,0,0.92388,0.38268,0,0,0,0,0
0,0,1,0,0,0,0,0,0,0.92388,0.38268,0,0,0,0,0
0,0,1,0,0,0,0,0,0,0.92388,0.38268,0,0,0,0,0
0,0,1,0,0,0,0,0,0,0.92388,0.38268,0,0,0,0,0
0,0,1,0,0,0,0,0,0,0.92388,0.38268,0,0,0,0,0
0,0,1,0,0,0,0,0,0,0.92388,0.38268,0,0,0,0,0
0,0,1,0,0,0,0,0,0,0.92388,0.38268,0,0,0,0,0
0,0,1,0,0,0,0,0,0,0.92388,0.38268,0,0,0,0,0
0,0,1,0,0,0,0,0,0,0.92388,0.38268,0,0,0,0,0
0,0,1,0,0,0,0,0,0,0.92388,0.38268,0,0,0,0,0
0,0,1,0,0,0,0,0,0,0.92388,0.38268,0,0,0,0,0
0,0,1,0,0,0,0,0,0,0.92388,0.38268,0,0,0,0,0
0,0,1,0,0,0,0,0,0,0.92388,0.38268,0,0,0,0,0
0,0,1,0,0,0,0,0,0,0.92388,0.38268,0,0,0,0,0
0,0,1,0,0,0,0,0,0,0.92388,0.38268,0,0,0,0,0
0,0,1,0,0,0,0,0,0,0.92388,0.38268,0,0,0,0,0
0,0,1,0,0,0,0,0,0,0.92388,0.38268,0,0,0,0,0
0,0,1,0,0,0,0,0,0,0.92388,0.38268,0,0,0,0,0
0,0,1,0,0,0,0,0,0,0.92388,0.38268,0,0,0,0,0
0,0,1,0,0,0,0,0,0,0.92388,0.38268,0,0,0,0,0
0,0,1,0,0,0,0,0,0,0.92388,0.38268,0,0,0,0,0
0,0,1,0,0,0,0,0,0,0.92388,0.38268,0,0,0,0,0
0,0,1,0,0,0,0,0,0,0.92388,0.38268,0,0,0,0,0
0,0,1,0,0,0,0,0,0,0.92388,0.38268,0,0,0,0,0
0,0,1,0,0,0,0,0,0,0.92388,0.38268,0,0,0,0,0
0,0,1,0,0,0,0,0,0,0.92388,0.38268,0,0,0,0,0
0,0,1,0,0,0,0,0,0,0.92388,0.38268,0,0,0,0,0
0,0,1,0,0,0,0,0,0,0.92388,0.38268,0,0,0,0,0
0,0,1,0,0,0,0,0,0,0.92388,0.38268,0,0,0,0,0
0,0,1,0,0,0,0,0,0,0.92388,0.38268,0,0,0,0,0
0,0,1,0,0,0,0,0,0,0.92388,0.38268,0,0,0,0,0
0,0,1,0,0,0,0,0,0,0.92388,0.38268,0,0,0,0,0
0,0,1,0,0,0,0,0,0,0.92388,0.38268,0,0,0,0,0
0,0,1,0,0,0,0,0,0,0.92388,0.38268,0,0,0,0,0
0,0,1,0,0,0,0,0,0,0.92388,0.38268,0,0,0,0,0
0,0,1,0,0,0,0,0,0,0.92388,0.38268,0,0,0,0,0
0,0,1,0,0,0,0,0,0,0.92388,0.38268,0,0,0,0,0
0,0,1,0,0,0,0,0,0,0.92388,0.38268,0,0,0,0,0
0,0,1,0,0,0,0,0,0,0.92388,0.38268,0,0,0,0,0
0,0,1,0,0,0,0,0,0,0.92388,0.38268,0,0,0,0,0
0,0,1,0,0,0,0,0,0,0.92388,0.38268,0,0,0,0,0
0,0,1,0,0,0,0,0,0,0.92388,0.38268,0,0,0,0,0
0,0,1,0,0,0,0,0,0,0.92388,0.38268,0,0,0,0,0
0,0,1,0,0,0,0,0,0,0.92388,0.38268,0,0,0,0,0
0,0,1,0,0,0,0,0,0,0.92388,0.38268,0,0,0,0,0
0,0,1,0,0,0,0,0,0,0.92388,0.38268,0,0,0,0,0
0,0,1,0,0,0,0,0,0,0.92388,0.38268,0,0,0,0,0
0,0,1,0,0,0,0,0,0,0.92388,0.38268,0,0,0,0,0
0,0,1,0,0,0,0,0,0,0.92388,0.38268,0,0,0,0,0
0,0,1,0,0,0,0,0,0,0.92388,0.38268,0,0,0,0,0
0,0,1,0,0,0,0,0,0,0.92388,0.38268,0,0,0,0,0
0,0,1,0,0,0,0,0,0,0.92388,0.38268,0,0,0,0,0
0,0,1,0,0,0,0,0,0,0.92388,0.38268,0,0,0,0,0
0,0,1,0,0,0,0,0,0,0.92388,0.38268,0,0,0,0,0
0,0,1,0,0,0,0,0,0,0.92388,0.38268,0,0,0,0,0
0,0,1,0,0,0,0,0,0,0.92388,0.38268,0,0,0,0,0
0,0,1,0,0,0,0,0,0,0.92388,0.38268,0,0,0,0,0
0,0,1,0,0,0,0,0,0,0.92388,0.38268,0,0,0,0,0
0,0,1,0,0,0,0,0,0,0.92388,0.38268,0,0,0,0,0
0,0,1,0,0,0,0,0,0,0.92388,0.38268,0,0,0,0,0
0,0,1,0,0,0,0,0,0,0.92388,0.38268,0,0,0,0,0
0,0,1,0,0,0,0,0,0,0.92388,0.38268,0,0,0,0,0
0,0,1,0,0,0,0,0,0,0.92388,0.38268,0,0,0,0,0
0,0,1,0,0,0,0,0,0,0.92388,0.38268,0,0,0,0,0
0,0,1,0,0,0,0,0,0,0.92388,0.38268,0,0,0,0,0
0,0,1,0,0,0,0,0,0,0.92388,0.38268,0,0,0,0,0
0,0,1,0,0,0,0,0,0,0.92388,0.38268,0,0,0,0,0
0,0,1,0,0,0,0,0,0,0.92388,0.38268,0,0,0,0,0
0,0,1,0,0,0,0,0,0,0.92388,0.38268,0,0,0,0,0
0,0,1,0,0,0,0,0,0,0.92388,0.38268,0,0,0,0,0
0,0,1,0,0,0,0,0,0,0.92388,0.38268,0,0,0,0,0
0,0,1,0,0,0,0,0,0,0.92388,0.38268,0,0,0,0,0
0,0,1,0,0,0,0,0,0,0.92388,0.38268,0,0,0,0,0
0,0,1,0,0,0,0,0,0,0.92388,0.38268,0,0,0,0,0
0,0,1,0,0,0,0,0,0,0.92388,0.38268,0,0,0,0,0
0,0,1,0,0,0,0,0,0,0.92388,0.38268,0,0,0,0,0
0,0,1,0,0,0,0,0,0,0.92388,0.38268,0,0,0,0,0
0,0,1,0,0,0,0,0,0,0.92388,0.38268,0,0,0,0,0
0,0,1,0,0,0,0,0,0,0.92388,0.38268,0,0,0,0,0
0,0,1,0,0,0,0,0,0,0.92388,0.38268,0,0,0,0,0
0,0,1,0,0,0,0,0,0,0.92388,0.38268,0,0,0,0,0
0,0,1,0,0,0,0,0,0,0.92388,0.38268,0,0,0,0,0
0,0,1,0,0,0,0,0,0,0.92388,0.38268,0,0,0,0,0
0,0,1,0,0,0,0,0,0,0.92388,0.38268,0,0,0,0,0
0,0,1,0,0,0,0,0,0,0.92388,0.38268,0,0,0,0,0
0,0,1,0,0,0,0,0,0,0.92388,0.38268,0,0,0,0,0
0,0,1,0,0,0,0,0,0,0.92388,0.38268,0,0,0,0,0
0,0,1,0,0,0,0,0,0,0.92388,0.38268,0,0,0,0,0
0,0,1,0,0,0,0,0,0,0.92388,0.38268,0,0,0,0,0
0,0,1,0,0,0,0,0,0,0.92388,0.38268,0,0,0,0,0
0,0,1,0,0,0,0,0,0,0.92388,0.38268,0,0,0,0,0
0,0,1,0,0,0,0,0,0,0.92388,0.38268,0,0,0,0,0
0,0,1,0,0,0,0,0,0,0.92388,0.38268,0,0,0,0,0
0,0,1,0,0,0,0,0,0,0.92388,0.38268,0,0,0,0,0
0,0,1,0,0,0,0,0,0,0.92388,0.38268,0,0,0,0,0
0,0,1,0,0,0,0,0,0,0.92388,0.38268,0,0,0,0,0
0,0,1,0,0,0,0,0,0,0.92388,0.38268,0,0,0,0,0
0,0,1,0,0,0,0,0,0,0.92388,0.38268,0,0,0,0,0
0,0,1,0,0,0,0,0,0,0.92388,0.38268,0,0,0,0,0
0,0,1,0,0,0,0,0,0,0.92388,0.38268,0,0,0,0,0
0,0,1,0,0,0,0,0,0,0.92388,0.38268,0,0,0,0,0
0,0,1,0,0,0,0,0,0,0.92388,0.38268,0,0,0,0,0
0,0,1,0,0,0,0,0,0,0.92388,0.38268,0,0,0,0,0
0,0,1,0,0,0,0,0,0,0.92388,0.38268,0,0,0,0,0
0,0,1,0,0,0,0,0,0,0.92388,0.38268,0,0,0,0,0
0,0,1,0,0,0,0,0,0,0.92388,0.38268,0,0,0,0,0
0,0,1,0,0,0,0,0,0,0.92388,0.38268,0,0,0,0,0
0,0,1,0,0,0,0,0,0,0.92388,0.38268,0,0,0,0,0
0,0,1,0,0,0,0,0,0,0.92388,0.38268,0,0,0,0,0
0,0,1,0,0,0,0,0,0,0.92388,0.38268,0,0,0,0,0
0,0,1,0,0,0,0,0,0,0.92388,0.38268,0,0,0,0,0
0,0,1,0,0,0,0,0,0,0.92388,0.38268,0,0,0,0,0
0,0,1,0,0,0,0,0,0,0.92388,0.38268,0,0,0,0,0
0,0,1,0,0,0,0,0,0,0.92388,0.38268,0,0,0,0,0
0,0,1,0,0,0,0,0,0,0.92388,0.38268,0,0,0,0,0
0,0,1,0,0,0,0,0,0,0.92388,0.38268,0,0,0,0,0
0,0,1,0,0,0,0,0,0,0.92388,0.38268,0,0,0,0,0
0,0,1,0,0,0,0,0,0,0.92388,0.38268,0,0,0,0,0
0,0,1,0,0,0,0,0,0,0.92388,0.38268,0,0,0,0,0
0,0,1,0,0,0,0,0,0,0.92388,0.38268,0,0,0,0,0
0,0,1,0,0,0,0,0,0,0.92388,0.38268,0,0,0,0,0
0,0,1,0,0,0,0,0,0,0.92388,0.38268,0,0,0,0,0
0,0,1,0,0,0,0,0,0,0.92388,0.38268,0,0,0,0,0
0,0,1,0,0,0,0,0,0,0.92388,0.38268,0,0,0,0,0
0,0,1,0,0,0,0,0,0,0.92388,0.38268,0,0,0,0,0
0,0,1,0,0,0,0,0,0,0.92388,0.38268,0,0,0,0,0
0,0,1,0,0,0,0,0,0,0.92388,0.38268,0,0,0,0,0
0,0,1,0,0,0,0,0,0,0.92388,0.38268,0,0,0,0,0
0,0,1,0,0,0,0,0,0,0.92388,0.38268,0,0,0,0,0
0,0,1,0,0,0,0,0,0,0.92388,0.38268,0,0,0,0,0
0,0,1,0,0,0,0,0,0,0.92388,0.38268,0,0,0,0,0
0,0,1,0,0,0,0,0,0,0.92388,0.38268,0,0,0,0,0
0,0,1,0,0,0,0,0,0,0.92388,0.38268,0,0,0,0,0
0,0,1,0,0,0,0,0,0,0.92388,0.38268,0,0,0,0,0
0,0,1,0,0,0,0,0,0,0.92388,0.38268,0,0,0,0,0
0,0,1,0,0,0,0,0,0,0.92388,0.38268,0,0,0,0,0
0,0,1,0,0,0,0,0,0,0.92388,0.38268,0,0,0,0,0
0,0,1,0,0,0,0,0,0,0.92388,0.38268,0,0,0,0,0
0,0,1,0,0,0,0,0,0,0.92388,0.38268,0,0,0,0,0
0,0,1,0,0,0,0,0,0,0.92388,0.38268,0,0,0,0,0
0,0,1,0,0,0,0,0,0,0.92388,0.38268,0,0,0,0,0
0,0,1,0,0,0,0,0,0,0.92388,0.38268,0,0,0,0,0
0,0,1,0,0,0,0,0,0,0.92388,0.38268,0,0,0,0,0
0,0,1,0,0,0,0,0,0,0.92388,0.38268,0,0,0,0,0
0,0,1,0,0,0,0,0,0,0.92388,0.38268,0,0,0,0,0
0,0,1,0,0,0,0,0,0,0.92388,0.38268,0,0,0,0,0
0,0,1,0,0,0,0,0,0,0.92388,0.38268,0,0,0,0,0
0,0,1,0,0,0,0,0,0,0.92388,0.38268,0,0,0,0,0
0,0,1,0,0,0,0,0,0,0.92388,0.38268,0,0,0,0,0
0,0,1,0,0,0,0,0,0,0.92388,0.38268,0,0,0,0,0
0,0,1,0,0,0,0,0,0,0.92388,0.38268,0,0,0,0,0
0,0,1,0,0,0,0,0,0,0.92388,0.38268,0,0,0,0,0
0,0,1,0,0,0,0,0,0,0.92388,0.38268,0,0,0,0,0
0,0,1,0,0,0,0,0,0,0.92388,0.38268,0,0,0,0,0
0,0,1,0,0,0,0,0,0,0.92388,0.38268,0,0,0,0,0
0,0,1,0,0,0,0,0,0,0.92388,0.38268,0,0,0,0,0
0,0,1,0,0,0,0,0,0,0.92388,0.38268,0,0,0,0,0
0,0,1,0,0,0,0,0,0,0.92388,0.38268,0,0,0,0,0
0,0,1,0,0,0,0,0,0,0.92388,0.38268,0,0,0,0,0
0,0,1,0,0,0,0,0,0,0.92388,0.38268,0,0,0,0,0
0,0,1,0,0,0,0,0,0,0.92388,0.38268,0,0,0,0,0
0,0,1,0,0,0,0,0,0,0.92388,0.38268,0,0,0,0,0
0,0,1,0,0,0,0,0,0,0.92388,0.38268,0,0,0,0,0
0,0,1,0,0,0,0,0,0,0.92388,0.38268,0,0,0,0,0
0,0,1,0,0,0,0,0,0,0.92388,0.38268,0,0,0,0,0
0,0,1,0,0,0,0,0,0,0.92388,0.38268,0,0,0,0,0
0,0,1,0,0,0,0,0,0,0.92388,0.38268,0,0,0,0,0
0,0,1,0,0,0,0,0,0,0.92388,0.38268,0,0,0,0,0
0,0,1,0,0,0,0,0,0,0.92388,0.38268,0,0,0,0,0
0,0,1,0,0,0,0,0,0,0.92388,0.38268,0,0,0,0,0
0,0,1,0,0,0,0,0,0,0.92388,0.38268,0,0,0,0,0
0,0,1,0,0,0,0,0,0,0.92388,0.38268,0,0,0,0,0
0,0,1,0,0,0,0,0,0,0.92388,0.38268,0,0,0,0,0
0,0,1,0,0,0,0,0,0,0.92388,0.38268,0,0,0,0,0
0,0,1,0,0,0,0,0,0,0.92388,0.38268,0,0,0,0,0
0,0,1,0,0,0,0,0,0,0.92388,0.38268,0,0,0,0,0
0,0,1,0,0,0,0,0,0,0.92388,0.38268,0,0,0,0,0
0,0,1,0,0,0,0,0,0,0.92388,0.38268,0,0,0,0,0
0,0,1,0,0,0,0,0,0,0.92388,0.38268,0,0,0,0,0
0,0,1,0,0,0,0,0,0,0.92388,0.38268,0,0,0,0,0
0,0,1,0,0,0,0,0,0,0.92388,0.38268,0,0,0,0,0
0,0,1,0,0,0,0,0,0,0.92388,0.38268,0,0,0,0,0
0,0,1,0,0,0,0,0,0,0.92388,0.38268,0,0,0,0,0
0,0,1,0,0,0,0,0,0,0.92388,0.38268,0,0,0,0,0
0,0,1,0,0,0,0,0,0,0.92388,0.38268,0,0,0,0,0
0,0,1,0,0,0,0,0,0,0.92388,0.38268,0,0,0,0,0
0,0,1,0,0,0,0,0,0,0.92388,0.38268,0,0,0,0,0
0,0,1,0,0,0,0,0,0,0.92388,0.38268,0,0,0,0,0
0,0,1,0,0,0,0,0,0,0.92388,0.38268,0,0,0,0,0
0,0,1,0,0,0,0,0,0,0.92388,0.38268,0,0,0,0,0
0,0,1,0,0,0,0,0,0,0.92388,0.38268,0,0,0,0,0
0,0,1,0,0,0,0,0,0,0.92388,0.38268,0,0,0,0,0
0,0,1,0,0,0,0,0,0,0.92388,0.38268,0,0,0,0,0
0,0,1,0,0,0,0,0,0,0.92388,0.38268,0,0,0,0,0
0,0,1,0,0,0,0,0,0,0.92388,0.38268,0,0,0,0,0
0,0,1,0,0,0,0,0,0,0.92388,0.38268,0,0,0,0,0
0,0,1,0,0,0,0,0,0,0.92388,0.38268,0,0,0,0,0
0,0,1,0,0,0,0,0,0,0.92388,0.38268,0,0,0,0,0
0,0,1,0,0,0,0,0,0,0.92388,0.38268,0,0,0,0,0
0,0,1,0,0,0,0,0,0,0.92388,0.38268,0,0,0,0,0
0,0,1,0,0,0,0,0,0,0.92388,0.38268,0,0,0,0,0
0,0,1,0,0,0,0,0,0,0.92388,0.38268,0,0,0,0,0
0,0,1,0,0,0,0,0,0,0.92388,0.38268,0,0,0,0,0
0,0,1,0,0,0,0,0,0,0.92388,0.38268,0,0,0,0,0
0,0,1,0,0,0,0,0,0,0.92388,0.38268,0,0,0,0,0
0,0,1,0,0,0,0,0,0,0.92388,0.38268,0,0,0,0,0
0,0,1,0,0,0,0,0,0,0.92388,0.38268,0,0,0,0,0
0,0,1,0,0,0,0,0,0,0.92388,0.38268,0,0,0,0,0
0,0,1,0,0,0,0,0,0,0.92388,0.38268,0,0,0,0,0
0,0,1,0,0,0,0,0,0,0.92388,0.38268,0,0,0,0,0
0,0,1,0,0,0,0,0,0,0.92388,0.38268,0,0,0,0,0
0,0,1,0,0,0,0,0,0,0.92388,0.38268,0,0,0,0,0
0,0,1,0,0,0,0,0,0,0.92388,0.38268,0,0,0,0,0
0,0,1,0,0,0,0,0,0,0.92388,0.38268,0,0,0,0,0
0,0,1,0,0,0,0,0,0,0.92388,0.38268,0,0,0,0,0
0,0,1,0,0,0,0,0,0,0.92388,0.38268,0,0,0,0,0
0,0,1,0,0,0,0,0,0,0.92388,0.38268,0,0,0,0,0
0,0,1,0,0,0,0,0,0,0.92388,0.38268,0,0,0,0,0
0,0,1,0,0,0,0,0,0,0.92388,0.38268,0,0,0,0,0
0,0,1,0,0,0,0,0,0,0.92388,0.38268,0,0,0,0,0
0,0,1,0,0,0,0,0,0,0.92388,0.38268,0,0,0,0,0
0,0,1,0,0,0,0,0,0,0.92388,0.38268,0,0,0,0,0
0,0,1,0,0,0,0,0,0,0.92388,0.38268,0,0,0,0,0
0,0,1,0,0,0,0,0,0,0.92388,0.38268,0,0,0,0,0
0,0,1,0,0,0,0,0,0,0.92388,0.38268,0,0,0,0,0
0,0,1,0,0,0,0,0,0,0.92388,0.38268,0,0,0,0,0
0,0,1,0,0,0,0,0,0,0.92388,0.38268,0,0,0,0,0
0,0,1,0,0,0,0,0,0,0.92388,0.38268,0,0,0,0,0
0,0,1,0,0,0,0,0,0,0.92388,0.38268,0,0,0,0,0
0,0,1,0,0,0,0,0,0,0.92388,0.38268,0,0,0,0,0
0,0,1,0,0,0,0,0,0,0.92388,0.38268,0,0,0,0,0
0,0,1,0,0,0,0,0,0,0.92388,0.38268,0,0,0,0,0
0,0,1,0,0,0,0,0,0,0.92388,0.38268,0,0,0,0,0
0,0,1,0,0,0,0,0,0,0.92388,0.38268,0,0,0,0,0
0,0,1,0,0,0,0,0,0,0.92388,0.38268,0,0,0,0,0
0,0,1,0,0,0,0,0,0,0.92388,0.38268,0,0,0,0,0
0,0,1,0,0,0,0,0,0,0.92388,0.38268,0,0,0,0,0
0,0,1,0,0,0,0,0,0,0.92388,0.38268,0,0,0,0,0
0,0,1,0,0,0,0,0,0,0.92388,0.38268,0,0,0,0,0
0,0,1,0,0,0,0,0,0,0.92388,0.38268,0,0,0,0,0
0,0,1,0,0,0,0,0,0,0.92388,0.38268,0,0,0,0,0
0,0,1,0,0,0,0,0,0,0.92388,0.38268,0,0,0,0,0
0,0,1,0,0,0,0,0,0,0.92388,0.38268,0,0,0,0,0
0,0,1,0,0,0,0,0,0,0.92388,0.38268,0,0,0,0,0
0,0,1,0,0,0,0,0,0,0.92388,0.38268,0,0,0,0,0
0,0,1,0,0,0,0,0,0,0.92388,0.38268,0,0,0,0,0
0,0,1,0,0,0,0,0,0,0.92388,0.38268,0,0,0,0,0
0,0,1,0,0,0,0,0,0,0.92388,0.38268,0,0,0,0,0
0,0,1,0,0,0,0,0,0,0.92388,0.38268,0,0,0,0,0
0,0,1,0,0,0,0,0,0,0.92388,0.38268,0,0,0,0,0
0,0,1,0,0,0,0,0,0,0.92388,0.38268,0,0,0,0,0
0,0,1,0,0,0,0,0,0,0.92388,0.38268,0,0,0,0,0
0,0,1,0,0,0,0,0,0,0.92388,0.38268,0,0,0,0,0
0,0,1,0,0,0,0,0,0,0.92388,0.38268,0,0,0,0,0
0,0,1,0,0,0,0,0,0,0.92388,0.38268,0,0,0,0,0
0,0,1,0,0,0,0,0,0,0.92388,0.38268,0,0,0,0,0
0,0,1,0,0,0,0,0,0,0.92388,0.38268,0,0,0,0,0
0,0,1,0,0,0,0,0,0,0.92388,0.38268,0,0,0,0,0
0,0,1,0,0,0,0,0,0,0.92388,0.38268,0,0,0,0,0
0,0,1,0,0,0,0,0,0,0.92388,0.38268,0,0,0,0,0
0,0,1,0,0,0,0,0,0,0.92388,0.38268,0,0,0,0,0
0,0,1,0,0,0,0,0,0,0.92388,0.38268,0,0,0,0,0
0,0,1,0,0,0,0,0,0,0.92388,0.38268,0,0,0,0,0
0,0,1,0,0,0,0,0,0,0.92388,0.38268,0,0,0,0,0
0,0,1,0,0,0,0,0,0,0.92388,0.38268,0,0,0,0,0
0,0,1,0,0,0,0,0,0,0.92388,0.38268,0,0,0,0,0
0,0,1,0,0,0,0,0,0,0.92388,0.38268,0,0,0,0,0
0,0,1,0,0,0,0,0,0,0.92388,0.38268,0,0,0,0,0
0,0,1,0,0,0,0,0,0,0.92388,0.38268,0,0,0,0,0
0,0,1,0,0,0,0,0,0,0.92388,0.38268,0,0,0,0,0
0,0,1,0,0,0,0,0,0,0.92388,0.38268,0,0,0,0,0
0,0,1,0,0,0,0,0,0,0.92388,0.38268,0,0,0,0,0
0,0,1,0,0,0,0,0,0,0.92388,0.38268,0,0,0,0,0
0,0,1,0,0,0,0,0,0,0.92388,0.38268,0,0,0,0,0
0,0,1,0,0,0,0,0,0,0.92388,0.38268,0,0,0,0,0
0,0,1,0,0,0,0,0,0,0.92388,0.38268,0,0,0,0,0
0,0,1,0,0,0,0,0,0,0.92388,0.38268,0,0,0,0,0
0,0,1,0,0,0,0,0,0,0.92388,0.38268,0,0,0,0,0
0,0,1,0,0,0,0,0,0,0.92388,0.38268,0,0,0,0,0
0,0,1,0,0,0,0,0,0,0.92388,0.38268,0,0,0,0,0
0,0,1,0,0,0,0,0,0,0.92388,0.38268,0,0,0,0,0
0,0,1,0,0,0,0,0,0,0.92388,0.38268,0,0,0,0,0
0,0,1,0,0,0,0,0,0,0.92388,0.38268,0,0,0,0,0
0,0,1,0,0,0,0,0,0,0.92388,0.38268,0,0,0,0,0
0,0,1,0,0,0,0,0,0,0.92388,0.38268,0,0,0,0,0
0,0,1,0,0,0,0,0,0,0.92388,0.38268,0,0,0,0,0
0,0,1,0,0,0,0,0,0,0.92388,0.38268,0,0,0,0,0
0,0,1,0,0,0,0,0,0,0.92388,0.38268,0,0,0,0,0
0,0,1,0,0,0,0,0,0,0.92388,0.38268,0,0,0,0,0
0,0,1,0,0,0,0,0,0,0.92388,0.38268,0,0,0,0,0
0,0,1,0,0,0,0,0,0,0.92388,0.38268,0,0,0,0,0
0,0,1,0,0,0,0,0,0,0.92388,0.38268,0,0,0,0,0
0,0,1,0,0,0,0,0,0,0.92388,0.38268,0,0,0,0,0
0,0,1,0,0,0,0,0,0,0.92388,0.38268,0,0,0,0,0
0,0,1,0,0,0,0,0,0,0.92388,0.38268,0,0,0,0,0
0,0,1,0,0,0,0,0,0,0.92388,0.38268,0,0,0,0,0
0,0,1,0,0,0,0,0,0,0.92388,0.38268,0,0,0,0,0
0,0,1,0,0,0,0,0,0,0.92388,0.38268,0,0,0,0,0
0,0,1,0,0,0,0,0,0,0.92388,0.38268,0,0,0,0,0
0,0,1,0,0,0,0,0,0,0.92388,0.38268,0,0,0,0,0
0,0,1,0,0,0,0,0,0,0.92388,0.38268,0,0,0,0,0
0,0,1,0,0,0,0,0,0,0.92388,0.38268,0,0,0,0,0
0,0,1,0,0,0,0,0,0,0.92388,0.38268,0,0,0,0,0
0,0,1,0,0,0,0,0,0,0.92388,0.38268,0,0,0,0,0
0,0,1,0,0,0,0,0,0,0.92388,0.38268,0,0,0,0,0
0,0,1,0,0,0,0,0,0,0.92388,0.38268,0,0,0,0,0
0,0,1,0,0,0,0,0,0,0.92388,0.38268,0,0,0,0,0
0,0,1,0,0,0,0,0,0,0.92388,0.38268,0,0,0,0,0
0,0,1,0,0,0,0,0,0,0.92388,0.38268,0,0,0,0,0
0,0,1,0,0,0,0,0,0,0.92388,0.38268,0,0,0,0,0
0,0,1,0,0,0,0,0,0,0.92388,0.38268,0,0,0,0,0
0,0,1,0,0,0,0,0,0,0.92388,0.38268,0,0,0,0,0
0,0,1,0,0,0,0,0,0,0.92388,0.38268,0,0,0,0,0
0,0,1,0,0,0,0,0,0,0.92388,0.38268,0,0,0,0,0
0,0,1,0,0,0,0,0,0,0.92388,0.38268,0,0,0,0,0
0,0,1,0,0,0,0,0,0,0.92388,0.38268,0,0,0,0,0
0,0,1,0,0,0,0,0,0,0.92388,0.38268,0,0,0,0,0
0,0,1,0,0,0,0,0,0,0.92388,0.38268,0,0,0,0,0
0,0,1,0,0,0,0,0,0,0.92388,0.38268,0,0,0,0,0
0,0,1,0,0,0,0,0,0,0.92388,0.38268,0,0,0,0,0
0,0,1,0,0,0,0,0,0,0.92388,0.38268,0,0,0,0,0
0,0,1,0,0,0,0,0,0,0.92388,0.38268,0,0,0,0,0
0,0,1,0,0,0,0,0,0,0.92388,0.38268,0,0,0,0,0
0,0,1,0,0,0,0,0,0,0.92388,0.38268,0,0,0,0,0
0,0,1,0,0,0,0,0,0,0.92388,0.38268,0,0,0,0,0
0,0,1,0,0,0,0,0,0,0.92388,0.38268,0,0,0,0,0
0,0,1,0,0,0,0,0,0,0.92388,0.38268,0,0,0,0,0
0,0,1,0,0,0,0,0,0,0.92388,0.38268,0,0,0,0,0
0,0,1,0,0,0,0,0,0,0.92388,0.38268,0,0,0,0,0
0,0,1,0,0,0,0,0,0,0.92388,0.38268,0,0,0,0,0
0,0,1,0,0,0,0,0,0,0.92388,0.38268,0,0,0,0,0
0,0,1,0,0,0,0,0,0,0.92388,0.38268,0,0,0,0,0
0,0,1,0,0,0,0,0,0,0.92388,0.38268,0,0,0,0,0
0,0,1,0,0,0,0,0,0,0.92388,0.38268,0,0,0,0,0
0,0,1,0,0,0,0,0,0,0.92388,0.38268,0,0,0,0,0
0,0,1,0,0,0,0,0,0,0.92388,0.38268,0,0,0,0,0
0,0,1,0,0,0,0,0,0,0.92388,0.38268,0,0,0,0,0
0,0,1,0,0,0,0,0,0,0.92388,0.38268,0,0,0,0,0
0,0,1,0,0,0,0,0,0,0.92388,0.38268,0,0,0,0,0
0,0,1,0,0,0,0,0,0,0.92388,0.38268,0,0,0,0,0
0,0,1,0,0,0,0,0,0,0.92388,0.38268,0,0,0,0,0
0,0,1,0,0,0,0,0,0,0.92388,0.38268,0,0,0,0,0
0,0,1,0,0,0,0,0,0,0.92388,0.38268,0,0,0,0,0
0,0,1,0,0,0,0,0,0,0.92388,0.38268,0,0,0,0,0
0,0,1,0,0,0,0,0,0,0.92388,0.38268,0,0,0,0,0
0,0,1,0,0,0,0,0,0,0.92388,0.38268,0,0,0,0,0
0,0,1,0,0,0,0,0,0,0.92388,0.38268,0,0,0,0,0
0,0,1,0,0,0,0,0,0,0.92388,0.38268,0,0,0,0,0
0,0,1,0,0,0,0,0,0,0.92388,0.38268,0,0,0,0,0
0,0,1,0,0,0,0,0,0,0.92388,0.38268,0,0,0,0,0
0,0,1,0,0,0,0,0,0,0.92388,0.38268,0,0,0,0,0
0,0,1,0,0,0,0,0,0,0.92388,0.38268,0,0,0,0,0
0,0,1,0,0,0,0,0,0,0.92388,0.38268,0,0,0,0,0
0,0,1,0,0,0,0,0,0,0.92388,0.38268,0,0,0,0,0
0,0,1,0,0,0,0,0,0,0.92388,0.38268,0,0,0,0,0
0,0,1,0,0,0,0,0,0,0.92388,0.38268,0,0,0,0,0
0,0,1,0,0,0,0,0,0,0.92388,0.38268,0,0,0,0,0
0,0,1,0,0,0,0,0,0,0.92388,0.38268,0,0,0,0,0
0,0,1,0,0,0,0,0,0,0.92388,0.38268,0,0,0,0,0
0,0,1,0,0,0,0,0,0,0.92388,0.38268,0,0,0,0,0
0,0,1,0,0,0,0,0,0,0.92388,0.38268,0,0,0,0,0
0,0,1,0,0,0,0,0,0,0.92388,0.38268,0,0,0,0,0
0,0,1,0,0,0,0,0,0,0.92388,0.38268,0,0,0,0,0
0,0,1,0,0,0,0,0,0,0.92388,0.38268,0,0,0,0,0
0,0,1,0,0,0,0,0,0,0.92388,0.38268,0,0,0,0,0
0,0,1,0,0,0,0,0,0,0.92388,0.38268,0,0,0,0,0
0,0,1,0,0,0,0,0,0,0.92388,0.38268,0,0,0,0,0
0,0,1,0,0,0,0,0,0,0.92388,0.38268,0,0,0,0,0
0,0,1,0,0,0,0,0,0,0.92388,0.38268,0,0,0,0,0
0,0,1,0,0,0,0,0,0,0.92388,0.38268,0,0,0,0,0
0,0,1,0,0,0,0,0,0,0.92388,0.38268,0,0,0,0,0
0,0,1,0,0,0,0,0,0,0.92388,0.38268,0,0,0,0,0
0,0,1,0,0,0,0,0,0,0.92388,0.38268,0,0,0,0,0
0,0,1,0,0,0,0,0,0,0.92388,0.38268,0,0,0,0,0
0,0,1,0,0,0,0,0,0,0.92388,0.38268,0,0,0,0,0
0,0,1,0,0,0,0,0,0,0.92388,0.38268,0,0,0,0,0
0,0,1,0,0,0,0,0,0,0.92388,0.38268,0,0,0,0,0
0,0,1,0,0,0,0,0,0,0.92388,0.38268,0,0,0,0,0
0,0,1,0,0,0,0,0,0,0.92388,0.38268,0,0,0,0,0
0,0,1,0,0,0,0,0,0,0.92388,0.38268,0,0,0,0,0
0,0,1,0,0,0,0,0,0,0.92388,0.38268,0,0,0,0,0
0,0,1,0,0,0,0,0,0,0.92388,0.38268,0,0,0,0,0
0,0,1,0,0,0,0,0,0,0.92388,0.38268,0,0,0,0,0
0,0,1,0,0,0,0,0,0,0.92388,0.38268,0,0,0,0,0
0,0,1,0,0,0,0,0,0,0.92388,0.38268,0,0,0,0,0
0,0,1,0,0,0,0,0,0,0.92388,0.38268,0,0,0,0,0
0,0,1,0,0,0,0,0,0,0.92388,0.38268,0,0,0,0,0
0,0,1,0,0,0,0,0,0,0.92388,0.38268,0,0,0,0,0
0,0,1,0,0,0,0,0,0,0.92388,0.38268,0,0,0,0,0
0,0,1,0,0,0,0,0,0,0.92388,0.38268,0,0,0,0,0
0,0,1,0,0,0,0,0,0,0.92388,0.38268,0,0,0,0,0
0,0,1,0,0,0,0,0,0,0.92388,0.38268,0,0,0,0,0
0,0,1,0,0,0,0,0,0,0.92388,0.38268,0,0,0,0,0
0,0,1,0,0,0,0,0,0,0.92388,0.38268,0,0,0,0,0
0,0,1,0,0,0,0,0,0,0.92388,0.38268,0,0,0,0,0
0,0,1,0,0,0,0,0,0,0.92388,0.38268,0,0,0,0,0
0,0,1,0,0,0,0,0,0,0.92388,0.38268,0,0,0,0,0
0,0,1,0,0,0,0,0,0,0.92388,0.38268,0,0,0,0,0
0,0,1,0,0,0,0,0,0,0.92388,0.38268,0,0,0,0,0
0,0,1,0,0,0,0,0,0,0.92388,0.38268,0,0,0,0,0
0,0,1,0,0,0,0,0,0,0.92388,0.38268,0,0,0,0,0
0,0,1,0,0,0,0,0,0,0.92388,0.38268,0,0,0,0,0
0,0,1,0,0,0,0,0,0,0.92388,0.38268,0,0,0,0,0
0,0,1,0,0,0,0,0,0,0.92388,0.38268,0,0,0,0,0
0,0,1,0,0,0,0,0,0,0.92388,0.38268,0,0,0,0,0
0,0,1,0,0,0,0,0,0,0.92388,0.38268,0,0,0,0,0
0,0,1,0,0,0,0,0,0,0.92388,0.38268,0,0,0,0,0
0,0,1,0,0,0,0,0,0,0.92388,0.38268,0,0,0,0,0
0,0,1,0,0,0,0,0,0,0.92388,0.38268,0,0,0,0,0
0,0,1,0,0,0,0,0,0,0.92388,0.38268,0,0,0,0,0
0,0,1,0,0,0,0,0,0,0.92388,0.38268,0,0,0,0,0
0,0,1,0,0,0,0,0,0,0.92388,0.38268,0,0,0,0,0
0,0,1,0,0,0,0,0,0,0.92388,0.38268,0,0,0,0,0
0,0,1,0,0,0,0,0,0,0.92388,0.38268,0,0,0,0,0
0,0,1,0,0,0,0,0,0,0.92388,0.38268,0,0,0,0,0
0,0,1,0,0,0,0,0,0,0.92388,0.38268,0,0,0,0,0
0,0,1,0,0,0,0,0,0,0.92388,0.38268,0,0,0,0,0
0,0,1,0,0,0,0,0,0,0.92388,0.38268,0,0,0,0,0
0,0,1,0,0,0,0,0,0,0.92388,0.38268,0,0,0,0,0
0,0,1,0,0,0,0,0,0,0.92388,0.38268,0,0,0,0,0
0,0,1,0,0,0,0,0,0,0.92388,0.38268,0,0,0,0,0
0,0,1,0,0,0,0,0,0,0.92388,0.38268,0,0,0,0,0
0,0,1,0,0,0,0,0,0,0.92388,0.38268,0,0,0,0,0
0,0,1,0,0,0,0,0,0,0.92388,0.38268,0,0,0,0,0
0,0,1,0,0,0,0,0,0,0.92388,0.38268,0,0,0,0,0
0,0,1,0,0,0,0,0,0,0.92388,0.38268,0,0,0,0,0
0,0,1,0,0,0,0,0,0,0.92388,0.38268,0,0,0,0,0
0,0,1,0,0,0,0,0,0,0.92388,0.38268,0,0,0,0,0
0,0,1,0,0,0,0,0,0,0.92388,0.38268,0,0,0,0,0
0,0,1,0,0,0,0,0,0,0.92388,0.38268,0,0,0,0,0
0,0,1,0,0,0,0,0,0,0.92388,0.38268,0,0,0,0,0
0,0,1,0,0,0,0,0,0,0.92388,0.38268,0,0,0,0,0
0,0,1,0,0,0,0,0,0,0.92388,0.38268,0,0,0,0,0
0,0,1,0,0,0,0,0,0,0.92388,0.38268,0,0,0,0,0
0,0,1,0,0,0,0,0,0,0.92388,0.38268,0,0,0,0,0
0,0,1,0,0,0,0,0,0,0.92388,0.38268,0,0,0,0,0
0,0,1,0,0,0,0,0,0,0.92388,0.38268,0,0,0,0,0
0,0,1,0,0,0,0,0,0,0.92388,0.38268,0,0,0,0,0
0,0,1,0,0,0,0,0,0,0.92388,0.38268,0,0,0,0,0
0,0,1,0,0,0,0,0,0,0.92388,0.38268,0,0,0,0,0
0,0,1,0,0,0,0,0,0,0.92388,0.38268,0,0,0,0,0
0,0,1,0,0,0,0,0,0,0.92388,0.38268,0,0,0,0,0
0,0,1,0,0,0,0,0,0,0.92388,0.38268,0,0,0,0,0
0,0,1,0,0,0,0,0,0,0.92388,0.38268,0,0,0,0,0
0,0,1,0,0,0,0,0,0,0.92388,0.38268,0,0,0,0,0
0,0,1,0,0,0,0,0,0,0.92388,0.38268,0,0,0,0,0
0,0,1,0,0,0,0,0,0,0.92388,0.38268,0,0,0,0,0
0,0,1,0,0,0,0,0,0,0.92388,0.38268,0,0,0,0,0
0,0,1,0,0,0,0,0,0,0.92388,0.38268,0,0,0,0,0
0,0,1,0,0,0,0,0,0,0.92388,0.38268,0,0,0,0,0
0,0,1,0,0,0,0,0,0,0.92388,0.38268,0,0,0,0,0
0,0,1,0,0,0,0,0,0,0.92388,0.38268,0,0,0,0,0
0,0,1,0,0,0,0,0,0,0.92388,0.38268,0,0,0,0,0
0,0,1,0,0,0,0,0,0,0.92388,0.38268,0,0,0,0,0
0,0,1,0,0,0,0,0,0,0.92388,0.38268,0,0,0,0,0
0,0,1,0,0,0,0,0,0,0.92388,0.38268,0,0,0,0,0
0,0,1,0,0,0,0,0,0,0.92488,0.38026,0,0,-0.2618,0,0
0,0,1,0,0,0,0,0,0,0.92587,0.37784,0,0,-0.2618,0,0
0,0,1,0,0,0,0,0,0,0.92686,0.37542,0,0,-0.2618,0,0
0,0,1,0,0,0,0,0,0,0.92784,0.37299,0,0,-0.2618,0,0
0,0,1,0,0,0,0,0,0,0.92881,0.37056,0,0,-0.2618,0,0
0,0,1,0,0,0,0,0,0,0.92978,0.36812,0,0,-0.2618,0,0
0,0,1,0,0,0,0,0,0,0.93074,0.36569,0,0,-0.2618,0,0
0,0,1,0,0,0,0,0,0,0.93169,0.36325,0,0,-0.2618,0,0
0,0,1,0,0,0,0,0,0,0.93264,0.36081,0,0,-0.2618,0,0
0,0,1,0,0,0,0,0,0,0.93358,0.35837,0,0,-0.2618,0,0
0,0,1,0,0,0,0,0,0,0.93452,0.35592,0,0,-0.2618,0,0
0,0,1,0,0,0,0,0,0,0.93544,0.35347,0,0,-0.2618,0,0
0,0,1,0,0,0,0,0,0,0.93637,0.35102,0,0,-0.2618,0,0
0,0,1,0,0,0,0,0,0,0.93728,0.34857,0,0,-0.2618,0,0
0,0,1,0,0,0,0,0,0,0.93819,0.34612,0,0,-0.2618,0,0
0,0,1,0,0,0,0,0,0,0.93909,0.34366,0,0,-0.2618,0,0
0,0,1,0,0,0,0,0,0,0.93999,0.3412,0,0,-0.2618,0,0
0,0,1,0,0,0,0,0,0,0.94088,0.33874,0,0,-0.2618,0,0
0,0,1,0,0,0,0,0,0,0.94176,0.33627,0,0,-0.2618,0,0
0,0,1,0,0,0,0,0,0,0.94264,0.33381,0,0,-0.2618,0,0
0,0,1,0,0,0,0,0,0,0.94351,0.33134,0,0,-0.2618,0,0
0,0,1,0,0,0,0,0,0,0.94438,0.32887,0,0,-0.2618,0,0
0,0,1,0,0,0,0,0,0,0.94523,0.32639,0,0,-0.2618,0,0
0,0,1,0,0,0,0,0,0,0.94609,0.32392,0,0,-0.2618,0,0
0,0,1,0,0,0,0,0,0,0.94693,0.32144,0,0,-0.2618,0,0
0,0,1,0,0,0,0,0,0,0.94777,0.31896,0,0,-0.2618,0,0
0,0,1,0,0,0,0,0,0,0.9486,0.31648,0,0,-0.2618,0,0
0,0,1,0,0,0,0,0,0,0.94943,0.31399,0,0,-0.2618,0,0
0,0,1,0,0,0,0,0,0,0.95024,0.31151,0,0,-0.2618,0,0
0,0,1,0,0,0,0,0,0,0.95106,0.30902,0,0,-0.2618,0,0
0,0,1,0,0,0,0,0,0,0.95186,0.30653,0,0,-0.2618,0,0
0,0,1,0,0,0,0,0,0,0.95266,0.30403,0,0,-0.2618,0,0
0,0,1,0,0,0,0,0,0,0.95345,0.30154,0,0,-0.2618,0,0
0,0,1,0,0,0,0,0,0,0.95424,0.29904,0,0,-0.2618,0,0
0,0,1,0,0,0,0,0,0,0.95502,0.29654,0,0,-0.2618,0,0
0,0,1,0,0,0,0,0,0,0.95579,0.29404,0,0,-0.2618,0,0
0,0,1,0,0,0,0,0,0,0.95656,0.29154,0,0,-0.2618,0,0
0,0,1,0,0,0,0,0,0,0.95732,0.28903,0,0,-0.2618,0,0
0,0,1,0,0,0,0,0,0,0.95807,0.28652,0,0,-0.2618,0,0
0,0,1,0,0,0,0,0,0,0.95882,0.28402,0,0,-0.2618,0,0
0,0,1,0,0,0,0,0,0,0.95956,0.2815,0,0,-0.2618,0,0
0,0,1,0,0,0,0,0,0,0.96029,0.27899,0,0,-0.2618,0,0
0,0,1,0,0,0,0,0,0,0.96102,0.27648,0,0,-0.2618,0,0
0,0,1,0,0,0,0,0,0,0.96174,0.27396,0,0,-0.2618,0,0
0,0,1,0,0,0,0,0,0,0.96246,0.27144,0,0,-0.2618,0,0
0,0,1,0,0,0,0,0,0,0.96316,0.26892,0,0,-0.2618,0,0
0,0,1,0,0,0,0,0,0,0.96386,0.2664,0,0,-0.2618,0,0
0,0,1,0,0,0,0,0,0,0.96456,0.26387,0,0,-0.2618,0,0
0,0,1,0,0,0,0,0,0,0.96524,0.26135,0,0,-0.2618,0,0
0,0,1,0,0,0,0,0,0,0.96593,0.25882,0,0,-0.2618,0,0
0,0,1,0,0,0,0,0,0,0.9666,0.25629,0,0,-0.2618,0,0
0,0,1,0,0,0,0,0,0,0.96727,0.25376,0,0,-0.2618,0,0
0,0,1,0,0,0,0,0,0,0.96793,0.25122,0,0,-0.2618,0,0
0,0,1,0,0,0,0,0,0,0.96858,0.24869,0,0,-0.2618,0,0
0,0,1,0,0,0,0,0,0,0.96923,0.24615,0,0,-0.2618,0,0
0,0,1,0,0,0,0,0,0,0.96987,0.24362,0,0,-0.2618,0,0
0,0,1,0,0,0,0,0,0,0.97051,0.24108,0,0,-0.2618,0,0
0,0,1,0,0,0,0,0,0,0.97113,0.23853,0,0,-0.2618,0,0
0,0,1,0,0,0,0,0,0,0.97176,0.23599,0,0,-0.2618,0,0
0,0,1,0,0,0,0,0,0,0.97237,0.23345,0,0,-0.2618,0,0
0,0,1,0,0,0,0,0,0,0.97298,0.2309,0,0,-0.2618,0,0
0,0,1,0,0,0,0,0,0,0.97358,0.22835,0,0,-0.2618,0,0
0,0,1,0,0,0,0,0,0,0.97417,0.2258,0,0,-0.2618,0,0
0,0,1,0,0,0,0,0,0,0.97476,0.22325,0,0,-0.2618,0,0
0,0,1,0,0,0,0,0,0,0.97534,0.2207,0,0,-0.2618,0,0
0,0,1,0,0,0,0,0,0,0.97592,0.21814,0,0,-0.2618,0,0
0,0,1,0,0,0,0,0,0,0.97648,0.21559,0,0,-0.2618,0,0
0,0,1,0,0,0,0,0,0,0.97705,0.21303,0,0,-0.2618,0,0
0,0,1,0,0,0,0,0,0,0.9776,0.21047,0,0,-0.2618,0,0
0,0,1,0,0,0,0,0,0,0.97815,0.20791,0,0,-0.2618,0,0
0,0,1,0,0,0,0,0,0,0.97869,0.20535,0,0,-0.2618,0,0
0,0,1,0,0,0,0,0,0,0.97922,0.20279,0,0,-0.2618,0,0
0,0,1,0,0,0,0,0,0,0.97975,0.20022,0,0,-0.2618,0,0
0,0,1,0,0,0,0,0,0,0.98027,0.19766,0,0,-0.2618,0,0
0,0,1,0,0,0,0,0,0,0.98079,0.19509,0,0,-0.2618,0,0
0,0,1,0,0,0,0,0,0,0.98129,0.19252,0,0,-0.2618,0,0
0,0,1,0,0,0,0,0,0,0.98179,0.18995,0,0,-0.2618,0,0
0,0,1,0,0,0,0,0,0,0.98229,0.18738,0,0,-0.2618,0,0
0,0,1,0,0,0,0,0,0,0.98277,0.18481,0,0,-0.2618,0,0
0,0,1,0,0,0,0,0,0,0.98325,0.18224,0,0,-0.2618,0,0
0,0,1,0,0,0,0,0,0,0.98373,0.17966,0,0,-0.2618,0,0
0,0,1,0,0,0,0,0,0,0.9842,0.17708,0,0,-0.2618,0,0
0,0,1,0,0,0,0,0,0,0.98466,0.17451,0,0,-0.2618,0,0
0,0,1,0,0,0,0,0,0,0.98511,0.17193,0,0,-0.2618,0,0
0,0,1,0,0,0,0,0,0,0.98556,0.16935,0,0,-0.2618,0,0
0,0,1,0,0,0,0,0,0,0.986,0.16677,0,0,-0.2618,0,0
0,0,1,0,0,0,0,0,0,0.98643,0.16419,0,0,-0.2618,0,0
0,0,1,0,0,0,0,0,0,0.98686,0.1616,0,0,-0.2618,0,0
0,0,1,0,0,0,0,0,0,0.98728,0.15902,0,0,-0.2618,0,0
0,0,1,0,0,0,0,0,0,0.98769,0.15643,0,0,-0.2618,0,0
0,0,1,0,0,0,0,0,0,0.98809,0.15385,0,0,-0.2618,0,0
0,0,1,0,0,0,0,0,0,0.98849,0.15126,0,0,-0.2618,0,0
0,0,1,0,0,0,0,0,0,0.98889,0.14867,0,0,-0.2618,0,0
0,0,1,0,0,0,0,0,0,0.98927,0.14608,0,0,-0.2618,0,0
0,0,1,0,0,0,0,0,0,0.98965,0.14349,0,0,-0.2618,0,0
0,0,1,0,0,0,0,0,0,0.99002,0.1409,0,0,-0.2618,0,0
0,0,1,0,0,0,0,0,0,0.99039,0.13831,0,0,-0.2618,0,0
0,0,1,0,0,0,0,0,0,0.99075,0.13572,0,0,-0.2618,0,0
0,0,1,0,0,0,0,0,0,0.9911,0.13312,0,0,-0.2618,0,0
0,0,1,0,0,0,0,0,0,0.99144,0.13053,0,0,-0.2618,0,0
0,0,1,0,0,0,0,0,0,0.99178,0.12793,0,0,-0.2618,0,0
0,0,1,0,0,0,0,0,0,0.99211,0.12533,0,0,-0.2618,0,0
0,0,1,0,0,0,0,0,0,0.99244,0.12274,0,0,-0.2618,0,0
0,0,1,0,0,0,0,0,0,0.99276,0.12014,0,0,-0.2618,0,0
0,0,1,0,0,0,0,0,0,0.99307,0.11754,0,0,-0.2618,0,0
0,0,1,0,0,0,0,0,0,0.99337,0.11494,0,0,-0.2618,0,0
0,0,1,0,0,0,0,0,0,0.99367,0.11234,0,0,-0.2618,0,0
0,0,1,0,0,0,0,0,0,0.99396,0.10973,0,0,-0.2618,0,0
0,0,1,0,0,0,0,0,0,0.99424,0.10713,0,0,-0.2618,0,0
0,0,1,0,0,0,0,0,0,0.99452,0.10453,0,0,-0.2618,0,0
0,0,1,0,0,0,0,0,0,0.99479,0.10192,0,0,-0.2618,0,0
0,0,1,0,0,0,0,0,0,0.99506,0.09932,0,0,-0.2618,0,0
0,0,1,0,0,0,0,0,0,0.99531,0.096714,0,0,-0.2618,0,0
0,0,1,0,0,0,0,0,0,0.99556,0.094108,0,0,-0.2618,0,0
0,0,1,0,0,0,0,0,0,0.9958,0.091502,0,0,-0.2618,0,0
0,0,1,0,0,0,0,0,0,0.99604,0.088894,0,0,-0.2618,0,0
0,0,1,0,0,0,0,0,0,0.99627,0.086286,0,0,-0.2618,0,0
0,0,1,0,0,0,0,0,0,0.99649,0.083678,0,0,-0.2618,0,0
0,0,1,0,0,0,0,0,0,0.99671,0.081069,0,0,-0.2618,0,0
0,0,1,0,0,0,0,0,0,0.99692,0.078459,0,0,-0.2618,0,0
0,0,1,0,0,0,0,0,0,0.99712,0.075849,0,0,-0.2618,0,0
0,0,1,0,0,0,0,0,0,0.99731,0.073238,0,0,-0.2618,0,0
0,0,1,0,0,0,0,0,0,0.9975,0.070627,0,0,-0.2618,0,0
0,0,1,0,0,0,0,0,0,0.99768,0.068015,0,0,-0.2618,0,0
0,0,1,0,0,0,0,0,0,0.99786,0.065403,0,0,-0.2618,0,0
0,0,1,0,0,0,0,0,0,0.99803,0.062791,0,0,-0.2618,0,0
0,0,1,0,0,0,0,0,0,0.99819,0.060177,0,0,-0.2618,0,0
0,0,1,0,0,0,0,0,0,0.99834,0.057564,0,0,-0.2618,0,0
0,0,1,0,0,0,0,0,0,0.99849,0.05495,0,0,-0.2618,0,0
0,0,1,0,0,0,0,0,0,0.99863,0.052336,0,0,-0.2618,0,0
0,0,1,0,0,0,0,0,0,0.99876,0.049721,0,0,-0.2618,0,0
0,0,1,0,0,0,0,0,0,0.99889,0.047106,0,0,-0.2618,0,0
0,0,1,0,0,0,0,0,0,0.99901,0.044491,0,0,-0.2618,0,0
0,0,1,0,0,0,0,0,0,0.99912,0.041876,0,0,-0.2618,0,0
0,0,1,0,0,0,0,0,0,0.99923,0.03926,0,0,-0.2618,0,0
0,0,1,0,0,0,0,0,0,0.99933,0.036644,0,0,-0.2618,0,0
0,0,1,0,0,0,0,0,0,0.99942,0.034027,0,0,-0.2618,0,0
0,0,1,0,0,0,0,0,0,0.99951,0.031411,0,0,-0.2618,0,0
0,0,1,0,0,0,0,0,0,0.99959,0.028794,0,0,-0.2618,0,0
0,0,1,0,0,0,0,0,0,0.99966,0.026177,0,0,-0.2618,0,0
0,0,1,0,0,0,0,0,0,0.99972,0.02356,0,0,-0.2618,0,0
0,0,1,0,0,0,0,0,0,0.99978,0.020942,0,0,-0.2618,0,0
0,0,1,0,0,0,0,0,0,0.99983,0.018325,0,0,-0.2618,0,0
0,0,1,0,0,0,0,0,0,0.99988,0.015707,0,0,-0.2618,0,0
0,0,1,0,0,0,0,0,0,0.99991,0.01309,0,0,-0.2618,0,0
0,0,1,0,0,0,0,0,0,0.99995,0.010472,0,0,-0.2618,0,0
0,0,1,0,0,0,0,0,0,0.99997,0.0078539,0,0,-0.2618,0,0
0,0,1,0,0,0,0,0,0,0.99999,0.005236,0,0,-0.2618,0,0
0,0,1,0,0,0,0,0,0,1,0.002618,0,0,-0.2618,0,0
0,0,1,0,0,0,0,0,0,1,0,0,0,-0.2618,0,0
0,0,1,0,0,0,0,0,0,1,-0.002618,0,0,-0.2618,0,0
0,0,1,0,0,0,0,0,0,0.99999,-0.005236,0,0,-0.2618,0,0
0,0,1,0,0,0,0,0,0,0.99997,-0.0078539,0,0,-0.2618,0,0
0,0,1,0,0,0,0,0,0,0.99995,-0.010472,0,0,-0.2618,0,0
0,0,1,0,0,0,0,0,0,0.99991,-0.01309,0,0,-0.2618,0,0
0,0,1,0,0,0,0,0,0,0.99988,-0.015707,0,0,-0.2618,0,0
0,0,1,0,0,0,0,0,0,0.99983,-0.018325,0,0,-0.2618,0,0
0,0,1,0,0,0,0,0,0,0.99978,-0.020942,0,0,-0.2618,0,0
0,0,1,0,0,0,0,0,0,0.99972,-0.02356,0,0,-0.2618,0,0
0,0,1,0,0,0,0,0,0,0.99966,-0.026177,0,0,-0.2618,0,0
0,0,1,0,0,0,0,0,0,0.99959,-0.028794,0,0,-0.2618,0,0
0,0,1,0,0,0,0,0,0,0.99951,-0.031411,0,0,-0.2618,0,0
0,0,1,0,0,0,0,0,0,0.99942,-0.034027,0,0,-0.2618,0,0
0,0,1,0,0,0,0,0,0,0.99933,-0.036644,0,0,-0.2618,0,0
0,0,1,0,0,0,0,0,0,0.99923,-0.03926,0,0,-0.2618,0,0
0,0,1,0,0,0,0,0,0,0.99912,-0.041876,0,0,-0.2618,0,0
0,0,1,0,0,0,0,0,0,0.99901,-0.044491,0,0,-0.2618,0,0
0,0,1,0,0,0,0,0,0,0.99889,-0.047106,0,0,-0.2618,0,0
0,0,1,0,0,0,0,0,0,0.99876,-0.049721,0,0,-0.2618,0,0
0,0,1,0,0,0,0,0,0,0.99863,-0.052336,0,0,-0.2618,0,0
0,0,1,0,0,0,0,0,0,0.99849,-0.05495,0,0,-0.2618,0,0
0,0,1,0,0,0,0,0,0,0.99834,-0.057564,0,0,-0.2618,0,0
0,0,1,0,0,0,0,0,0,0.99819,-0.060177,0,0,-0.2618,0,0
0,0,1,0,0,0,0,0,0,0.99803,-0.062791,0,0,-0.2618,0,0
0,0,1,0,0,0,0,0,0,0.99786,-0.065403,0,0,-0.2618,0,0
0,0,1,0,0,0,0,0,0,0.99768,-0.068015,0,0,-0.2618,0,0
0,0,1,0,0,0,0,0,0,0.9975,-0.070627,0,0,-0.2618,0,0
0,0,1,0,0,0,0,0,0,0.99731,-0.073238,0,0,-0.2618,0,0
0,0,1,0,0,0,0,0,0,0.99712,-0.075849,0,0,-0.2618,0,0
0,0,1,0,0,0,0,0,0,0.99692,-0.078459,0,0,-0.2618,0,0
0,0,1,0,0,0,0,0,0,0.99671,-0.081069,0,0,-0.2618,0,0
0,0,1,0,0,0,0,0,0,0.99649,-0.083678,0,0,-0.2618,0,0
0,0,1,0,0,0,0,0,0,0.99627,-0.086286,0,0,-0.2618,0,0
0,0,1,0,0,0,0,0,0,0.99604,-0.088894,0,0,-0.2618,0,0
0,0,1,0,0,0,0,0,0,0.9958,-0.091502,0,0,-0.2618,0,0
0,0,1,0,0,0,0,0,0,0.99556,-0.094108,0,0,-0.2618,0,0
0,0,1,0,0,0,0,0,0,0.99531,-0.096714,0,0,-0.2618,0,0
0,0,1,0,0,0,0,0,0,0.99506,-0.09932,0,0,-0.2618,0,0
0,0,1,0,0,0,0,0,0,0.99479,-0.10192,0,0,-0.2618,0,0
0,0,1,0,0,0,0,0,0,0.99452,-0.10453,0,0,-0.2618,0,0
0,0,1,0,0,0,0,0,0,0.99424,-0.10713,0,0,-0.2618,0,0
0,0,1,0,0,0,0,0,0,0.99396,-0.10973,0,0,-0.2618,0,0
0,0,1,0,0,0,0,0,0,0.99367,-0.11234,0,0,-0.2618,0,0
0,0,1,0,0,0,0,0,0,0.99337,-0.11494,0,0,-0.2618,0,0
0,0,1,0,0,0,0,0,0,0.99307,-0.11754,0,0,-0.2618,0,0
0,0,1,0,0,0,0,0,0,0.99276,-0.12014,0,0,-0.2618,0,0
0,0,1,0,0,0,0,0,0,0.99244,-0.12274,0,0,-0.2618,0,0
0,0,1,0,0,0,0,0,0,0.99211,-0.12533,0,0,-0.2618,0,0
0,0,1,0,0,0,0,0,0,0.99178,-0.12793,0,0,-0.2618,0,0
0,0,1,0,0,0,0,0,0,0.99144,-0.13053,0,0,-0.2618,0,0
0,0,1,0,0,0,0,0,0,0.9911,-0.13312,0,0,-0.2618,0,0
0,0,1,0,0,0,0,0,0,0.99075,-0.13572,0,0,-0.2618,0,0
0,0,1,0,0,0,0,0,0,0.99039,-0.13831,0,0,-0.2618,0,0
0,0,1,0,0,0,0,0,0,0.99002,-0.1409,0,0,-0.2618,0,0
0,0,1,0,0,0,0,0,0,0.98965,-0.14349,0,0,-0.2618,0,0
0,0,1,0,0,0,0,0,0,0.98927,-0.14608,0,0,-0.2618,0,0
0,0,1,0,0,0,0,0,0,0.98889,-0.14867,0,0,-0.2618,0,0
0,0,1,0,0,0,0,0,0,0.98849,-0.15126,0,0,-0.2618,0,0
0,0,1,0,0,0,0,0,0,0.98809,-0.15385,0,0,-0.2618,0,0
0,0,1,0,0,0,0,0,0,0.98769,-0.15643,0,0,-0.2618,0,0
0,0,1,0,0,0,0,0,0,0.98728,-0.15902,0,0,-0.2618,0,0
0,0,1,0,0,0,0,0,0,0.98686,-0.1616,0,0,-0.2618,0,0
0,0,1,0,0,0,0,0,0,0.98643,-0.16419,0,0,-0.2618,0,0
0,0,1,0,0,0,0,0,0,0.986,-0.16677,0,0,-0.2618,0,0
0,0,1,0,0,0,0,0,0,0.98556,-0.16935,0,0,-0.2618,0,0
0,0,1,0,0,0,0,0,0,0.98511,-0.17193,0,0,-0.2618,0,0
0,0,1,0,0,0,0,0,0,0.98466,-0.17451,0,0,-0.2618,0,0
0,0,1,0,0,0,0,0,0,0.9842,-0.17708,0,0,-0.2618,0,0
0,0,1,0,0,0,0,0,0,0.98373,-0.17966,0,0,-0.2618,0,0
0,0,1,0,0,0,0,0,0,0.98325,-0.18224,0,0,-0.2618,0,0
0,0,1,0,0,0,0,0,0,0.98277,-0.18481,0,0,-0.2618,0,0
0,0,1,0,0,0,0,0,0,0.98229,-0.18738,0,0,-0.2618,0,0
0,0,1,0,0,0,0,0,0,0.98179,-0.18995,0,0,-0.2618,0,0
0,0,1,0,0,0,0,0,0,0.98129,-0.19252,0,0,-0.2618,0,0
0,0,1,0,0,0,0,0,0,0.98079,-0.19509,0,0,-0.2618,0,0
0,0,1,0,0,0,0,0,0,0.98027,-0.19766,0,0,-0.2618,0,0
0,0,1,0,0,0,0,0,0,0.97975,-0.20022,0,0,-0.2618,0,0
0,0,1,0,0,0,0,0,0,0.97922,-0.20279,0,0,-0.2618,0,0
0,0,1,0,0,0,0,0,0,0.97869,-0.20535,0,0,-0.2618,0,0
0,0,1,0,0,0,0,0,0,0.97815,-0.20791,0,0,-0.2618,0,0
0,0,1,0,0,0,0,0,0,0.9776,-0.21047,0,0,-0.2618,0,0
0,0,1,0,0,0,0,0,0,0.97705,-0.21303,0,0,-0.2618,0,0
0,0,1,0,0,0,0,0,0,0.97648,-0.21559,0,0,-0.2618,0,0
0,0,1,0,0,0,0,0,0,0.97592,-0.21814,0,0,-0.2618,0,0
0,0,1,0,0,0,0,0,0,0.97534,-0.2207,0,0,-0.2618,0,0
0,0,1,0,0,0,0,0,0,0.97476,-0.22325,0,0,-0.2618,0,0
0,0,1,0,0,0,0,0,0,0.97417,-0.2258,0,0,-0.2618,0,0
0,0,1,0,0,0,0,0,0,0.97358,-0.22835,0,0,-0.2618,0,0
0,0,1,0,0,0,0,0,0,0.97298,-0.2309,0,0,-0.2618,0,0
0,0,1,0,0,0,0,0,0,0.97237,-0.23345,0,0,-0.2618,0,0
0,0,1,0,0,0,0,0,0,0.97176,-0.23599,0,0,-0.2618,0,0
0,0,1,0,0,0,0,0,0,0.97113,-0.23853,0,0,-0.2618,0,0
0,0,1,0,0,0,0,0,0,0.97051,-0.24108,0,0,-0.2618,0,0
0,0,1,0,0,0,0,0,0,0.96987,-0.24362,0,0,-0.2618,0,0
0,0,1,0,0,0,0,0,0,0.96923,-0.24615,0,0,-0.2618,0,0
0,0,1,0,0,0,0,0,0,0.96858,-0.24869,0,0,-0.2618,0,0
0,0,1,0,0,0,0,0,0,0.96793,-0.25122,0,0,-0.2618,0,0
0,0,1,0,0,0,0,0,0,0.96727,-0.25376,0,0,-0.2618,0,0
0,0,1,0,0,0,0,0,0,0.9666,-0.25629,0,0,-0.2618,0,0
0,0,1,0,0,0,0,0,0,0.96593,-0.25882,0,0,-0.2618,0,0
0,0,1,0,0,0,0,0,0,0.96524,-0.26135,0,0,-0.2618,0,0
0,0,1,0,0,0,0,0,0,0.96456,-0.26387,0,0,-0.2618,0,0
0,0,1,0,0,0,0,0,0,0.96386,-0.2664,0,0,-0.2618,0,0
0,0,1,0,0,0,0,0,0,0.96316,-0.26892,0,0,-0.2618,0,0
0,0,1,0,0,0,0,0,0,0.96246,-0.27144,0,0,-0.2618,0,0
0,0,1,0,0,0,0,0,0,0.96174,-0.27396,0,0,-0.2618,0,0
0,0,1,0,0,0,0,0,0,0.96102,-0.27648,0,0,-0.2618,0,0
0,0,1,0,0,0,0,0,0,0.96029,-0.27899,0,0,-0.2618,0,0
0,0,1,0,0,0,0,0,0,0.95956,-0.2815,0,0,-0.2618,0,0
0,0,1,0,0,0,0,0,0,0.95882,-0.28402,0,0,-0.2618,0,0
0,0,1,0,0,0,0,0,0,0.95807,-0.28652,0,0,-0.2618,0,0
0,0,1,0,0,0,0,0,0,0.95732,-0.28903,0,0,-0.2618,0,0
0,0,1,0,0,0,0,0,0,0.95656,-0.29154,0,0,-0.2618,0,0
0,0,1,0,0,0,0,0,0,0.95579,-0.29404,0,0,-0.2618,0,0
0,0,1,0,0,0,0,0,0,0.95502,-0.29654,0,0,-0.2618,0,0
0,0,1,0,0,0,0,0,0,0.95424,-0.29904,0,0,-0.2618,0,0
0,0,1,0,0,0,0,0,0,0.95345,-0.30154,0,0,-0.2618,0,0
0,0,1,0,0,0,0,0,0,0.95266,-0.30403,0,0,-0.2618,0,0
0,0,1,0,0,0,0,0,0,0.95186,-0.30653,0,0,-0.2618,0,0
0,0,1,0,0,0,0,0,0,0.95106,-0.30902,0,0,-0.2618,0,0
0,0,1,0,0,0,0,0,0,0.95024,-0.31151,0,0,-0.2618,0,0
0,0,1,0,0,0,0,0,0,0.94943,-0.31399,0,0,-0.2618,0,0
0,0,1,0,0,0,0,0,0,0.9486,-0.31648,0,0,-0.2618,0,0
0,0,1,0,0,0,0,0,0,0.94777,-0.31896,0,0,-0.2618,0,0
0,0,1,0,0,0,0,0,0,0.94693,-0.32144,0,0,-0.2618,0,0
0,0,1,0,0,0,0,0,0,0.94609,-0.32392,0,0,-0.2618,0,0
0,0,1,0,0,0,0,0,0,0.94523,-0.32639,0,0,-0.2618,0,0
0,0,1,0,0,0,0,0,0,0.94438,-0.32887,0,0,-0.2618,0,0
0,0,1,0,0,0,0,0,0,0.94351,-0.33134,0,0,-0.2618,0,0
0,0,1,0,0,0,0,0,0,0.94264,-0.33381,0,0,-0.2618,0,0
0,0,1,0,0,0,0,0,0,0.94176,-0.33627,0,0,-0.2618,0,0
0,0,1,0,0,0,0,0,0,0.94088,-0.33874,0,0,-0.2618,0,0
0,0,1,0,0,0,0,0,0,0.93999,-0.3412,0,0,-0.2618,0,0
0,0,1,0,0,0,0,0,0,0.93909,-0.34366,0,0,-0.2618,0,0
0,0,1,0,0,0,0,0,0,0.93819,-0.34612,0,0,-0.2618,0,0
0,0,1,0,0,0,0,0,0,0.93728,-0.34857,0,0,-0.2618,0,0
0,0,1,0,0,0,0,0,0,0.93637,-0.35102,0,0,-0.2618,0,0
0,0,1,0,0,0,0,0,0,0.93544,-0.35347,0,0,-0.2618,0,0
0,0,1,0,0,0,0,0,0,0.93452,-0.35592,0,0,-0.2618,0,0
0,0,1,0,0,0,0,0,0,0.93358,-0.35837,0,0,-0.2618,0,0
0,0,1,0,0,0,0,0,0,0.93264,-0.36081,0,0,-0.2618,0,0
0,0,1,0,0,0,0,0,0,0.93169,-0.36325,0,0,-0.2618,0,0
0,0,1,0,0,0,0,0,0,0.93074,-0.36569,0,0,-0.2618,0,0
0,0,1,0,0,0,0,0,0,0.92978,-0.36812,0,0,-0.2618,0,0
0,0,1,0,0,0,0,0,0,0.92881,-0.37056,0,0,-0.2618,0,0
0,0,1,0,0,0,0,0,0,0.92784,-0.37299,0,0,-0.2618,0,0
0,0,1,0,0,0,0,0,0,0.92686,-0.37542,0,0,-0.2618,0,0
0,0,1,0,0,0,0,0,0,0.92587,-0.37784,0,0,-0.2618,0,0
0,0,1,0,0,0,0,0,0,0.92488,-0.38026,0,0,-0.2618,0,0
0,0,1,0,0,0,0,0,0,0.92488,-0.38026,0,0,0,0,0
0,0,1,0,0,0,0,0,0,0.92488,-0.38026,0,0,0,0,0
0,0,1,0,0,0,0,0,0,0.92488,-0.38026,0,0,0,0,0
0,0,1,0,0,0,0,0,0,0.92488,-0.38026,0,0,0,0,0
0,0,1,0,0,0,0,0,0,0.92488,-0.38026,0,0,0,0,0
0,0,1,0,0,0,0,0,0,0.92488,-0.38026,0,0,0,0,0
0,0,1,0,0,0,0,0,0,0.92488,-0.38026,0,0,0,0,0
0,0,1,0,0,0,0,0,0,0.92488,-0.38026,0,0,0,0,0
0,0,1,0,0,0,0,0,0,0.92488,-0.38026,0,0,0,0,0
0,0,1,0,0,0,0,0,0,0.92488,-0.38026,0,0,0,0,0
0,0,1,0,0,0,0,0,0,0.92488,-0.38026,0,0,0,0,0
0,0,1,0,0,0,0,0,0,0.92488,-0.38026,0,0,0,0,0
0,0,1,0,0,0,0,0,0,0.92488,-0.38026,0,0,0,0,0
0,0,1,0,0,0,0,0,0,0.92488,-0.38026,0,0,0,0,0
0,0,1,0,0,0,0,0,0,0.92488,-0.38026,0,0,0,0,0
0,0,1,0,0,0,0,0,0,0.92488,-0.38026,0,0,0,0,0
0,0,1,0,0,0,0,0,0,0.92488,-0.38026,0,0,0,0,0
0,0,1,0,0,0,0,0,0,0.92488,-0.38026,0,0,0,0,0
0,0,1,0,0,0,0,0,0,0.92488,-0.38026,0,0,0,0,0
0,0,1,0,0,0,0,0,0,0.92488,-0.38026,0,0,0,0,0
0,0,1,0,0,0,0,0,0,0.92488,-0.38026,0,0,0,0,0
0,0,1,0,0,0,0,0,0,0.92488,-0.38026,0,0,0,0,0
0,0,1,0,0,0,0,0,0,0.92488,-0.38026,0,0,0,0,0
0,0,1,0,0,0,0,0,0,0.92488,-0.38026,0,0,0,0,0
0,0,1,0,0,0,0,0,0,0.92488,-0.38026,0,0,0,0,0
0,0,1,0,0,0,0,0,0,0.92488,-0.38026,0,0,0,0,0
0,0,1,0,0,0,0,0,0,0.92488,-0.38026,0,0,0,0,0
0,0,1,0,0,0,0,0,0,0.92488,-0.38026,0,0,0,0,0
0,0,1,0,0,0,0,0,0,0.92488,-0.38026,0,0,0,0,0
0,0,1,0,0,0,0,0,0,0.92488,-0.38026,0,0,0,0,0
0,0,1,0,0,0,0,0,0,0.92488,-0.38026,0,0,0,0,0
0,0,1,0,0,0,0,0,0,0.92488,-0.38026,0,0,0,0,0
0,0,1,0,0,0,0,0,0,0.92488,-0.38026,0,0,0,0,0
0,0,1,0,0,0,0,0,0,0.92488,-0.38026,0,0,0,0,0
0,0,1,0,0,0,0,0,0,0.92488,-0.38026,0,0,0,0,0
0,0,1,0,0,0,0,0,0,0.92488,-0.38026,0,0,0,0,0
0,0,1,0,0,0,0,0,0,0.92488,-0.38026,0,0,0,0,0
0,0,1,0,0,0,0,0,0,0.92488,-0.38026,0,0,0,0,0
0,0,1,0,0,0,0,0,0,0.92488,-0.38026,0,0,0,0,0
0,0,1,0,0,0,0,0,0,0.92488,-0.38026,0,0,0,0,0
0,0,1,0,0,0,0,0,0,0.92488,-0.38026,0,0,0,0,0
0,0,1,0,0,0,0,0,0,0.92488,-0.38026,0,0,0,0,0
0,0,1,0,0,0,0,0,0,0.92488,-0.38026,0,0,0,0,0
0,0,1,0,0,0,0,0,0,0.92488,-0.38026,0,0,0,0,0
0,0,1,0,0,0,0,0,0,0.92488,-0.38026,0,0,0,0,0
0,0,1,0,0,0,0,0,0,0.92488,-0.38026,0,0,0,0,0
0,0,1,0,0,0,0,0,0,0.92488,-0.38026,0,0,0,0,0
0,0,1,0,0,0,0,0,0,0.92488,-0.38026,0,0,0,0,0
0,0,1,0,0,0,0,0,0,0.92488,-0.38026,0,0,0,0,0
0,0,1,0,0,0,0,0,0,0.92488,-0.38026,0,0,0,0,0
0,0,1,0,0,0,0,0,0,0.92488,-0.38026,0,0,0,0,0
0,0,1,0,0,0,0,0,0,0.92488,-0.38026,0,0,0,0,0
0,0,1,0,0,0,0,0,0,0.92488,-0.38026,0,0,0,0,0
0,0,1,0,0,0,0,0,0,0.92488,-0.38026,0,0,0,0,0
0,0,1,0,0,0,0,0,0,0.92488,-0.38026,0,0,0,0,0
0,0,1,0,0,0,0,0,0,0.92488,-0.38026,0,0,0,0,0
0,0,1,0,0,0,0,0,0,0.92488,-0.38026,0,0,0,0,0
0,0,1,0,0,0,0,0,0,0.92488,-0.38026,0,0,0,0,0
0,0,1,0,0,0,0,0,0,0.92488,-0.38026,0,0,0,0,0
0,0,1,0,0,0,0,0,0,0.92488,-0.38026,0,0,0,0,0
0,0,1,0,0,0,0,0,0,0.92488,-0.38026,0,0,0,0,0
0,0,1,0,0,0,0,0,0,0.92488,-0.38026,0,0,0,0,0
0,0,1,0,0,0,0,0,0,0.92488,-0.38026,0,0,0,0,0
0,0,1,0,0,0,0,0,0,0.92488,-0.38026,0,0,0,0,0
0,0,1,0,0,0,0,0,0,0.92488,-0.38026,0,0,0,0,0
0,0,1,0,0,0,0,0,0,0.92488,-0.38026,0,0,0,0,0
0,0,1,0,0,0,0,0,0,0.92488,-0.38026,0,0,0,0,0
0,0,1,0,0,0,0,0,0,0.92488,-0.38026,0,0,0,0,0
0,0,1,0,0,0,0,0,0,0.92488,-0.38026,0,0,0,0,0
0,0,1,0,0,0,0,0,0,0.92488,-0.38026,0,0,0,0,0
0,0,1,0,0,0,0,0,0,0.92488,-0.38026,0,0,0,0,0
0,0,1,0,0,0,0,0,0,0.92488,-0.38026,0,0,0,0,0
0,0,1,0,0,0,0,0,0,0.92488,-0.38026,0,0,0,0,0
0,0,1,0,0,0,0,0,0,0.92488,-0.38026,0,0,0,0,0
0,0,1,0,0,0,0,0,0,0.92488,-0.38026,0,0,0,0,0
0,0,1,0,0,0,0,0,0,0.92488,-0.38026,0,0,0,0,0
0,0,1,0,0,0,0,0,0,0.92488,-0.38026,0,0,0,0,0
0,0,1,0,0,0,0,0,0,0.92488,-0.38026,0,0,0,0,0
0,0,1,0,0,0,0,0,0,0.92488,-0.38026,0,0,0,0,0
0,0,1,0,0,0,0,0,0,0.92488,-0.38026,0,0,0,0,0
0,0,1,0,0,0,0,0,0,0.92488,-0.38026,0,0,0,0,0
0,0,1,0,0,0,0,0,0,0.92488,-0.38026,0,0,0,0,0
0,0,1,0,0,0,0,0,0,0.92488,-0.38026,0,0,0,0,0
0,0,1,0,0,0,0,0,0,0.92488,-0.38026,0,0,0,0,0
0,0,1,0,0,0,0,0,0,0.92488,-0.38026,0,0,0,0,0
0,0,1,0,0,0,0,0,0,0.92488,-0.38026,0,0,0,0,0
0,0,1,0,0,0,0,0,0,0.92488,-0.38026,0,0,0,0,0
0,0,1,0,0,0,0,0,0,0.92488,-0.38026,0,0,0,0,0
0,0,1,0,0,0,0,0,0,0.92488,-0.38026,0,0,0,0,0
0,0,1,0,0,0,0,0,0,0.92488,-0.38026,0,0,0,0,0
0,0,1,0,0,0,0,0,0,0.92488,-0.38026,0,0,0,0,0
0,0,1,0,0,0,0,0,0,0.92488,-0.38026,0,0,0,0,0
0,0,1,0,0,0,0,0,0,0.92488,-0.38026,0,0,0,0,0
0,0,1,0,0,0,0,0,0,0.92488,-0.38026,0,0,0,0,0
0,0,1,0,0,0,0,0,0,0.92488,-0.38026,0,0,0,0,0
0,0,1,0,0,0,0,0,0,0.92488,-0.38026,0,0,0,0,0
0,0,1,0,0,0,0,0,0,0.92488,-0.38026,0,0,0,0,0
0,0,1,0,0,0,0,0,0,0.92488,-0.38026,0,0,0,0,0
0,0,1,0,0,0,0,0,0,0.92488,-0.38026,0,0,0,0,0
0,0,1,0,0,0,0,0,0,0.92488,-0.38026,0,0,0,0,0
0,0,1,0,0,0,0,0,0,0.92488,-0.38026,0,0,0,0,0
0,0,1,0,0,0,0,0,0,0.92488,-0.38026,0,0,0,0,0
0,0,1,0,0,0,0,0,0,0.92488,-0.38026,0,0,0,0,0
0,0,1,0,0,0,0,0,0,0.92488,-0.38026,0,0,0,0,0
0,0,1,0,0,0,0,0,0,0.92488,-0.38026,0,0,0,0,0
0,0,1,0,0,0,0,0,0,0.92488,-0.38026,0,0,0,0,0
0,0,1,0,0,0,0,0,0,0.92488,-0.38026,0,0,0,0,0
0,0,1,0,0,0,0,0,0,0.92488,-0.38026,0,0,0,0,0
0,0,1,0,0,0,0,0,0,0.92488,-0.38026,0,0,0,0,0
0,0,1,0,0,0,0,0,0,0.92488,-0.38026,0,0,0,0,0
0,0,1,0,0,0,0,0,0,0.92488,-0.38026,0,0,0,0,0
0,0,1,0,0,0,0,0,0,0.92488,-0.38026,0,0,0,0,0
0,0,1,0,0,0,0,0,0,0.92488,-0.38026,0,0,0,0,0
0,0,1,0,0,0,0,0,0,0.92488,-0.38026,0,0,0,0,0
0,0,1,0,0,0,0,0,0,0.92488,-0.38026,0,0,0,0,0
0,0,1,0,0,0,0,0,0,0.92488,-0.38026,0,0,0,0,0
0,0,1,0,0,0,0,0,0,0.92488,-0.38026,0,0,0,0,0
0,0,1,0,0,0,0,0,0,0.92488,-0.38026,0,0,0,0,0
0,0,1,0,0,0,0,0,0,0.92488,-0.38026,0,0,0,0,0
0,0,1,0,0,0,0,0,0,0.92488,-0.38026,0,0,0,0,0
0,0,1,0,0,0,0,0,0,0.92488,-0.38026,0,0,0,0,0
0,0,1,0,0,0,0,0,0,0.92488,-0.38026,0,0,0,0,0
0,0,1,0,0,0,0,0,0,0.92488,-0.38026,0,0,0,0,0
0,0,1,0,0,0,0,0,0,0.92488,-0.38026,0,0,0,0,0
0,0,1,0,0,0,0,0,0,0.92488,-0.38026,0,0,0,0,0
0,0,1,0,0,0,0,0,0,0.92488,-0.38026,0,0,0,0,0
0,0,1,0,0,0,0,0,0,0.92488,-0.38026,0,0,0,0,0
0,0,1,0,0,0,0,0,0,0.92488,-0.38026,0,0,0,0,0
0,0,1,0,0,0,0,0,0,0.92488,-0.38026,0,0,0,0,0
0,0,1,0,0,0,0,0,0,0.92488,-0.38026,0,0,0,0,0
0,0,1,0,0,0,0,0,0,0.92488,-0.38026,0,0,0,0,0
0,0,1,0,0,0,0,0,0,0.92488,-0.38026,0,0,0,0,0
0,0,1,0,0,0,0,0,0,0.92488,-0.38026,0,0,0,0,0
0,0,1,0,0,0,0,0,0,0.92488,-0.38026,0,0,0,0,0
0,0,1,0,0,0,0,0,0,0.92488,-0.38026,0,0,0,0,0
0,0,1,0,0,0,0,0,0,0.92488,-0.38026,0,0,0,0,0
0,0,1,0,0,0,0,0,0,0.92488,-0.38026,0,0,0,0,0
0,0,1,0,0,0,0,0,0,0.92488,-0.38026,0,0,0,0,0
0,0,1,0,0,0,0,0,0,0.92488,-0.38026,0,0,0,0,0
0,0,1,0,0,0,0,0,0,0.92488,-0.38026,0,0,0,0,0
0,0,1,0,0,0,0,0,0,0.92488,-0.38026,0,0,0,0,0
0,0,1,0,0,0,0,0,0,0.92488,-0.38026,0,0,0,0,0
0,0,1,0,0,0,0,0,0,0.92488,-0.38026,0,0,0,0,0
0,0,1,0,0,0,0,0,0,0.92488,-0.38026,0,0,0,0,0
0,0,1,0,0,0,0,0,0,0.92488,-0.38026,0,0,0,0,0
0,0,1,0,0,0,0,0,0,0.92488,-0.38026,0,0,0,0,0
0,0,1,0,0,0,0,0,0,0.92488,-0.38026,0,0,0,0,0
0,0,1,0,0,0,0,0,0,0.92488,-0.38026,0,0,0,0,0
0,0,1,0,0,0,0,0,0,0.92488,-0.38026,0,0,0,0,0
0,0,1,0,0,0,0,0,0,0.92488,-0.38026,0,0,0,0,0
0,0,1,0,0,0,0,0,0,0.92488,-0.38026,0,0,0,0,0
0,0,1,0,0,0,0,0,0,0.92488,-0.38026,0,0,0,0,0
0,0,1,0,0,0,0,0,0,0.92488,-0.38026,0,0,0,0,0
0,0,1,0,0,0,0,0,0,0.92488,-0.38026,0,0,0,0,0
0,0,1,0,0,0,0,0,0,0.92488,-0.38026,0,0,0,0,0
0,0,1,0,0,0,0,0,0,0.92488,-0.38026,0,0,0,0,0
0,0,1,0,0,0,0,0,0,0.92488,-0.38026,0,0,0,0,0
0,0,1,0,0,0,0,0,0,0.92488,-0.38026,0,0,0,0,0
0,0,1,0,0,0,0,0,0,0.92488,-0.38026,0,0,0,0,0
0,0,1,0,0,0,0,0,0,0.92488,-0.38026,0,0,0,0,0
0,0,1,0,0,0,0,0,0,0.92488,-0.38026,0,0,0,0,0
0,0,1,0,0,0,0,0,0,0.92488,-0.38026,0,0,0,0,0
0,0,1,0,0,0,0,0,0,0.92488,-0.38026,0,0,0,0,0
0,0,1,0,0,0,0,0,0,0.92488,-0.38026,0,0,0,0,0
0,0,1,0,0,0,0,0,0,0.92488,-0.38026,0,0,0,0,0
0,0,1,0,0,0,0,0,0,0.92488,-0.38026,0,0,0,0,0
0,0,1,0,0,0,0,0,0,0.92488,-0.38026,0,0,0,0,0
0,0,1,0,0,0,0,0,0,0.92488,-0.38026,0,0,0,0,0
0,0,1,0,0,0,0,0,0,0.92488,-0.38026,0,0,0,0,0
0,0,1,0,0,0,0,0,0,0.92488,-0.38026,0,0,0,0,0
0,0,1,0,0,0,0,0,0,0.92488,-0.38026,0,0,0,0,0
0,0,1,0,0,0,0,0,0,0.92488,-0.38026,0,0,0,0,0
0,0,1,0,0,0,0,0,0,0.92488,-0.38026,0,0,0,0,0
0,0,1,0,0,0,0,0,0,0.92488,-0.38026,0,0,0,0,0
0,0,1,0,0,0,0,0,0,0.92488,-0.38026,0,0,0,0,0
0,0,1,0,0,0,0,0,0,0.92488,-0.38026,0,0,0,0,0
0,0,1,0,0,0,0,0,0,0.92488,-0.38026,0,0,0,0,0
0,0,1,0,0,0,0,0,0,0.92488,-0.38026,0,0,0,0,0
0,0,1,0,0,0,0,0,0,0.92488,-0.38026,0,0,0,0,0
0,0,1,0,0,0,0,0,0,0.92488,-0.38026,0,0,0,0,0
0,0,1,0,0,0,0,0,0,0.92488,-0.38026,0,0,0,0,0
0,0,1,0,0,0,0,0,0,0.92488,-0.38026,0,0,0,0,0
0,0,1,0,0,0,0,0,0,0.92488,-0.38026,0,0,0,0,0
0,0,1,0,0,0,0,0,0,0.92488,-0.38026,0,0,0,0,0
0,0,1,0,0,0,0,0,0,0.92488,-0.38026,0,0,0,0,0
0,0,1,0,0,0,0,0,0,0.92488,-0.38026,0,0,0,0,0
0,0,1,0,0,0,0,0,0,0.92488,-0.38026,0,0,0,0,0
0,0,1,0,0,0,0,0,0,0.92488,-0.38026,0,0,0,0,0
0,0,1,0,0,0,0,0,0,0.92488,-0.38026,0,0,0,0,0
0,0,1,0,0,0,0,0,0,0.92488,-0.38026,0,0,0,0,0
0,0,1,0,0,0,0,0,0,0.92488,-0.38026,0,0,0,0,0
0,0,1,0,0,0,0,0,0,0.92488,-0.38026,0,0,0,0,0
0,0,1,0,0,0,0,0,0,0.92488,-0.38026,0,0,0,0,0
0,0,1,0,0,0,0,0,0,0.92488,-0.38026,0,0,0,0,0
0,0,1,0,0,0,0,0,0,0.92488,-0.38026,0,0,0,0,0
0,0,1,0,0,0,0,0,0,0.92488,-0.38026,0,0,0,0,0
0,0,1,0,0,0,0,0,0,0.92488,-0.38026,0,0,0,0,0
0,0,1,0,0,0,0,0,0,0.92488,-0.38026,0,0,0,0,0
0,0,1,0,0,0,0,0,0,0.92488,-0.38026,0,0,0,0,0
0,0,1,0,0,0,0,0,0,0.92488,-0.38026,0,0,0,0,0
0,0,1,0,0,0,0,0,0,0.92488,-0.38026,0,0,0,0,0
0,0,1,0,0,0,0,0,0,0.92488,-0.38026,0,0,0,0,0
0,0,1,0,0,0,0,0,0,0.92488,-0.38026,0,0,0,0,0
0,0,1,0,0,0,0,0,0,0.92488,-0.38026,0,0,0,0,0
0,0,1,0,0,0,0,0,0,0.92488,-0.38026,0,0,0,0,0
0,0,1,0,0,0,0,0,0,0.92488,-0.38026,0,0,0,0,0
0,0,1,0,0,0,0,0,0,0.92488,-0.38026,0,0,0,0,0
0,0,1,0,0,0,0,0,0,0.92488,-0.38026,0,0,0,0,0
0,0,1,0,0,0,0,0,0,0.92488,-0.38026,0,0,0,0,0
0,0,1,0,0,0,0,0,0,0.92488,-0.38026,0,0,0,0,0
0,0,1,0,0,0,0,0,0,0.92488,-0.38026,0,0,0,0,0
0,0,1,0,0,0,0,0,0,0.92488,-0.38026,0,0,0,0,0
0,0,1,0,0,0,0,0,0,0.92488,-0.38026,0,0,0,0,0
0,0,1,0,0,0,0,0,0,0.92488,-0.38026,0,0,0,0,0
0,0,1,0,0,0,0,0,0,0.92488,-0.38026,0,0,0,0,0
0,0,1,0,0,0,0,0,0,0.92488,-0.38026,0,0,0,0,0
0,0,1,0,0,0,0,0,0,0.92488,-0.38026,0,0,0,0,0
0,0,1,0,0,0,0,0,0,0.92488,-0.38026,0,0,0,0,0
0,0,1,0,0,0,0,0,0,0.92488,-0.38026,0,0,0,0,0
0,0,1,0,0,0,0,0,0,0.92488,-0.38026,0,0,0,0,0
0,0,1,0,0,0,0,0,0,0.92488,-0.38026,0,0,0,0,0
0,0,1,0,0,0,0,0,0,0.92488,-0.38026,0,0,0,0,0
0,0,1,0,0,0,0,0,0,0.92488,-0.38026,0,0,0,0,0
0,0,1,0,0,0,0,0,0,0.92488,-0.38026,0,0,0,0,0
0,0,1,0,0,0,0,0,0,0.92488,-0.38026,0,0,0,0,0
0,0,1,0,0,0,0,0,0,0.92488,-0.38026,0,0,0,0,0
0,0,1,0,0,0,0,0,0,0.92488,-0.38026,0,0,0,0,0
0,0,1,0,0,0,0,0,0,0.92488,-0.38026,0,0,0,0,0
0,0,1,0,0,0,0,0,0,0.92488,-0.38026,0,0,0,0,0
0,0,1,0,0,0,0,0,0,0.92488,-0.38026,0,0,0,0,0
0,0,1,0,0,0,0,0,0,0.92488,-0.38026,0,0,0,0,0
0,0,1,0,0,0,0,0,0,0.92488,-0.38026,0,0,0,0,0
0,0,1,0,0,0,0,0,0,0.92488,-0.38026,0,0,0,0,0
0,0,1,0,0,0,0,0,0,0.92488,-0.38026,0,0,0,0,0
0,0,1,0,0,0,0,0,0,0.92488,-0.38026,0,0,0,0,0
0,0,1,0,0,0,0,0,0,0.92488,-0.38026,0,0,0,0,0
0,0,1,0,0,0,0,0,0,0.92488,-0.38026,0,0,0,0,0
0,0,1,0,0,0,0,0,0,0.92488,-0.38026,0,0,0,0,0
0,0,1,0,0,0,0,0,0,0.92488,-0.38026,0,0,0,0,0
0,0,1,0,0,0,0,0,0,0.92488,-0.38026,0,0,0,0,0
0,0,1,0,0,0,0,0,0,0.92488,-0.38026,0,0,0,0,0
0,0,1,0,0,0,0,0,0,0.92488,-0.38026,0,0,0,0,0
0,0,1,0,0,0,0,0,0,0.92488,-0.38026,0,0,0,0,0
0,0,1,0,0,0,0,0,0,0.92488,-0.38026,0,0,0,0,0
0,0,1,0,0,0,0,0,0,0.92488,-0.38026,0,0,0,0,0
0,0,1,0,0,0,0,0,0,0.92488,-0.38026,0,0,0,0,0
0,0,1,0,0,0,0,0,0,0.92488,-0.38026,0,0,0,0,0
0,0,1,0,0,0,0,0,0,0.92488,-0.38026,0,0,0,0,0
0,0,1,0,0,0,0,0,0,0.92488,-0.38026,0,0,0,0,0
0,0,1,0,0,0,0,0,0,0.92488,-0.38026,0,0,0,0,0
0,0,1,0,0,0,0,0,0,0.92488,-0.38026,0,0,0,0,0
0,0,1,0,0,0,0,0,0,0.92488,-0.38026,0,0,0,0,0
0,0,1,0,0,0,0,0,0,0.92488,-0.38026,0,0,0,0,0
0,0,1,0,0,0,0,0,0,0.92488,-0.38026,0,0,0,0,0
0,0,1,0,0,0,0,0,0,0.92488,-0.38026,0,0,0,0,0
0,0,1,0,0,0,0,0,0,0.92488,-0.38026,0,0,0,0,0
0,0,1,0,0,0,0,0,0,0.92488,-0.38026,0,0,0,0,0
0,0,1,0,0,0,0,0,0,0.92488,-0.38026,0,0,0,0,0
0,0,1,0,0,0,0,0,0,0.92488,-0.38026,0,0,0,0,0
0,0,1,0,0,0,0,0,0,0.92488,-0.38026,0,0,0,0,0
0,0,1,0,0,0,0,0,0,0.92488,-0.38026,0,0,0,0,0
0,0,1,0,0,0,0,0,0,0.92488,-0.38026,0,0,0,0,0
0,0,1,0,0,0,0,0,0,0.92488,-0.38026,0,0,0,0,0
0,0,1,0,0,0,0,0,0,0.92488,-0.38026,0,0,0,0,0
0,0,1,0,0,0,0,0,0,0.92488,-0.38026,0,0,0,0,0
0,0,1,0,0,0,0,0,0,0.92488,-0.38026,0,0,0,0,0
0,0,1,0,0,0,0,0,0,0.92488,-0.38026,0,0,0,0,0
0,0,1,0,0,0,0,0,0,0.92488,-0.38026,0,0,0,0,0
0,0,1,0,0,0,0,0,0,0.92488,-0.38026,0,0,0,0,0
0,0,1,0,0,0,0,0,0,0.92488,-0.38026,0,0,0,0,0
0,0,1,0,0,0,0,0,0,0.92488,-0.38026,0,0,0,0,0
0,0,1,0,0,0,0,0,0,0.92488,-0.38026,0,0,0,0,0
0,0,1,0,0,0,0,0,0,0.92488,-0.38026,0,0,0,0,0
0,0,1,0,0,0,0,0,0,0.92488,-0.38026,0,0,0,0,0
0,0,1,0,0,0,0,0,0,0.92488,-0.38026,0,0,0,0,0
0,0,1,0,0,0,0,0,0,0.92488,-0.38026,0,0,0,0,0
0,0,1,0,0,0,0,0,0,0.92488,-0.38026,0,0,0,0,0
0,0,1,0,0,0,0,0,0,0.92488,-0.38026,0,0,0,0,0
0,0,1,0,0,0,0,0,0,0.92488,-0.38026,0,0,0,0,0
0,0,1,0,0,0,0,0,0,0.92488,-0.38026,0,0,0,0,0
0,0,1,0,0,0,0,0,0,0.92488,-0.38026,0,0,0,0,0
0,0,1,0,0,0,0,0,0,0.92488,-0.38026,0,0,0,0,0
0,0,1,0,0,0,0,0,0,0.92488,-0.38026,0,0,0,0,0
0,0,1,0,0,0,0,0,0,0.92488,-0.38026,0,0,0,0,0
0,0,1,0,0,0,0,0,0,0.92488,-0.38026,0,0,0,0,0
0,0,1,0,0,0,0,0,0,0.92488,-0.38026,0,0,0,0,0
0,0,1,0,0,0,0,0,0,0.92488,-0.38026,0,0,0,0,0
0,0,1,0,0,0,0,0,0,0.92488,-0.38026,0,0,0,0,0
0,0,1,0,0,0,0,0,0,0.92488,-0.38026,0,0,0,0,0
0,0,1,0,0,0,0,0,0,0.92488,-0.38026,0,0,0,0,0
0,0,1,0,0,0,0,0,0,0.92488,-0.38026,0,0,0,0,0
0,0,1,0,0,0,0,0,0,0.92488,-0.38026,0,0,0,0,0
0,0,1,0,0,0,0,0,0,0.92488,-0.38026,0,0,0,0,0
0,0,1,0,0,0,0,0,0,0.92488,-0.38026,0,0,0,0,0
0,0,1,0,0,0,0,0,0,0.92488,-0.38026,0,0,0,0,0
0,0,1,0,0,0,0,0,0,0.92488,-0.38026,0,0,0,0,0
0,0,1,0,0,0,0,0,0,0.92488,-0.38026,0,0,0,0,0
0,0,1,0,0,0,0,0,0,0.92488,-0.38026,0,0,0,0,0
0,0,1,0,0,0,0,0,0,0.92488,-0.38026,0,0,0,0,0
0,0,1,0,0,0,0,0,0,0.92488,-0.38026,0,0,0,0,0
0,0,1,0,0,0,0,0,0,0.92488,-0.38026,0,0,0,0,0
0,0,1,0,0,0,0,0,0,0.92488,-0.38026,0,0,0,0,0
0,0,1,0,0,0,0,0,0,0.92488,-0.38026,0,0,0,0,0
0,0,1,0,0,0,0,0,0,0.92488,-0.38026,0,0,0,0,0
0,0,1,0,0,0,0,0,0,0.92488,-0.38026,0,0,0,0,0
0,0,1,0,0,0,0,0,0,0.92488,-0.38026,0,0,0,0,0
0,0,1,0,0,0,0,0,0,0.92488,-0.38026,0,0,0,0,0
0,0,1,0,0,0,0,0,0,0.92488,-0.38026,0,0,0,0,0
0,0,1,0,0,0,0,0,0,0.92488,-0.38026,0,0,0,0,0
0,0,1,0,0,0,0,0,0,0.92488,-0.38026,0,0,0,0,0
0,0,1,0,0,0,0,0,0,0.92488,-0.38026,0,0,0,0,0
0,0,1,0,0,0,0,0,0,0.92488,-0.38026,0,0,0,0,0
0,0,1,0,0,0,0,0,0,0.92488,-0.38026,0,0,0,0,0
0,0,1,0,0,0,0,0,0,0.92488,-0.38026,0,0,0,0,0
0,0,1,0,0,0,0,0,0,0.92488,-0.38026,0,0,0,0,0
0,0,1,0,0,0,0,0,0,0.92488,-0.38026,0,0,0,0,0
0,0,1,0,0,0,0,0,0,0.92488,-0.38026,0,0,0,0,0
0,0,1,0,0,0,0,0,0,0.92488,-0.38026,0,0,0,0,0
0,0,1,0,0,0,0,0,0,0.92488,-0.38026,0,0,0,0,0
0,0,1,0,0,0,0,0,0,0.92488,-0.38026,0,0,0,0,0
0,0,1,0,0,0,0,0,0,0.92488,-0.38026,0,0,0,0,0
0,0,1,0,0,0,0,0,0,0.92488,-0.38026,0,0,0,0,0
0,0,1,0,0,0,0,0,0,0.92488,-0.38026,0,0,0,0,0
0,0,1,0,0,0,0,0,0,0.92488,-0.38026,0,0,0,0,0
0,0,1,0,0,0,0,0,0,0.92488,-0.38026,0,0,0,0,0
0,0,1,0,0,0,0,0,0,0.92488,-0.38026,0,0,0,0,0
0,0,1,0,0,0,0,0,0,0.92488,-0.38026,0,0,0,0,0
0,0,1,0,0,0,0,0,0,0.92488,-0.38026,0,0,0,0,0
0,0,1,0,0,0,0,0,0,0.92488,-0.38026,0,0,0,0,0
0,0,1,0,0,0,0,0,0,0.92488,-0.38026,0,0,0,0,0
0,0,1,0,0,0,0,0,0,0.92488,-0.38026,0,0,0,0,0
0,0,1,0,0,0,0,0,0,0.92488,-0.38026,0,0,0,0,0
0,0,1,0,0,0,0,0,0,0.92488,-0.38026,0,0,0,0,0
0,0,1,0,0,0,0,0,0,0.92488,-0.38026,0,0,0,0,0
0,0,1,0,0,0,0,0,0,0.92488,-0.38026,0,0,0,0,0
0,0,1,0,0,0,0,0,0,0.92488,-0.38026,0,0,0,0,0
0,0,1,0,0,0,0,0,0,0.92488,-0.38026,0,0,0,0,0
0,0,1,0,0,0,0,0,0,0.92488,-0.38026,0,0,0,0,0
0,0,1,0,0,0,0,0,0,0.92488,-0.38026,0,0,0,0,0
0,0,1,0,0,0,0,0,0,0.92488,-0.38026,0,0,0,0,0
0,0,1,0,0,0,0,0,0,0.92488,-0.38026,0,0,0,0,0
0,0,1,0,0,0,0,0,0,0.92488,-0.38026,0,0,0,0,0
0,0,1,0,0,0,0,0,0,0.92488,-0.38026,0,0,0,0,0
0,0,1,0,0,0,0,0,0,0.92488,-0.38026,0,0,0,0,0
0,0,1,0,0,0,0,0,0,0.92488,-0.38026,0,0,0,0,0
0,0,1,0,0,0,0,0,0,0.92488,-0.38026,0,0,0,0,0
0,0,1,0,0,0,0,0,0,0.92488,-0.38026,0,0,0,0,0
0,0,1,0,0,0,0,0,0,0.92488,-0.38026,0,0,0,0,0
0,0,1,0,0,0,0,0,0,0.92488,-0.38026,0,0,0,0,0
0,0,1,0,0,0,0,0,0,0.92488,-0.38026,0,0,0,0,0
0,0,1,0,0,0,0,0,0,0.92488,-0.38026,0,0,0,0,0
0,0,1,0,0,0,0,0,0,0.92488,-0.38026,0,0,0,0,0
0,0,1,0,0,0,0,0,0,0.92488,-0.38026,0,0,0,0,0
0,0,1,0,0,0,0,0,0,0.92488,-0.38026,0,0,0,0,0
0,0,1,0,0,0,0,0,0,0.92488,-0.38026,0,0,0,0,0
0,0,1,0,0,0,0,0,0,0.92488,-0.38026,0,0,0,0,0
0,0,1,0,0,0,0,0,0,0.92488,-0.38026,0,0,0,0,0
0,0,1,0,0,0,0,0,0,0.92488,-0.38026,0,0,0,0,0
0,0,1,0,0,0,0,0,0,0.92488,-0.38026,0,0,0,0,0
0,0,1,0,0,0,0,0,0,0.92488,-0.38026,0,0,0,0,0
0,0,1,0,0,0,0,0,0,0.92488,-0.38026,0,0,0,0,0
0,0,1,0,0,0,0,0,0,0.92488,-0.38026,0,0,0,0,0
0,0,1,0,0,0,0,0,0,0.92488,-0.38026,0,0,0,0,0
0,0,1,0,0,0,0,0,0,0.92488,-0.38026,0,0,0,0,0
0,0,1,0,0,0,0,0,0,0.92488,-0.38026,0,0,0,0,0
0,0,1,0,0,0,0,0,0,0.92488,-0.38026,0,0,0,0,0
0,0,1,0,0,0,0,0,0,0.92488,-0.38026,0,0,0,0,0
0,0,1,0,0,0,0,0,0,0.92488,-0.38026,0,0,0,0,0
0,0,1,0,0,0,0,0,0,0.92488,-0.38026,0,0,0,0,0
0,0,1,0,0,0,0,0,0,0.92488,-0.38026,0,0,0,0,0
0,0,1,0,0,0,0,0,0,0.92488,-0.38026,0,0,0,0,0
0,0,1,0,0,0,0,0,0,0.92488,-0.38026,0,0,0,0,0
0,0,1,0,0,0,0,0,0,0.92488,-0.38026,0,0,0,0,0
0,0,1,0,0,0,0,0,0,0.92488,-0.38026,0,0,0,0,0
0,0,1,0,0,0,0,0,0,0.92488,-0.38026,0,0,0,0,0
0,0,1,0,0,0,0,0,0,0.92488,-0.38026,0,0,0,0,0
0,0,1,0,0,0,0,0,0,0.92488,-0.38026,0,0,0,0,0
0,0,1,0,0,0,0,0,0,0.92488,-0.38026,0,0,0,0,0
0,0,1,0,0,0,0,0,0,0.92488,-0.38026,0,0,0,0,0
0,0,1,0,0,0,0,0,0,0.92488,-0.38026,0,0,0,0,0
0,0,1,0,0,0,0,0,0,0.92488,-0.38026,0,0,0,0,0
0,0,1,0,0,0,0,0,0,0.92488,-0.38026,0,0,0,0,0
0,0,1,0,0,0,0,0,0,0.92488,-0.38026,0,0,0,0,0
0,0,1,0,0,0,0,0,0,0.92488,-0.38026,0,0,0,0,0
0,0,1,0,0,0,0,0,0,0.92488,-0.38026,0,0,0,0,0
0,0,1,0,0,0,0,0,0,0.92488,-0.38026,0,0,0,0,0
0,0,1,0,0,0,0,0,0,0.92488,-0.38026,0,0,0,0,0
0,0,1,0,0,0,0,0,0,0.92488,-0.38026,0,0,0,0,0
0,0,1,0,0,0,0,0,0,0.92488,-0.38026,0,0,0,0,0
0,0,1,0,0,0,0,0,0,0.92488,-0.38026,0,0,0,0,0
0,0,1,0,0,0,0,0,0,0.92488,-0.38026,0,0,0,0,0
0,0,1,0,0,0,0,0,0,0.92488,-0.38026,0,0,0,0,0
0,0,1,0,0,0,0,0,0,0.92488,-0.38026,0,0,0,0,0
0,0,1,0,0,0,0,0,0,0.92488,-0.38026,0,0,0,0,0
0,0,1,0,0,0,0,0,0,0.92488,-0.38026,0,0,0,0,0
0,0,1,0,0,0,0,0,0,0.92488,-0.38026,0,0,0,0,0
0,0,1,0,0,0,0,0,0,0.92488,-0.38026,0,0,0,0,0
0,0,1,0,0,0,0,0,0,0.92488,-0.38026,0,0,0,0,0
0,0,1,0,0,0,0,0,0,0.92488,-0.38026,0,0,0,0,0
0,0,1,0,0,0,0,0,0,0.92488,-0.38026,0,0,0,0,0
0,0,1,0,0,0,0,0,0,0.92488,-0.38026,0,0,0,0,0
0,0,1,0,0,0,0,0,0,0.92488,-0.38026,0,0,0,0,0
0,0,1,0,0,0,0,0,0,0.92488,-0.38026,0,0,0,0,0
0,0,1,0,0,0,0,0,0,0.92488,-0.38026,0,0,0,0,0
0,0,1,0,0,0,0,0,0,0.92488,-0.38026,0,0,0,0,0
0,0,1,0,0,0,0,0,0,0.92488,-0.38026,0,0,0,0,0
0,0,1,0,0,0,0,0,0,0.92488,-0.38026,0,0,0,0,0
0,0,1,0,0,0,0,0,0,0.92488,-0.38026,0,0,0,0,0
0,0,1,0,0,0,0,0,0,0.92488,-0.38026,0,0,0,0,0
0,0,1,0,0,0,0,0,0,0.92488,-0.38026,0,0,0,0,0
0,0,1,0,0,0,0,0,0,0.92488,-0.38026,0,0,0,0,0
0,0,1,0,0,0,0,0,0,0.92488,-0.38026,0,0,0,0,0
0,0,1,0,0,0,0,0,0,0.92488,-0.38026,0,0,0,0,0
0,0,1,0,0,0,0,0,0,0.92488,-0.38026,0,0,0,0,0
0,0,1,0,0,0,0,0,0,0.92488,-0.38026,0,0,0,0,0
0,0,1,0,0,0,0,0,0,0.92488,-0.38026,0,0,0,0,0
0,0,1,0,0,0,0,0,0,0.92488,-0.38026,0,0,0,0,0
0,0,1,0,0,0,0,0,0,0.92488,-0.38026,0,0,0,0,0
0,0,1,0,0,0,0,0,0,0.92488,-0.38026,0,0,0,0,0
0,0,1,0,0,0,0,0,0,0.92488,-0.38026,0,0,0,0,0
0,0,1,0,0,0,0,0,0,0.92488,-0.38026,0,0,0,0,0
0,0,1,0,0,0,0,0,0,0.92488,-0.38026,0,0,0,0,0
0,0,1,0,0,0,0,0,0,0.92488,-0.38026,0,0,0,0,0
0,0,1,0,0,0,0,0,0,0.92488,-0.38026,0,0,0,0,0
0,0,1,0,0,0,0,0,0,0.92488,-0.38026,0,0,0,0,0
0,0,1,0,0,0,0,0,0,0.92488,-0.38026,0,0,0,0,0
0,0,1,0,0,0,0,0,0,0.92488,-0.38026,0,0,0,0,0
0,0,1,0,0,0,0,0,0,0.92488,-0.38026,0,0,0,0,0
0,0,1,0,0,0,0,0,0,0.92488,-0.38026,0,0,0,0,0
0,0,1,0,0,0,0,0,0,0.92488,-0.38026,0,0,0,0,0
0,0,1,0,0,0,0,0,0,0.92488,-0.38026,0,0,0,0,0
0,0,1,0,0,0,0,0,0,0.92488,-0.38026,0,0,0,0,0
0,0,1,0,0,0,0,0,0,0.92488,-0.38026,0,0,0,0,0
0,0,1,0,0,0,0,0,0,0.92488,-0.38026,0,0,0,0,0
0,0,1,0,0,0,0,0,0,0.92488,-0.38026,0,0,0,0,0
0,0,1,0,0,0,0,0,0,0.92488,-0.38026,0,0,0,0,0
0,0,1,0,0,0,0,0,0,0.92488,-0.38026,0,0,0,0,0
0,0,1,0,0,0,0,0,0,0.92488,-0.38026,0,0,0,0,0
0,0,1,0,0,0,0,0,0,0.92488,-0.38026,0,0,0,0,0
0,0,1,0,0,0,0,0,0,0.92488,-0.38026,0,0,0,0,0
0,0,1,0,0,0,0,0,0,0.92488,-0.38026,0,0,0,0,0
0,0,1,0,0,0,0,0,0,0.92488,-0.38026,0,0,0,0,0
0,0,1,0,0,0,0,0,0,0.92488,-0.38026,0,0,0,0,0
0,0,1,0,0,0,0,0,0,0.92488,-0.38026,0,0,0,0,0
0,0,1,0,0,0,0,0,0,0.92488,-0.38026,0,0,0,0,0
0,0,1,0,0,0,0,0,0,0.92488,-0.38026,0,0,0,0,0
0,0,1,0,0,0,0,0,0,0.92488,-0.38026,0,0,0,0,0
0,0,1,0,0,0,0,0,0,0.92488,-0.38026,0,0,0,0,0
0,0,1,0,0,0,0,0,0,0.92488,-0.38026,0,0,0,0,0
0,0,1,0,0,0,0,0,0,0.92488,-0.38026,0,0,0,0,0
0,0,1,0,0,0,0,0,0,0.92488,-0.38026,0,0,0,0,0
0,0,1,0,0,0,0,0,0,0.92488,-0.38026,0,0,0,0,0
0,0,1,0,0,0,0,0,0,0.92488,-0.38026,0,0,0,0,0
0,0,1,0,0,0,0,0,0,0.92488,-0.38026,0,0,0,0,0
0,0,1,0,0,0,0,0,0,0.92488,-0.38026,0,0,0,0,0
0,0,1,0,0,0,0,0,0,0.92488,-0.38026,0,0,0,0,0
0,0,1,0,0,0,0,0,0,0.92488,-0.38026,0,0,0,0,0
0,0,1,0,0,0,0,0,0,0.92488,-0.38026,0,0,0,0,0
0,0,1,0,0,0,0,0,0,0.92488,-0.38026,0,0,0,0,0
0,0,1,0,0,0,0,0,0,0.92488,-0.38026,0,0,0,0,0
0,0,1,0,0,0,0,0,0,0.92488,-0.38026,0,0,0,0,0
0,0,1,0,0,0,0,0,0,0.92488,-0.38026,0,0,0,0,0
0,0,1,0,0,0,0,0,0,0.92488,-0.38026,0,0,0,0,0
0,0,1,0,0,0,0,0,0,0.92488,-0.38026,0,0,0,0,0
0,0,1,0,0,0,0,0,0,0.92488,-0.38026,0,0,0,0,0
0,0,1,0,0,0,0,0,0,0.92488,-0.38026,0,0,0,0,0
0,0,1,0,0,0,0,0,0,0.92488,-0.38026,0,0,0,0,0
0,0,1,0,0,0,0,0,0,0.92488,-0.38026,0,0,0,0,0
0,0,1,0,0,0,0,0,0,0.92488,-0.38026,0,0,0,0,0
0,0,1,0,0,0,0,0,0,0.92488,-0.38026,0,0,0,0,0
0,0,1,0,0,0,0,0,0,0.92488,-0.38026,0,0,0,0,0
0,0,1,0,0,0,0,0,0,0.92488,-0.38026,0,0,0,0,0
0,0,1,0,0,0,0,0,0,0.92488,-0.38026,0,0,0,0,0
0,0,1,0,0,0,0,0,0,0.92488,-0.38026,0,0,0,0,0
0,0,1,0,0,0,0,0,0,0.92488,-0.38026,0,0,0,0,0
0,0,1,0,0,0,0,0,0,0.92488,-0.38026,0,0,0,0,0
0,0,1,0,0,0,0,0,0,0.92488,-0.38026,0,0,0,0,0
0,0,1,0,0,0,0,0,0,0.92488,-0.38026,0,0,0,0,0
0,0,1,0,0,0,0,0,0,0.92488,-0.38026,0,0,0,0,0
0,0,1,0,0,0,0,0,0,0.92488,-0.38026,0,0,0,0,0
0,0,1,0,0,0,0,0,0,0.92488,-0.38026,0,0,0,0,0
0,0,1,0,0,0,0,0,0,0.92488,-0.38026,0,0,0,0,0
0,0,1,0,0,0,0,0,0,0.92488,-0.38026,0,0,0,0,0
0,0,1,0,0,0,0,0,0,0.92488,-0.38026,0,0,0,0,0
0,0,1,0,0,0,0,0,0,0.92488,-0.38026,0,0,0,0,0
0,0,1,0,0,0,0,0,0,0.92488,-0.38026,0,0,0,0,0
0,0,1,0,0,0,0,0,0,0.92488,-0.38026,0,0,0,0,0
0,0,1,0,0,0,0,0,0,0.92488,-0.38026,0,0,0,0,0
0,0,1,0,0,0,0,0,0,0.92488,-0.38026,0,0,0,0,0
0,0,1,0,0,0,0,0,0,0.92488,-0.38026,0,0,0,0,0
0,0,1,0,0,0,0,0,0,0.92488,-0.38026,0,0,0,0,0
0,0,1,0,0,0,0,0,0,0.92488,-0.38026,0,0,0,0,0
0,0,1,0,0,0,0,0,0,0.92488,-0.38026,0,0,0,0,0
0,0,1,0,0,0,0,0,0,0.92488,-0.38026,0,0,0,0,0
0,0,1,0,0,0,0,0,0,0.92488,-0.38026,0,0,0,0,0
0,0,1,0,0,0,0,0,0,0.92488,-0.38026,0,0,0,0,0
0,0,1,0,0,0,0,0,0,0.92488,-0.38026,0,0,0,0,0
0,0,1,0,0,0,0,0,0,0.92488,-0.38026,0,0,0,0,0
0,0,1,0,0,0,0,0,0,0.92488,-0.38026,0,0,0,0,0
0,0,1,0,0,0,0,0,0,0.92488,-0.38026,0,0,0,0,0
0,0,1,0,0,0,0,0,0,0.92488,-0.38026,0,0,0,0,0
0,0,1,0,0,0,0,0,0,0.92587,-0.37784,0,0,0.2618,0,0
0,0,1,0,0,0,0,0,0,0.92686,-0.37542,0,0,0.2618,0,0
0,0,1,0,0,0,0,0,0,0.92784,-0.37299,0,0,0.2618,0,0
0,0,1,0,0,0,0,0,0,0.92881,-0.37056,0,0,0.2618,0,0
0,0,1,0,0,0,0,0,0,0.92978,-0.36812,0,0,0.2618,0,0
0,0,1,0,0,0,0,0,0,0.93074,-0.36569,0,0,0.2618,0,0
0,0,1,0,0,0,0,0,0,0.93169,-0.36325,0,0,0.2618,0,0
0,0,1,0,0,0,0,0,0,0.93264,-0.36081,0,0,0.2618,0,0
0,0,1,0,0,0,0,0,0,0.93358,-0.35837,0,0,0.2618,0,0
0,0,1,0,0,0,0,0,0,0.93452,-0.35592,0,0,0.2618,0,0
0,0,1,0,0,0,0,0,0,0.93544,-0.35347,0,0,0.2618,0,0
0,0,1,0,0,0,0,0,0,0.93637,-0.35102,0,0,0.2618,0,0
0,0,1,0,0,0,0,0,0,0.93728,-0.34857,0,0,0.2618,0,0
0,0,1,0,0,0,0,0,0,0.93819,-0.34612,0,0,0.2618,0,0
0,0,1,0,0,0,0,0,0,0.93909,-0.34366,0,0,0.2618,0,0
0,0,1,0,0,0,0,0,0,0.93999,-0.3412,0,0,0.2618,0,0
0,0,1,0,0,0,0,0,0,0.94088,-0.33874,0,0,0.2618,0,0
0,0,1,0,0,0,0,0,0,0.94176,-0.33627,0,0,0.2618,0,0
0,0,1,0,0,0,0,0,0,0.94264,-0.33381,0,0,0.2618,0,0
0,0,1,0,0,0,0,0,0,0.94351,-0.33134,0,0,0.2618,0,0
0,0,1,0,0,0,0,0,0,0.94438,-0.32887,0,0,0.2618,0,0
0,0,1,0,0,0,0,0,0,0.94523,-0.32639,0,0,0.2618,0,0
0,0,1,0,0,0,0,0,0,0.94609,-0.32392,0,0,0.2618,0,0
0,0,1,0,0,0,0,0,0,0.94693,-0.32144,0,0,0.2618,0,0
0,0,1,0,0,0,0,0,0,0.94777,-0.31896,0,0,0.2618,0,0
0,0,1,0,0,0,0,0,0,0.9486,-0.31648,0,0,0.2618,0,0
0,0,1,0,0,0,0,0,0,0.94943,-0.31399,0,0,0.2618,0,0
0,0,1,0,0,0,0,0,0,0.95024,-0.31151,0,0,0.2618,0,0
0,0,1,0,0,0,0,0,0,0.95106,-0.30902,0,0,0.2618,0,0
0,0,1,0,0,0,0,0,0,0.95186,-0.30653,0,0,0.2618,0,0
0,0,1,0,0,0,0,0,0,0.95266,-0.30403,0,0,0.2618,0,0
0,0,1,0,0,0,0,0,0,0.95345,-0.30154,0,0,0.2618,0,0
0,0,1,0,0,0,0,0,0,0.95424,-0.29904,0,0,0.2618,0,0
0,0,1,0,0,0,0,0,0,0.95502,-0.29654,0,0,0.2618,0,0
0,0,1,0,0,0,0,0,0,0.95579,-0.29404,0,0,0.2618,0,0
0,0,1,0,0,0,0,0,0,0.95656,-0.29154,0,0,0.2618,0,0
0,0,1,0,0,0,0,0,0,0.95732,-0.28903,0,0,0.2618,0,0
0,0,1,0,0,0,0,0,0,0.95807,-0.28652,0,0,0.2618,0,0
0,0,1,0,0,0,0,0,0,0.95882,-0.28402,0,0,0.2618,0,0
0,0,1,0,0,0,0,0,0,0.95956,-0.2815,0,0,0.2618,0,0
0,0,1,0,0,0,0,0,0,0.96029,-0.27899,0,0,0.2618,0,0
0,0,1,0,0,0,0,0,0,0.96102,-0.27648,0,0,0.2618,0,0
0,0,1,0,0,0,0,0,0,0.96174,-0.27396,0,0,0.2618,0,0
0,0,1,0,0,0,0,0,0,0.96246,-0.27144,0,0,0.2618,0,0
0,0,1,0,0,0,0,0,0,0.96316,-0.26892,0,0,0.2618,0,0
0,0,1,0,0,0,0,0,0,0.96386,-0.2664,0,0,0.2618,0,0
0,0,1,0,0,0,0,0,0,0.96456,-0.26387,0,0,0.2618,0,0
0,0,1,0,0,0,0,0,0,0.96524,-0.26135,0,0,0.2618,0,0
0,0,1,0,0,0,0,0,0,0.96593,-0.25882,0,0,0.2618,0,0
0,0,1,0,0,0,0,0,0,0.9666,-0.25629,0,0,0.2618,0,0
0,0,1,0,0,0,0,0,0,0.96727,-0.25376,0,0,0.2618,0,0
0,0,1,0,0,0,0,0,0,0.96793,-0.25122,0,0,0.2618,0,0
0,0,1,0,0,0,0,0,0,0.96858,-0.24869,0,0,0.2618,0,0
0,0,1,0,0,0,0,0,0,0.96923,-0.24615,0,0,0.2618,0,0
0,0,1,0,0,0,0,0,0,0.96987,-0.24362,0,0,0.2618,0,0
0,0,1,0,0,0,0,0,0,0.97051,-0.24108,0,0,0.2618,0,0
0,0,1,0,0,0,0,0,0,0.97113,-0.23853,0,0,0.2618,0,0
0,0,1,0,0,0,0,0,0,0.97176,-0.23599,0,0,0.2618,0,0
0,0,1,0,0,0,0,0,0,0.97237,-0.23345,0,0,0.2618,0,0
0,0,1,0,0,0,0,0,0,0.97298,-0.2309,0,0,0.2618,0,0
0,0,1,0,0,0,0,0,0,0.97358,-0.22835,0,0,0.2618,0,0
0,0,1,0,0,0,0,0,0,0.97417,-0.2258,0,0,0.2618,0,0
0,0,1,0,0,0,0,0,0,0.97476,-0.22325,0,0,0.2618,0,0
0,0,1,0,0,0,0,0,0,0.97534,-0.2207,0,0,0.2618,0,0
0,0,1,0,0,0,0,0,0,0.97592,-0.21814,0,0,0.2618,0,0
0,0,1,0,0,0,0,0,0,0.97648,-0.21559,0,0,0.2618,0,0
0,0,1,0,0,0,0,0,0,0.97705,-0.21303,0,0,0.2618,0,0
0,0,1,0,0,0,0,0,0,0.9776,-0.21047,0,0,0.2618,0,0
0,0,1,0,0,0,0,0,0,0.97815,-0.20791,0,0,0.2618,0,0
0,0,1,0,0,0,0,0,0,0.97869,-0.20535,0,0,0.2618,0,0
0,0,1,0,0,0,0,0,0,0.97922,-0.20279,0,0,0.2618,0,0
0,0,1,0,0,0,0,0,0,0.97975,-0.20022,0,0,0.2618,0,0
0,0,1,0,0,0,0,0,0,0.98027,-0.19766,0,0,0.2618,0,0
0,0,1,0,0,0,0,0,0,0.98079,-0.19509,0,0,0.2618,0,0
0,0,1,0,0,0,0,0,0,0.98129,-0.19252,0,0,0.2618,0,0
0,0,1,0,0,0,0,0,0,0.98179,-0.18995,0,0,0.2618,0,0
0,0,1,0,0,0,0,0,0,0.98229,-0.18738,0,0,0.2618,0,0
0,0,1,0,0,0,0,0,0,0.98277,-0.18481,0,0,0.2618,0,0
0,0,1,0,0,0,0,0,0,0.98325,-0.18224,0,0,0.2618,0,0
0,0,1,0,0,0,0,0,0,0.98373,-0.17966,0,0,0.2618,0,0
0,0,1,0,0,0,0,0,0,0.9842,-0.17708,0,0,0.2618,0,0
0,0,1,0,0,0,0,0,0,0.98466,-0.17451,0,0,0.2618,0,0
0,0,1,0,0,0,0,0,0,0.98511,-0.17193,0,0,0.2618,0,0
0,0,1,0,0,0,0,0,0,0.98556,-0.16935,0,0,0.2618,0,0
0,0,1,0,0,0,0,0,0,0.986,-0.16677,0,0,0.2618,0,0
0,0,1,0,0,0,0,0,0,0.98643,-0.16419,0,0,0.2618,0,0
0,0,1,0,0,0,0,0,0,0.98686,-0.1616,0,0,0.2618,0,0
0,0,1,0,0,0,0,0,0,0.98728,-0.15902,0,0,0.2618,0,0
0,0,1,0,0,0,0,0,0,0.98769,-0.15643,0,0,0.2618,0,0
0,0,1,0,0,0,0,0,0,0.98809,-0.15385,0,0,0.2618,0,0
0,0,1,0,0,0,0,0,0,0.98849,-0.15126,0,0,0.2618,0,0
0,0,1,0,0,0,0,0,0,0.98889,-0.14867,0,0,0.2618,0,0
0,0,1,0,0,0,0,0,0,0.98927,-0.14608,0,0,0.2618,0,0
0,0,1,0,0,0,0,0,0,0.98965,-0.14349,0,0,0.2618,0,0
0,0,1,0,0,0,0,0,0,0.99002,-0.1409,0,0,0.2618,0,0
0,0,1,0,0,0,0,0,0,0.99039,-0.13831,0,0,0.2618,0,0
0,0,1,0,0,0,0,0,0,0.99075,-0.13572,0,0,0.2618,0,0
0,0,1,0,0,0,0,0,0,0.9911,-0.13312,0,0,0.2618,0,0
0,0,1,0,0,0,0,0,0,0.99144,-0.13053,0,0,0.2618,0,0
0,0,1,0,0,0,0,0,0,0.99178,-0.12793,0,0,0.2618,0,0
0,0,1,0,0,0,0,0,0,0.99211,-0.12533,0,0,0.2618,0,0
0,0,1,0,0,0,0,0,0,0.99244,-0.12274,0,0,0.2618,0,0
0,0,1,0,0,0,0,0,0,0.99276,-0.12014,0,0,0.2618,0,0
0,0,1,0,0,0,0,0,0,0.99307,-0.11754,0,0,0.2618,0,0
0,0,1,0,0,0,0,0,0,0.99337,-0.11494,0,0,0.2618,0,0
0,0,1,0,0,0,0,0,0,0.99367,-0.11234,0,0,0.2618,0,0
0,0,1,0,0,0,0,0,0,0.99396,-0.10973,0,0,0.2618,0,0
0,0,1,0,0,0,0,0,0,0.99424,-0.10713,0,0,0.2618,0,0
0,0,1,0,0,0,0,0,0,0.99452,-0.10453,0,0,0.2618,0,0
0,0,1,0,0,0,0,0,0,0.99479,-0.10192,0,0,0.2618,0,0
0,0,1,0,0,0,0,0,0,0.99506,-0.09932,0,0,0.2618,0,0
0,0,1,0,0,0,0,0,0,0.99531,-0.096714,0,0,0.2618,0,0
0,0,1,0,0,0,0,0,0,0.99556,-0.094108,0,0,0.2618,0,0
0,0,1,0,0,0,0,0,0,0.9958,-0.091502,0,0,0.2618,0,0
0,0,1,0,0,0,0,0,0,0.99604,-0.088894,0,0,0.2618,0,0
0,0,1,0,0,0,0,0,0,0.99627,-0.086286,0,0,0.2618,0,0
0,0,1,0,0,0,0,0,0,0.99649,-0.083678,0,0,0.2618,0,0
0,0,1,0,0,0,0,0,0,0.99671,-0.081069,0,0,0.2618,0,0
0,0,1,0,0,0,0,0,0,0.99692,-0.078459,0,0,0.2618,0,0
0,0,1,0,0,0,0,0,0,0.99712,-0.075849,0,0,0.2618,0,0
0,0,1,0,0,0,0,0,0,0.99731,-0.073238,0,0,0.2618,0,0
0,0,1,0,0,0,0,0,0,0.9975,-0.070627,0,0,0.2618,0,0
0,0,1,0,0,0,0,0,0,0.99768,-0.068015,0,0,0.2618,0,0
0,0,1,0,0,0,0,0,0,0.99786,-0.065403,0,0,0.2618,0,0
0,0,1,0,0,0,0,0,0,0.99803,-0.062791,0,0,0.2618,0,0
0,0,1,0,0,0,0,0,0,0.99819,-0.060177,0,0,0.2618,0,0
0,0,1,0,0,0,0,0,0,0.99834,-0.057564,0,0,0.2618,0,0
0,0,1,0,0,0,0,0,0,0.99849,-0.05495,0,0,0.2618,0,0
0,0,1,0,0,0,0,0,0,0.99863,-0.052336,0,0,0.2618,0,0
0,0,1,0,0,0,0,0,0,0.99876,-0.049721,0,0,0.2618,0,0
0,0,1,0,0,0,0,0,0,0.99889,-0.047106,0,0,0.2618,0,0
0,0,1,0,0,0,0,0,0,0.99901,-0.044491,0,0,0.2618,0,0
0,0,1,0,0,0,0,0,0,0.99912,-0.041876,0,0,0.2618,0,0
0,0,1,0,0,0,0,0,0,0.99923,-0.03926,0,0,0.2618,0,0
0,0,1,0,0,0,0,0,0,0.99933,-0.036644,0,0,0.2618,0,0
0,0,1,0,0,0,0,0,0,0.99942,-0.034027,0,0,0.2618,0,0
0,0,1,0,0,0,0,0,0,0.99951,-0.031411,0,0,0.2618,0,0
0,0,1,0,0,0,0,0,0,0.99959,-0.028794,0,0,0.2618,0,0
0,0,1,0,0,0,0,0,0,0.99966,-0.026177,0,0,0.2618,0,0
0,0,1,0,0,0,0,0,0,0.99972,-0.02356,0,0,0.2618,0,0
0,0,1,0,0,0,0,0,0,0.99978,-0.020942,0,0,0.2618,0,0
0,0,1,0,0,0,0,0,0,0.99983,-0.018325,0,0,0.2618,0,0
0,0,1,0,0,0,0,0,0,0.99988,-0.015707,0,0,0.2618,0,0
0,0,1,0,0,0,0,0,0,0.99991,-0.01309,0,0,0.2618,0,0
0,0,1,0,0,0,0,0,0,0.99995,-0.010472,0,0,0.2618,0,0
0,0,1,0,0,0,0,0,0,0.99997,-0.0078539,0,0,0.2618,0,0
0,0,1,0,0,0,0,0,0,0.99999,-0.005236,0,0,0.2618,0,0
0,0,1,0,0,0,0,0,0,1,-0.002618,0,0,0.2618,0,0
0,0,1,0,0,0,0,0,0,1,0,0,0,0.2618,0,0
