0,0,0.75,0,0,0,0,0,0,1,0,0,0,0,0,0
0,0,0.75,0,0,0,0,0,0,0.99999,0.0043633,0,0,0.43633,0,0
0,0,0.75,0,0,0,0,0,0,0.99996,0.0087265,0,0,0.43633,0,0
0,0,0.75,0,0,0,0,0,0,0.99991,0.01309,0,0,0.43633,0,0
0,0,0.75,0,0,0,0,0,0,0.99985,0.017452,0,0,0.43633,0,0
0,0,0.75,0,0,0,0,0,0,0.99976,0.021815,0,0,0.43633,0,0
0,0,0.75,0,0,0,0,0,0,0.99966,0.026177,0,0,0.43633,0,0
0,0,0.75,0,0,0,0,0,0,0.99953,0.030539,0,0,0.43633,0,0
0,0,0.75,0,0,0,0,0,0,0.99939,0.034899,0,0,0.43633,0,0
0,0,0.75,0,0,0,0,0,0,0.99923,0.03926,0,0,0.43633,0,0
0,0,0.75,0,0,0,0,0,0,0.99905,0.043619,0,0,0.43633,0,0
0,0,0.75,0,0,0,0,0,0,0.99885,0.047978,0,0,0.43633,0,0
0,0,0.75,0,0,0,0,0,0,0.99863,0.052336,0,0,0.43633,0,0
0,0,0.75,0,0,0,0,0,0,0.99839,0.056693,0,0,0.43633,0,0
0,0,0.75,0,0,0,0,0,0,0.99813,0.061049,0,0,0.43633,0,0
0,0,0.75,0,0,0,0,0,0,0.99786,0.065403,0,0,0.43633,0,0
0,0,0.75,0,0,0,0,0,0,0.99756,0.069756,0,0,0.43633,0,0
0,0,0.75,0,0,0,0,0,0,0.99725,0.074108,0,0,0.43633,0,0
0,0,0.75,0,0,0,0,0,0,0.99692,0.078459,0,0,0.43633,0,0
0,0,0.75,0,0,0,0,0,0,0.99657,0.082808,0,0,0.43633,0,0
0,0,0.75,0,0,0,0,0,0,0.99619,0.087156,0,0,0.43633,0,0
0,0,0.75,0,0,0,0,0,0,0.9958,0.091502,0,0,0.43633,0,0
0,0,0.75,0,0,0,0,0,0,0.9954,0.095846,0,0,0.43633,0,0
0,0,0.75,0,0,0,0,0,0,0.99497,0.10019,0,0,0.43633,0,0
0,0,0.75,0,0,0,0,0,0,0.99452,0.10453,0,0,0.43633,0,0
0,0,0.75,0,0,0,0,0,0,0.99406,0.10887,0,0,0.43633,0,0
0,0,0.75,0,0,0,0,0,0,0.99357,0.1132,0,0,0.43633,0,0
0,0,0.75,0,0,0,0,0,0,0.99307,0.11754,0,0,0.43633,0,0
0,0,0.75,0,0,0,0,0,0,0.99255,0.12187,0,0,0.43633,0,0
0,0,0.75,0,0,0,0,0,0,0.992,0.1262,0,0,0.43633,0,0
0,0,0.75,0,0,0,0,0,0,0.99144,0.13053,0,0,0.43633,0,0
0,0,0.75,0,0,0,0,0,0,0.99087,0.13485,0,0,0.43633,0,0
0,0,0.75,0,0,0,0,0,0,0.99027,0.13917,0,0,0.43633,0,0
0,0,0.75,0,0,0,0,0,0,0.98965,0.14349,0,0,0.43633,0,0
0,0,0.75,0,0,0,0,0,0,0.98902,0.14781,0,0,0.43633,0,0
0,0,0.75,0,0,0,0,0,0,0.98836,0.15212,0,0,0.43633,0,0
0,0,0.75,0,0,0,0,0,0,0.98769,0.15643,0,0,0.43633,0,0
0,0,0.75,0,0,0,0,0,0,0.987,0.16074,0,0,0.43633,0,0
0,0,0.75,0,0,0,0,0,0,0.98629,0.16505,0,0,0.43633,0,0
0,0,0.75,0,0,0,0,0,0,0.98556,0.16935,0,0,0.43633,0,0
0,0,0.75,0,0,0,0,0,0,0.98481,0.17365,0,0,0.43633,0,0
0,0,0.75,0,0,0,0,0,0,0.98404,0.17794,0,0,0.43633,0,0
0,0,0.75,0,0,0,0,0,0,0.98325,0.18224,0,0,0.43633,0,0
0,0,0.75,0,0,0,0,0,0,0.98245,0.18652,0,0,0.43633,0,0
0,0,0.75,0,0,0,0,0,0,0.98163,0.19081,0,0,0.43633,0,0
0,0,0.75,0,0,0,0,0,0,0.98079,0.19509,0,0,0.43633,0,0
0,0,0.75,0,0,0,0,0,0,0.97992,0.19937,0,0,0.43633,0,0
0,0,0.75,0,0,0,0,0,0,0.97905,0.20364,0,0,0.43633,0,0
0,0,0.75,0,0,0,0,0,0,0.97815,0.20791,0,0,0.43633,0,0
0,0,0.75,0,0,0,0,0,0,0.97723,0.21218,0,0,0.43633,0,0
0,0,0.75,0,0,0,0,0,0,0.9763,0.21644,0,0,0.43633,0,0
0,0,0.75,0,0,0,0,0,0,0.97534,0.2207,0,0,0.43633,0,0
0,0,0.75,0,0,0,0,0,0,0.97437,0.22495,0,0,0.43633,0,0
0,0,0.75,0,0,0,0,0,0,0.97338,0.2292,0,0,0.43633,0,0
0,0,0.75,0,0,0,0,0,0,0.97237,0.23345,0,0,0.43633,0,0
0,0,0.75,0,0,0,0,0,0,0.97134,0.23769,0,0,0.43633,0,0
0,0,0.75,0,0,0,0,0,0,0.9703,0.24192,0,0,0.43633,0,0
0,0,0.75,0,0,0,0,0,0,0.96923,0.24615,0,0,0.43633,0,0
0,0,0.75,0,0,0,0,0,0,0.96815,0.25038,0,0,0.43633,0,0
0,0,0.75,0,0,0,0,0,0,0.96705,0.2546,0,0,0.43633,0,0
0,0,0.75,0,0,0,0,0,0,0.96593,0.25882,0,0,0.43633,0,0
0,0,0.75,0,0,0,0,0,0,0.96479,0.26303,0,0,0.43633,0,0
0,0,0.75,0,0,0,0,0,0,0.96363,0.26724,0,0,0.43633,0,0
0,0,0.75,0,0,0,0,0,0,0.96246,0.27144,0,0,0.43633,0,0
0,0,0.75,0,0,0,0,0,0,0.96126,0.27564,0,0,0.43633,0,0
0,0,0.75,0,0,0,0,0,0,0.96005,0.27983,0,0,0.43633,0,0
0,0,0.75,0,0,0,0,0,0,0.95882,0.28402,0,0,0.43633,0,0
0,0,0.75,0,0,0,0,0,0,0.95757,0.2882,0,0,0.43633,0,0
0,0,0.75,0,0,0,0,0,0,0.9563,0.29237,0,0,0.43633,0,0
0,0,0.75,0,0,0,0,0,0,0.95502,0.29654,0,0,0.43633,0,0
0,0,0.75,0,0,0,0,0,0,0.95372,0.30071,0,0,0.43633,0,0
0,0,0.75,0,0,0,0,0,0,0.9524,0.30486,0,0,0.43633,0,0
0,0,0.75,0,0,0,0,0,0,0.95106,0.30902,0,0,0.43633,0,0
0,0,0.75,0,0,0,0,0,0,0.9497,0.31316,0,0,0.43633,0,0
0,0,0.75,0,0,0,0,0,0,0.94832,0.3173,0,0,0.43633,0,0
0,0,0.75,0,0,0,0,0,0,0.94693,0.32144,0,0,0.43633,0,0
0,0,0.75,0,0,0,0,0,0,0.94552,0.32557,0,0,0.43633,0,0
0,0,0.75,0,0,0,0,0,0,0.94409,0.32969,0,0,0.43633,0,0
0,0,0.75,0,0,0,0,0,0,0.94264,0.33381,0,0,0.43633,0,0
0,0,0.75,0,0,0,0,0,0,0.94118,0.33792,0,0,0.43633,0,0
0,0,0.75,0,0,0,0,0,0,0.93969,0.34202,0,0,0.43633,0,0
0,0,0.75,0,0,0,0,0,0,0.93819,0.34612,0,0,0.43633,0,0
0,0,0.75,0,0,0,0,0,0,0.93667,0.35021,0,0,0.43633,0,0
0,0,0.75,0,0,0,0,0,0,0.93514,0.35429,0,0,0.43633,0,0
0,0,0.75,0,0,0,0,0,0,0.93358,0.35837,0,0,0.43633,0,0
0,0,0.75,0,0,0,0,0,0,0.93201,0.36244,0,0,0.43633,0,0
0,0,0.75,0,0,0,0,0,0,0.93042,0.3665,0,0,0.43633,0,0
0,0,0.75,0,0,0,0,0,0,0.92881,0.37056,0,0,0.43633,0,0
0,0,0.75,0,0,0,0,0,0,0.92718,0.37461,0,0,0.43633,0,0
0,0,0.75,0,0,0,0,0,0,0.92554,0.37865,0,0,0.43633,0,0
0,0,0.75,0,0,0,0,0,0,0.92388,0.38268,0,0,0.43633,0,0
0,0,0.75,0,0,0,0,0,0,0.9222,0.38671,0,0,0.43633,0,0
0,0,0.75,0,0,0,0,0,0,0.9205,0.39073,0,0,0.43633,0,0
0,0,0.75,0,0,0,0,0,0,0.91879,0.39474,0,0,0.43633,0,0
0,0,0.75,0,0,0,0,0,0,0.91706,0.39875,0,0,0.43633,0,0
0,0,0.75,0,0,0,0,0,0,0.91531,0.40275,0,0,0.43633,0,0
0,0,0.75,0,0,0,0,0,0,0.91355,0.40674,0,0,0.43633,0,0
0,0,0.75,0,0,0,0,0,0,0.91176,0.41072,0,0,0.43633,0,0
0,0,0.75,0,0,0,0,0,0,0.90996,0.41469,0,0,0.43633,0,0
0,0,0.75,0,0,0,0,0,0,0.90814,0.41866,0,0,0.43633,0,0
0,0,0.75,0,0,0,0,0,0,0.90631,0.42262,0,0,0.43633,0,0
0,0,0.75,0,0,0,0,0,0,0.90446,0.42657,0,0,0.43633,0,0
0,0,0.75,0,0,0,0,0,0,0.90259,0.43051,0,0,0.43633,0,0
0,0,0.75,0,0,0,0,0,0,0.9007,0.43445,0,0,0.43633,0,0
0,0,0.75,0,0,0,0,0,0,0.89879,0.43837,0,0,0.43633,0,0
0,0,0.75,0,0,0,0,0,0,0.89687,0.44229,0,0,0.43633,0,0
0,0,0.75,0,0,0,0,0,0,0.89493,0.4462,0,0,0.43633,0,0
0,0,0.75,0,0,0,0,0,0,0.89298,0.4501,0,0,0.43633,0,0
0,0,0.75,0,0,0,0,0,0,0.89101,0.45399,0,0,0.43633,0,0
0,0,0.75,0,0,0,0,0,0,0.88902,0.45787,0,0,0.43633,0,0
0,0,0.75,0,0,0,0,0,0,0.88701,0.46175,0,0,0.43633,0,0
0,0,0.75,0,0,0,0,0,0,0.88499,0.46561,0,0,0.43633,0,0
0,0,0.75,0,0,0,0,0,0,0.88295,0.46947,0,0,0.43633,0,0
0,0,0.75,0,0,0,0,0,0,0.88089,0.47332,0,0,0.43633,0,0
0,0,0.75,0,0,0,0,0,0,0.87882,0.47716,0,0,0.43633,0,0
0,0,0.75,0,0,0,0,0,0,0.87673,0.48099,0,0,0.43633,0,0
0,0,0.75,0,0,0,0,0,0,0.87462,0.48481,0,0,0.43633,0,0
0,0,0.75,0,0,0,0,0,0,0.8725,0.48862,0,0,0.43633,0,0
0,0,0.75,0,0,0,0,0,0,0.87036,0.49242,0,0,0.43633,0,0
0,0,0.75,0,0,0,0,0,0,0.8682,0.49622,0,0,0.43633,0,0
0,0,0.75,0,0,0,0,0,0,0.86603,0.5,0,0,0.43633,0,0
0,0,0.75,0,0,0,0,0,0,0.86384,0.50377,0,0,0.43633,0,0
0,0,0.75,0,0,0,0,0,0,0.86163,0.50754,0,0,0.43633,0,0
0,0,0.75,0,0,0,0,0,0,0.85941,0.51129,0,0,0.43633,0,0
0,0,0.75,0,0,0,0,0,0,0.85717,0.51504,0,0,0.43633,0,0
0,0,0.75,0,0,0,0,0,0,0.85491,0.51877,0,0,0.43633,0,0
0,0,0.75,0,0,0,0,0,0,0.85264,0.5225,0,0,0.43633,0,0
0,0,0.75,0,0,0,0,0,0,0.85035,0.52621,0,0,0.43633,0,0
0,0,0.75,0,0,0,0,0,0,0.84805,0.52992,0,0,0.43633,0,0
0,0,0.75,0,0,0,0,0,0,0.84573,0.53361,0,0,0.43633,0,0
0,0,0.75,0,0,0,0,0,0,0.84339,0.5373,0,0,0.43633,0,0
0,0,0.75,0,0,0,0,0,0,0.84104,0.54097,0,0,0.43633,0,0
0,0,0.75,0,0,0,0,0,0,0.83867,0.54464,0,0,0.43633,0,0
0,0,0.75,0,0,0,0,0,0,0.83629,0.54829,0,0,0.43633,0,0
0,0,0.75,0,0,0,0,0,0,0.83389,0.55194,0,0,0.43633,0,0
0,0,0.75,0,0,0,0,0,0,0.83147,0.55557,0,0,0.43633,0,0
0,0,0.75,0,0,0,0,0,0,0.82904,0.55919,0,0,0.43633,0,0
0,0,0.75,0,0,0,0,0,0,0.82659,0.5628,0,0,0.43633,0,0
0,0,0.75,0,0,0,0,0,0,0.82413,0.56641,0,0,0.43633,0,0
0,0,0.75,0,0,0,0,0,0,0.82165,0.57,0,0,0.43633,0,0
0,0,0.75,0,0,0,0,0,0,0.81915,0.57358,0,0,0.43633,0,0
0,0,0.75,0,0,0,0,0,0,0.81664,0.57715,0,0,0.43633,0,0
0,0,0.75,0,0,0,0,0,0,0.81412,0.5807,0,0,0.43633,0,0
0,0,0.75,0,0,0,0,0,0,0.81157,0.58425,0,0,0.43633,0,0
0,0,0.75,0,0,0,0,0,0,0.80902,0.58779,0,0,0.43633,0,0
0,0,0.75,0,0,0,0,0,0,0.80644,0.59131,0,0,0.43633,0,0
0,0,0.75,0,0,0,0,0,0,0.80386,0.59482,0,0,0.43633,0,0
0,0,0.75,0,0,0,0,0,0,0.80125,0.59832,0,0,0.43633,0,0
0,0,0.75,0,0,0,0,0,0,0.79864,0.60182,0,0,0.43633,0,0
0,0,0.75,0,0,0,0,0,0,0.796,0.60529,0,0,0.43633,0,0
0,0,0.75,0,0,0,0,0,0,0.79335,0.60876,0,0,0.43633,0,0
0,0,0.75,0,0,0,0,0,0,0.79069,0.61222,0,0,0.43633,0,0
0,0,0.75,0,0,0,0,0,0,0.78801,0.61566,0,0,0.43633,0,0
0,0,0.75,0,0,0,0,0,0,0.78532,0.61909,0,0,0.43633,0,0
0,0,0.75,0,0,0,0,0,0,0.78261,0.62251,0,0,0.43633,0,0
0,0,0.75,0,0,0,0,0,0,0.77988,0.62592,0,0,0.43633,0,0
0,0,0.75,0,0,0,0,0,0,0.77715,0.62932,0,0,0.43633,0,0
0,0,0.75,0,0,0,0,0,0,0.77439,0.63271,0,0,0.43633,0,0
0,0,0.75,0,0,0,0,0,0,0.77162,0.63608,0,0,0.43633,0,0
0,0,0.75,0,0,0,0,0,0,0.76884,0.63944,0,0,0.43633,0,0
0,0,0.75,0,0,0,0,0,0,0.76604,0.64279,0,0,0.43633,0,0
0,0,0.75,0,0,0,0,0,0,0.76323,0.64612,0,0,0.43633,0,0
0,0,0.75,0,0,0,0,0,0,0.76041,0.64945,0,0,0.43633,0,0
0,0,0.75,0,0,0,0,0,0,0.75756,0.65276,0,0,0.43633,0,0
0,0,0.75,0,0,0,0,0,0,0.75471,0.65606,0,0,0.43633,0,0
0,0,0.75,0,0,0,0,0,0,0.75184,0.65935,0,0,0.43633,0,0
0,0,0.75,0,0,0,0,0,0,0.74896,0.66262,0,0,0.43633,0,0
0,0,0.75,0,0,0,0,0,0,0.74606,0.66588,0,0,0.43633,0,0
0,0,0.75,0,0,0,0,0,0,0.74314,0.66913,0,0,0.43633,0,0
0,0,0.75,0,0,0,0,0,0,0.74022,0.67237,0,0,0.43633,0,0
0,0,0.75,0,0,0,0,0,0,0.73728,0.67559,0,0,0.43633,0,0
0,0,0.75,0,0,0,0,0,0,0.73432,0.6788,0,0,0.43633,0,0
0,0,0.75,0,0,0,0,0,0,0.73135,0.682,0,0,0.43633,0,0
0,0,0.75,0,0,0,0,0,0,0.72837,0.68518,0,0,0.43633,0,0
0,0,0.75,0,0,0,0,0,0,0.72537,0.68835,0,0,0.43633,0,0
0,0,0.75,0,0,0,0,0,0,0.72236,0.69151,0,0,0.43633,0,0
0,0,0.75,0,0,0,0,0,0,0.71934,0.69466,0,0,0.43633,0,0
0,0,0.75,0,0,0,0,0,0,0.7163,0.69779,0,0,0.43633,0,0
0,0,0.75,0,0,0,0,0,0,0.71325,0.70091,0,0,0.43633,0,0
0,0,0.75,0,0,0,0,0,0,0.71019,0.70401,0,0,0.43633,0,0
0,0,0.75,0,0,0,0,0,0,0.70711,0.70711,0,0,0.43633,0,0
0,0,0.75,0,0,0,0,0,0,0.70711,0.70711,0,0,0,0,0
0,0,0.75,0,0,0,0,0,0,0.70711,0.70711,0,0,0,0,0
0,0,0.75,0,0,0,0,0,0,0.70711,0.70711,0,0,0,0,0
0,0,0.75,0,0,0,0,0,0,0.70711,0.70711,0,0,0,0,0
0,0,0.75,0,0,0,0,0,0,0.70711,0.70711,0,0,0,0,0
0,0,0.75,0,0,0,0,0,0,0.70711,0.70711,0,0,0,0,0
0,0,0.75,0,0,0,0,0,0,0.70711,0.70711,0,0,0,0,0
0,0,0.75,0,0,0,0,0,0,0.70711,0.70711,0,0,0,0,0
0,0,0.75,0,0,0,0,0,0,0.70711,0.70711,0,0,0,0,0
0,0,0.75,0,0,0,0,0,0,0.70711,0.70711,0,0,0,0,0
0,0,0.75,0,0,0,0,0,0,0.70711,0.70711,0,0,0,0,0
0,0,0.75,0,0,0,0,0,0,0.70711,0.70711,0,0,0,0,0
0,0,0.75,0,0,0,0,0,0,0.70711,0.70711,0,0,0,0,0
0,0,0.75,0,0,0,0,0,0,0.70711,0.70711,0,0,0,0,0
0,0,0.75,0,0,0,0,0,0,0.70711,0.70711,0,0,0,0,0
0,0,0.75,0,0,0,0,0,0,0.70711,0.70711,0,0,0,0,0
0,0,0.75,0,0,0,0,0,0,0.70711,0.70711,0,0,0,0,0
0,0,0.75,0,0,0,0,0,0,0.70711,0.70711,0,0,0,0,0
0,0,0.75,0,0,0,0,0,0,0.70711,0.70711,0,0,0,0,0
0,0,0.75,0,0,0,0,0,0,0.70711,0.70711,0,0,0,0,0
0,0,0.75,0,0,0,0,0,0,0.70711,0.70711,0,0,0,0,0
0,0,0.75,0,0,0,0,0,0,0.70711,0.70711,0,0,0,0,0
0,0,0.75,0,0,0,0,0,0,0.70711,0.70711,0,0,0,0,0
0,0,0.75,0,0,0,0,0,0,0.70711,0.70711,0,0,0,0,0
0,0,0.75,0,0,0,0,0,0,0.70711,0.70711,0,0,0,0,0
0,0,0.75,0,0,0,0,0,0,0.70711,0.70711,0,0,0,0,0
0,0,0.75,0,0,0,0,0,0,0.70711,0.70711,0,0,0,0,0
0,0,0.75,0,0,0,0,0,0,0.70711,0.70711,0,0,0,0,0
0,0,0.75,0,0,0,0,0,0,0.70711,0.70711,0,0,0,0,0
0,0,0.75,0,0,0,0,0,0,0.70711,0.70711,0,0,0,0,0
0,0,0.75,0,0,0,0,0,0,0.70711,0.70711,0,0,0,0,0
0,0,0.75,0,0,0,0,0,0,0.70711,0.70711,0,0,0,0,0
0,0,0.75,0,0,0,0,0,0,0.70711,0.70711,0,0,0,0,0
0,0,0.75,0,0,0,0,0,0,0.70711,0.70711,0,0,0,0,0
0,0,0.75,0,0,0,0,0,0,0.70711,0.70711,0,0,0,0,0
0,0,0.75,0,0,0,0,0,0,0.70711,0.70711,0,0,0,0,0
0,0,0.75,0,0,0,0,0,0,0.70711,0.70711,0,0,0,0,0
0,0,0.75,0,0,0,0,0,0,0.70711,0.70711,0,0,0,0,0
0,0,0.75,0,0,0,0,0,0,0.70711,0.70711,0,0,0,0,0
0,0,0.75,0,0,0,0,0,0,0.70711,0.70711,0,0,0,0,0
0,0,0.75,0,0,0,0,0,0,0.70711,0.70711,0,0,0,0,0
0,0,0.75,0,0,0,0,0,0,0.70711,0.70711,0,0,0,0,0
0,0,0.75,0,0,0,0,0,0,0.70711,0.70711,0,0,0,0,0
0,0,0.75,0,0,0,0,0,0,0.70711,0.70711,0,0,0,0,0
0,0,0.75,0,0,0,0,0,0,0.70711,0.70711,0,0,0,0,0
0,0,0.75,0,0,0,0,0,0,0.70711,0.70711,0,0,0,0,0
0,0,0.75,0,0,0,0,0,0,0.70711,0.70711,0,0,0,0,0
0,0,0.75,0,0,0,0,0,0,0.70711,0.70711,0,0,0,0,0
0,0,0.75,0,0,0,0,0,0,0.70711,0.70711,0,0,0,0,0
0,0,0.75,0,0,0,0,0,0,0.70711,0.70711,0,0,0,0,0
0,0,0.75,0,0,0,0,0,0,0.70711,0.70711,0,0,0,0,0
0,0,0.75,0,0,0,0,0,0,0.70711,0.70711,0,0,0,0,0
0,0,0.75,0,0,0,0,0,0,0.70711,0.70711,0,0,0,0,0
0,0,0.75,0,0,0,0,0,0,0.70711,0.70711,0,0,0,0,0
0,0,0.75,0,0,0,0,0,0,0.70711,0.70711,0,0,0,0,0
0,0,0.75,0,0,0,0,0,0,0.70711,0.70711,0,0,0,0,0
0,0,0.75,0,0,0,0,0,0,0.70711,0.70711,0,0,0,0,0
0,0,0.75,0,0,0,0,0,0,0.70711,0.70711,0,0,0,0,0
0,0,0.75,0,0,0,0,0,0,0.70711,0.70711,0,0,0,0,0
0,0,0.75,0,0,0,0,0,0,0.70711,0.70711,0,0,0,0,0
0,0,0.75,0,0,0,0,0,0,0.70711,0.70711,0,0,0,0,0
0,0,0.75,0,0,0,0,0,0,0.70711,0.70711,0,0,0,0,0
0,0,0.75,0,0,0,0,0,0,0.70711,0.70711,0,0,0,0,0
0,0,0.75,0,0,0,0,0,0,0.70711,0.70711,0,0,0,0,0
0,0,0.75,0,0,0,0,0,0,0.70711,0.70711,0,0,0,0,0
0,0,0.75,0,0,0,0,0,0,0.70711,0.70711,0,0,0,0,0
0,0,0.75,0,0,0,0,0,0,0.70711,0.70711,0,0,0,0,0
0,0,0.75,0,0,0,0,0,0,0.70711,0.70711,0,0,0,0,0
0,0,0.75,0,0,0,0,0,0,0.70711,0.70711,0,0,0,0,0
0,0,0.75,0,0,0,0,0,0,0.70711,0.70711,0,0,0,0,0
0,0,0.75,0,0,0,0,0,0,0.70711,0.70711,0,0,0,0,0
0,0,0.75,0,0,0,0,0,0,0.70711,0.70711,0,0,0,0,0
0,0,0.75,0,0,0,0,0,0,0.70711,0.70711,0,0,0,0,0
0,0,0.75,0,0,0,0,0,0,0.70711,0.70711,0,0,0,0,0
0,0,0.75,0,0,0,0,0,0,0.70711,0.70711,0,0,0,0,0
0,0,0.75,0,0,0,0,0,0,0.70711,0.70711,0,0,0,0,0
0,0,0.75,0,0,0,0,0,0,0.70711,0.70711,0,0,0,0,0
0,0,0.75,0,0,0,0,0,0,0.70711,0.70711,0,0,0,0,0
0,0,0.75,0,0,0,0,0,0,0.70711,0.70711,0,0,0,0,0
0,0,0.75,0,0,0,0,0,0,0.70711,0.70711,0,0,0,0,0
0,0,0.75,0,0,0,0,0,0,0.70711,0.70711,0,0,0,0,0
0,0,0.75,0,0,0,0,0,0,0.70711,0.70711,0,0,0,0,0
0,0,0.75,0,0,0,0,0,0,0.70711,0.70711,0,0,0,0,0
0,0,0.75,0,0,0,0,0,0,0.70711,0.70711,0,0,0,0,0
0,0,0.75,0,0,0,0,0,0,0.70711,0.70711,0,0,0,0,0
0,0,0.75,0,0,0,0,0,0,0.70711,0.70711,0,0,0,0,0
0,0,0.75,0,0,0,0,0,0,0.70711,0.70711,0,0,0,0,0
0,0,0.75,0,0,0,0,0,0,0.70711,0.70711,0,0,0,0,0
0,0,0.75,0,0,0,0,0,0,0.70711,0.70711,0,0,0,0,0
0,0,0.75,0,0,0,0,0,0,0.70711,0.70711,0,0,0,0,0
0,0,0.75,0,0,0,0,0,0,0.70711,0.70711,0,0,0,0,0
0,0,0.75,0,0,0,0,0,0,0.70711,0.70711,0,0,0,0,0
0,0,0.75,0,0,0,0,0,0,0.70711,0.70711,0,0,0,0,0
0,0,0.75,0,0,0,0,0,0,0.70711,0.70711,0,0,0,0,0
0,0,0.75,0,0,0,0,0,0,0.70711,0.70711,0,0,0,0,0
0,0,0.75,0,0,0,0,0,0,0.70711,0.70711,0,0,0,0,0
0,0,0.75,0,0,0,0,0,0,0.70711,0.70711,0,0,0,0,0
0,0,0.75,0,0,0,0,0,0,0.70711,0.70711,0,0,0,0,0
0,0,0.75,0,0,0,0,0,0,0.70711,0.70711,0,0,0,0,0
0,0,0.75,0,0,0,0,0,0,0.70711,0.70711,0,0,0,0,0
0,0,0.75,0,0,0,0,0,0,0.70711,0.70711,0,0,0,0,0
0,0,0.75,0,0,0,0,0,0,0.70711,0.70711,0,0,0,0,0
0,0,0.75,0,0,0,0,0,0,0.70711,0.70711,0,0,0,0,0
0,0,0.75,0,0,0,0,0,0,0.70711,0.70711,0,0,0,0,0
0,0,0.75,0,0,0,0,0,0,0.70711,0.70711,0,0,0,0,0
0,0,0.75,0,0,0,0,0,0,0.70711,0.70711,0,0,0,0,0
0,0,0.75,0,0,0,0,0,0,0.70711,0.70711,0,0,0,0,0
0,0,0.75,0,0,0,0,0,0,0.70711,0.70711,0,0,0,0,0
0,0,0.75,0,0,0,0,0,0,0.70711,0.70711,0,0,0,0,0
0,0,0.75,0,0,0,0,0,0,0.70711,0.70711,0,0,0,0,0
0,0,0.75,0,0,0,0,0,0,0.70711,0.70711,0,0,0,0,0
0,0,0.75,0,0,0,0,0,0,0.70711,0.70711,0,0,0,0,0
0,0,0.75,0,0,0,0,0,0,0.70711,0.70711,0,0,0,0,0
0,0,0.75,0,0,0,0,0,0,0.70711,0.70711,0,0,0,0,0
0,0,0.75,0,0,0,0,0,0,0.70711,0.70711,0,0,0,0,0
0,0,0.75,0,0,0,0,0,0,0.70711,0.70711,0,0,0,0,0
0,0,0.75,0,0,0,0,0,0,0.70711,0.70711,0,0,0,0,0
0,0,0.75,0,0,0,0,0,0,0.70711,0.70711,0,0,0,0,0
0,0,0.75,0,0,0,0,0,0,0.70711,0.70711,0,0,0,0,0
0,0,0.75,0,0,0,0,0,0,0.70711,0.70711,0,0,0,0,0
0,0,0.75,0,0,0,0,0,0,0.70711,0.70711,0,0,0,0,0
0,0,0.75,0,0,0,0,0,0,0.70711,0.70711,0,0,0,0,0
0,0,0.75,0,0,0,0,0,0,0.70711,0.70711,0,0,0,0,0
0,0,0.75,0,0,0,0,0,0,0.70711,0.70711,0,0,0,0,0
0,0,0.75,0,0,0,0,0,0,0.70711,0.70711,0,0,0,0,0
0,0,0.75,0,0,0,0,0,0,0.70711,0.70711,0,0,0,0,0
0,0,0.75,0,0,0,0,0,0,0.70711,0.70711,0,0,0,0,0
0,0,0.75,0,0,0,0,0,0,0.70711,0.70711,0,0,0,0,0
0,0,0.75,0,0,0,0,0,0,0.70711,0.70711,0,0,0,0,0
0,0,0.75,0,0,0,0,0,0,0.70711,0.70711,0,0,0,0,0
0,0,0.75,0,0,0,0,0,0,0.70711,0.70711,0,0,0,0,0
0,0,0.75,0,0,0,0,0,0,0.70711,0.70711,0,0,0,0,0
0,0,0.75,0,0,0,0,0,0,0.70711,0.70711,0,0,0,0,0
0,0,0.75,0,0,0,0,0,0,0.70711,0.70711,0,0,0,0,0
0,0,0.75,0,0,0,0,0,0,0.70711,0.70711,0,0,0,0,0
0,0,0.75,0,0,0,0,0,0,0.70711,0.70711,0,0,0,0,0
0,0,0.75,0,0,0,0,0,0,0.70711,0.70711,0,0,0,0,0
0,0,0.75,0,0,0,0,0,0,0.70711,0.70711,0,0,0,0,0
0,0,0.75,0,0,0,0,0,0,0.70711,0.70711,0,0,0,0,0
0,0,0.75,0,0,0,0,0,0,0.70711,0.70711,0,0,0,0,0
0,0,0.75,0,0,0,0,0,0,0.70711,0.70711,0,0,0,0,0
0,0,0.75,0,0,0,0,0,0,0.70711,0.70711,0,0,0,0,0
0,0,0.75,0,0,0,0,0,0,0.70711,0.70711,0,0,0,0,0
0,0,0.75,0,0,0,0,0,0,0.70711,0.70711,0,0,0,0,0
0,0,0.75,0,0,0,0,0,0,0.70711,0.70711,0,0,0,0,0
0,0,0.75,0,0,0,0,0,0,0.70711,0.70711,0,0,0,0,0
0,0,0.75,0,0,0,0,0,0,0.70711,0.70711,0,0,0,0,0
0,0,0.75,0,0,0,0,0,0,0.70711,0.70711,0,0,0,0,0
0,0,0.75,0,0,0,0,0,0,0.70711,0.70711,0,0,0,0,0
0,0,0.75,0,0,0,0,0,0,0.70711,0.70711,0,0,0,0,0
0,0,0.75,0,0,0,0,0,0,0.70711,0.70711,0,0,0,0,0
0,0,0.75,0,0,0,0,0,0,0.70711,0.70711,0,0,0,0,0
0,0,0.75,0,0,0,0,0,0,0.70711,0.70711,0,0,0,0,0
0,0,0.75,0,0,0,0,0,0,0.70711,0.70711,0,0,0,0,0
0,0,0.75,0,0,0,0,0,0,0.70711,0.70711,0,0,0,0,0
0,0,0.75,0,0,0,0,0,0,0.70711,0.70711,0,0,0,0,0
0,0,0.75,0,0,0,0,0,0,0.70711,0.70711,0,0,0,0,0
0,0,0.75,0,0,0,0,0,0,0.70711,0.70711,0,0,0,0,0
0,0,0.75,0,0,0,0,0,0,0.70711,0.70711,0,0,0,0,0
0,0,0.75,0,0,0,0,0,0,0.70711,0.70711,0,0,0,0,0
0,0,0.75,0,0,0,0,0,0,0.70711,0.70711,0,0,0,0,0
0,0,0.75,0,0,0,0,0,0,0.70711,0.70711,0,0,0,0,0
0,0,0.75,0,0,0,0,0,0,0.70711,0.70711,0,0,0,0,0
0,0,0.75,0,0,0,0,0,0,0.70711,0.70711,0,0,0,0,0
0,0,0.75,0,0,0,0,0,0,0.70711,0.70711,0,0,0,0,0
0,0,0.75,0,0,0,0,0,0,0.70711,0.70711,0,0,0,0,0
0,0,0.75,0,0,0,0,0,0,0.70711,0.70711,0,0,0,0,0
0,0,0.75,0,0,0,0,0,0,0.70711,0.70711,0,0,0,0,0
0,0,0.75,0,0,0,0,0,0,0.70711,0.70711,0,0,0,0,0
0,0,0.75,0,0,0,0,0,0,0.70711,0.70711,0,0,0,0,0
0,0,0.75,0,0,0,0,0,0,0.70711,0.70711,0,0,0,0,0
0,0,0.75,0,0,0,0,0,0,0.70711,0.70711,0,0,0,0,0
0,0,0.75,0,0,0,0,0,0,0.70711,0.70711,0,0,0,0,0
0,0,0.75,0,0,0,0,0,0,0.70711,0.70711,0,0,0,0,0
0,0,0.75,0,0,0,0,0,0,0.70711,0.70711,0,0,0,0,0
0,0,0.75,0,0,0,0,0,0,0.70711,0.70711,0,0,0,0,0
0,0,0.75,0,0,0,0,0,0,0.70711,0.70711,0,0,0,0,0
0,0,0.75,0,0,0,0,0,0,0.70711,0.70711,0,0,0,0,0
0,0,0.75,0,0,0,0,0,0,0.70711,0.70711,0,0,0,0,0
0,0,0.75,0,0,0,0,0,0,0.70711,0.70711,0,0,0,0,0
0,0,0.75,0,0,0,0,0,0,0.70711,0.70711,0,0,0,0,0
0,0,0.75,0,0,0,0,0,0,0.70711,0.70711,0,0,0,0,0
0,0,0.75,0,0,0,0,0,0,0.70711,0.70711,0,0,0,0,0
0,0,0.75,0,0,0,0,0,0,0.70711,0.70711,0,0,0,0,0
0,0,0.75,0,0,0,0,0,0,0.70711,0.70711,0,0,0,0,0
0,0,0.75,0,0,0,0,0,0,0.70711,0.70711,0,0,0,0,0
0,0,0.75,0,0,0,0,0,0,0.70711,0.70711,0,0,0,0,0
0,0,0.75,0,0,0,0,0,0,0.70711,0.70711,0,0,0,0,0
0,0,0.75,0,0,0,0,0,0,0.70711,0.70711,0,0,0,0,0
0,0,0.75,0,0,0,0,0,0,0.70711,0.70711,0,0,0,0,0
0,0,0.75,0,0,0,0,0,0,0.70711,0.70711,0,0,0,0,0
0,0,0.75,0,0,0,0,0,0,0.70711,0.70711,0,0,0,0,0
0,0,0.75,0,0,0,0,0,0,0.70711,0.70711,0,0,0,0,0
0,0,0.75,0,0,0,0,0,0,0.70711,0.70711,0,0,0,0,0
0,0,0.75,0,0,0,0,0,0,0.70711,0.70711,0,0,0,0,0
0,0,0.75,0,0,0,0,0,0,0.70711,0.70711,0,0,0,0,0
0,0,0.75,0,0,0,0,0,0,0.70711,0.70711,0,0,0,0,0
0,0,0.75,0,0,0,0,0,0,0.70711,0.70711,0,0,0,0,0
0,0,0.75,0,0,0,0,0,0,0.70711,0.70711,0,0,0,0,0
0,0,0.75,0,0,0,0,0,0,0.70711,0.70711,0,0,0,0,0
0,0,0.75,0,0,0,0,0,0,0.70711,0.70711,0,0,0,0,0
0,0,0.75,0,0,0,0,0,0,0.70711,0.70711,0,0,0,0,0
0,0,0.75,0,0,0,0,0,0,0.70711,0.70711,0,0,0,0,0
0,0,0.75,0,0,0,0,0,0,0.70711,0.70711,0,0,0,0,0
0,0,0.75,0,0,0,0,0,0,0.70711,0.70711,0,0,0,0,0
0,0,0.75,0,0,0,0,0,0,0.70711,0.70711,0,0,0,0,0
0,0,0.75,0,0,0,0,0,0,0.70711,0.70711,0,0,0,0,0
0,0,0.75,0,0,0,0,0,0,0.70711,0.70711,0,0,0,0,0
0,0,0.75,0,0,0,0,0,0,0.70711,0.70711,0,0,0,0,0
0,0,0.75,0,0,0,0,0,0,0.70711,0.70711,0,0,0,0,0
0,0,0.75,0,0,0,0,0,0,0.70711,0.70711,0,0,0,0,0
0,0,0.75,0,0,0,0,0,0,0.70711,0.70711,0,0,0,0,0
0,0,0.75,0,0,0,0,0,0,0.70711,0.70711,0,0,0,0,0
0,0,0.75,0,0,0,0,0,0,0.70711,0.70711,0,0,0,0,0
0,0,0.75,0,0,0,0,0,0,0.70711,0.70711,0,0,0,0,0
0,0,0.75,0,0,0,0,0,0,0.70711,0.70711,0,0,0,0,0
0,0,0.75,0,0,0,0,0,0,0.70711,0.70711,0,0,0,0,0
0,0,0.75,0,0,0,0,0,0,0.70711,0.70711,0,0,0,0,0
0,0,0.75,0,0,0,0,0,0,0.70711,0.70711,0,0,0,0,0
0,0,0.75,0,0,0,0,0,0,0.70711,0.70711,0,0,0,0,0
0,0,0.75,0,0,0,0,0,0,0.70711,0.70711,0,0,0,0,0
0,0,0.75,0,0,0,0,0,0,0.70711,0.70711,0,0,0,0,0
0,0,0.75,0,0,0,0,0,0,0.70711,0.70711,0,0,0,0,0
0,0,0.75,0,0,0,0,0,0,0.70711,0.70711,0,0,0,0,0
0,0,0.75,0,0,0,0,0,0,0.70711,0.70711,0,0,0,0,0
0,0,0.75,0,0,0,0,0,0,0.70711,0.70711,0,0,0,0,0
0,0,0.75,0,0,0,0,0,0,0.70711,0.70711,0,0,0,0,0
0,0,0.75,0,0,0,0,0,0,0.70711,0.70711,0,0,0,0,0
0,0,0.75,0,0,0,0,0,0,0.70711,0.70711,0,0,0,0,0
0,0,0.75,0,0,0,0,0,0,0.70711,0.70711,0,0,0,0,0
0,0,0.75,0,0,0,0,0,0,0.70711,0.70711,0,0,0,0,0
0,0,0.75,0,0,0,0,0,0,0.70711,0.70711,0,0,0,0,0
0,0,0.75,0,0,0,0,0,0,0.70711,0.70711,0,0,0,0,0
0,0,0.75,0,0,0,0,0,0,0.70711,0.70711,0,0,0,0,0
0,0,0.75,0,0,0,0,0,0,0.70711,0.70711,0,0,0,0,0
0,0,0.75,0,0,0,0,0,0,0.70711,0.70711,0,0,0,0,0
0,0,0.75,0,0,0,0,0,0,0.70711,0.70711,0,0,0,0,0
0,0,0.75,0,0,0,0,0,0,0.70711,0.70711,0,0,0,0,0
0,0,0.75,0,0,0,0,0,0,0.70711,0.70711,0,0,0,0,0
0,0,0.75,0,0,0,0,0,0,0.70711,0.70711,0,0,0,0,0
0,0,0.75,0,0,0,0,0,0,0.70711,0.70711,0,0,0,0,0
0,0,0.75,0,0,0,0,0,0,0.70711,0.70711,0,0,0,0,0
0,0,0.75,0,0,0,0,0,0,0.70711,0.70711,0,0,0,0,0
0,0,0.75,0,0,0,0,0,0,0.70711,0.70711,0,0,0,0,0
0,0,0.75,0,0,0,0,0,0,0.70711,0.70711,0,0,0,0,0
0,0,0.75,0,0,0,0,0,0,0.70711,0.70711,0,0,0,0,0
0,0,0.75,0,0,0,0,0,0,0.70711,0.70711,0,0,0,0,0
0,0,0.75,0,0,0,0,0,0,0.70711,0.70711,0,0,0,0,0
0,0,0.75,0,0,0,0,0,0,0.70711,0.70711,0,0,0,0,0
0,0,0.75,0,0,0,0,0,0,0.70711,0.70711,0,0,0,0,0
0,0,0.75,0,0,0,0,0,0,0.70711,0.70711,0,0,0,0,0
0,0,0.75,0,0,0,0,0,0,0.70711,0.70711,0,0,0,0,0
0,0,0.75,0,0,0,0,0,0,0.70711,0.70711,0,0,0,0,0
0,0,0.75,0,0,0,0,0,0,0.70711,0.70711,0,0,0,0,0
0,0,0.75,0,0,0,0,0,0,0.70711,0.70711,0,0,0,0,0
0,0,0.75,0,0,0,0,0,0,0.70711,0.70711,0,0,0,0,0
0,0,0.75,0,0,0,0,0,0,0.70711,0.70711,0,0,0,0,0
0,0,0.75,0,0,0,0,0,0,0.70711,0.70711,0,0,0,0,0
0,0,0.75,0,0,0,0,0,0,0.70711,0.70711,0,0,0,0,0
0,0,0.75,0,0,0,0,0,0,0.70711,0.70711,0,0,0,0,0
0,0,0.75,0,0,0,0,0,0,0.70711,0.70711,0,0,0,0,0
0,0,0.75,0,0,0,0,0,0,0.70711,0.70711,0,0,0,0,0
0,0,0.75,0,0,0,0,0,0,0.70711,0.70711,0,0,0,0,0
0,0,0.75,0,0,0,0,0,0,0.70711,0.70711,0,0,0,0,0
0,0,0.75,0,0,0,0,0,0,0.70711,0.70711,0,0,0,0,0
0,0,0.75,0,0,0,0,0,0,0.70711,0.70711,0,0,0,0,0
0,0,0.75,0,0,0,0,0,0,0.70711,0.70711,0,0,0,0,0
0,0,0.75,0,0,0,0,0,0,0.70711,0.70711,0,0,0,0,0
0,0,0.75,0,0,0,0,0,0,0.70711,0.70711,0,0,0,0,0
0,0,0.75,0,0,0,0,0,0,0.70711,0.70711,0,0,0,0,0
0,0,0.75,0,0,0,0,0,0,0.70711,0.70711,0,0,0,0,0
0,0,0.75,0,0,0,0,0,0,0.70711,0.70711,0,0,0,0,0
0,0,0.75,0,0,0,0,0,0,0.70711,0.70711,0,0,0,0,0
0,0,0.75,0,0,0,0,0,0,0.70711,0.70711,0,0,0,0,0
0,0,0.75,0,0,0,0,0,0,0.70711,0.70711,0,0,0,0,0
0,0,0.75,0,0,0,0,0,0,0.70711,0.70711,0,0,0,0,0
0,0,0.75,0,0,0,0,0,0,0.70711,0.70711,0,0,0,0,0
0,0,0.75,0,0,0,0,0,0,0.70711,0.70711,0,0,0,0,0
0,0,0.75,0,0,0,0,0,0,0.70711,0.70711,0,0,0,0,0
0,0,0.75,0,0,0,0,0,0,0.70711,0.70711,0,0,0,0,0
0,0,0.75,0,0,0,0,0,0,0.70711,0.70711,0,0,0,0,0
0,0,0.75,0,0,0,0,0,0,0.70711,0.70711,0,0,0,0,0
0,0,0.75,0,0,0,0,0,0,0.70711,0.70711,0,0,0,0,0
0,0,0.75,0,0,0,0,0,0,0.70711,0.70711,0,0,0,0,0
0,0,0.75,0,0,0,0,0,0,0.70711,0.70711,0,0,0,0,0
0,0,0.75,0,0,0,0,0,0,0.70711,0.70711,0,0,0,0,0
0,0,0.75,0,0,0,0,0,0,0.70711,0.70711,0,0,0,0,0
0,0,0.75,0,0,0,0,0,0,0.70711,0.70711,0,0,0,0,0
0,0,0.75,0,0,0,0,0,0,0.70711,0.70711,0,0,0,0,0
0,0,0.75,0,0,0,0,0,0,0.70711,0.70711,0,0,0,0,0
0,0,0.75,0,0,0,0,0,0,0.70711,0.70711,0,0,0,0,0
0,0,0.75,0,0,0,0,0,0,0.70711,0.70711,0,0,0,0,0
0,0,0.75,0,0,0,0,0,0,0.70711,0.70711,0,0,0,0,0
0,0,0.75,0,0,0,0,0,0,0.70711,0.70711,0,0,0,0,0
0,0,0.75,0,0,0,0,0,0,0.70711,0.70711,0,0,0,0,0
0,0,0.75,0,0,0,0,0,0,0.70711,0.70711,0,0,0,0,0
0,0,0.75,0,0,0,0,0,0,0.70711,0.70711,0,0,0,0,0
0,0,0.75,0,0,0,0,0,0,0.70711,0.70711,0,0,0,0,0
0,0,0.75,0,0,0,0,0,0,0.70711,0.70711,0,0,0,0,0
0,0,0.75,0,0,0,0,0,0,0.70711,0.70711,0,0,0,0,0
0,0,0.75,0,0,0,0,0,0,0.70711,0.70711,0,0,0,0,0
0,0,0.75,0,0,0,0,0,0,0.70711,0.70711,0,0,0,0,0
0,0,0.75,0,0,0,0,0,0,0.70711,0.70711,0,0,0,0,0
0,0,0.75,0,0,0,0,0,0,0.70711,0.70711,0,0,0,0,0
0,0,0.75,0,0,0,0,0,0,0.70711,0.70711,0,0,0,0,0
0,0,0.75,0,0,0,0,0,0,0.70711,0.70711,0,0,0,0,0
0,0,0.75,0,0,0,0,0,0,0.70711,0.70711,0,0,0,0,0
0,0,0.75,0,0,0,0,0,0,0.70711,0.70711,0,0,0,0,0
0,0,0.75,0,0,0,0,0,0,0.70711,0.70711,0,0,0,0,0
0,0,0.75,0,0,0,0,0,0,0.70711,0.70711,0,0,0,0,0
0,0,0.75,0,0,0,0,0,0,0.70711,0.70711,0,0,0,0,0
0,0,0.75,0,0,0,0,0,0,0.70711,0.70711,0,0,0,0,0
0,0,0.75,0,0,0,0,0,0,0.70711,0.70711,0,0,0,0,0
0,0,0.75,0,0,0,0,0,0,0.70711,0.70711,0,0,0,0,0
0,0,0.75,0,0,0,0,0,0,0.70711,0.70711,0,0,0,0,0
0,0,0.75,0,0,0,0,0,0,0.70711,0.70711,0,0,0,0,0
0,0,0.75,0,0,0,0,0,0,0.70711,0.70711,0,0,0,0,0
0,0,0.75,0,0,0,0,0,0,0.70711,0.70711,0,0,0,0,0
0,0,0.75,0,0,0,0,0,0,0.70711,0.70711,0,0,0,0,0
0,0,0.75,0,0,0,0,0,0,0.70711,0.70711,0,0,0,0,0
0,0,0.75,0,0,0,0,0,0,0.70711,0.70711,0,0,0,0,0
0,0,0.75,0,0,0,0,0,0,0.70711,0.70711,0,0,0,0,0
0,0,0.75,0,0,0,0,0,0,0.70711,0.70711,0,0,0,0,0
0,0,0.75,0,0,0,0,0,0,0.70711,0.70711,0,0,0,0,0
0,0,0.75,0,0,0,0,0,0,0.70711,0.70711,0,0,0,0,0
0,0,0.75,0,0,0,0,0,0,0.70711,0.70711,0,0,0,0,0
0,0,0.75,0,0,0,0,0,0,0.70711,0.70711,0,0,0,0,0
0,0,0.75,0,0,0,0,0,0,0.70711,0.70711,0,0,0,0,0
0,0,0.75,0,0,0,0,0,0,0.70711,0.70711,0,0,0,0,0
0,0,0.75,0,0,0,0,0,0,0.70711,0.70711,0,0,0,0,0
0,0,0.75,0,0,0,0,0,0,0.70711,0.70711,0,0,0,0,0
0,0,0.75,0,0,0,0,0,0,0.70711,0.70711,0,0,0,0,0
0,0,0.75,0,0,0,0,0,0,0.70711,0.70711,0,0,0,0,0
0,0,0.75,0,0,0,0,0,0,0.70711,0.70711,0,0,0,0,0
0,0,0.75,0,0,0,0,0,0,0.70711,0.70711,0,0,0,0,0
0,0,0.75,0,0,0,0,0,0,0.70711,0.70711,0,0,0,0,0
0,0,0.75,0,0,0,0,0,0,0.70711,0.70711,0,0,0,0,0
0,0,0.75,0,0,0,0,0,0,0.70711,0.70711,0,0,0,0,0
0,0,0.75,0,0,0,0,0,0,0.70711,0.70711,0,0,0,0,0
0,0,0.75,0,0,0,0,0,0,0.70711,0.70711,0,0,0,0,0
0,0,0.75,0,0,0,0,0,0,0.70711,0.70711,0,0,0,0,0
0,0,0.75,0,0,0,0,0,0,0.70711,0.70711,0,0,0,0,0
0,0,0.75,0,0,0,0,0,0,0.70711,0.70711,0,0,0,0,0
0,0,0.75,0,0,0,0,0,0,0.70711,0.70711,0,0,0,0,0
0,0,0.75,0,0,0,0,0,0,0.70711,0.70711,0,0,0,0,0
0,0,0.75,0,0,0,0,0,0,0.70711,0.70711,0,0,0,0,0
0,0,0.75,0,0,0,0,0,0,0.70711,0.70711,0,0,0,0,0
0,0,0.75,0,0,0,0,0,0,0.70711,0.70711,0,0,0,0,0
0,0,0.75,0,0,0,0,0,0,0.70711,0.70711,0,0,0,0,0
0,0,0.75,0,0,0,0,0,0,0.70711,0.70711,0,0,0,0,0
0,0,0.75,0,0,0,0,0,0,0.70711,0.70711,0,0,0,0,0
0,0,0.75,0,0,0,0,0,0,0.70711,0.70711,0,0,0,0,0
0,0,0.75,0,0,0,0,0,0,0.70711,0.70711,0,0,0,0,0
0,0,0.75,0,0,0,0,0,0,0.70711,0.70711,0,0,0,0,0
0,0,0.75,0,0,0,0,0,0,0.70711,0.70711,0,0,0,0,0
0,0,0.75,0,0,0,0,0,0,0.70711,0.70711,0,0,0,0,0
0,0,0.75,0,0,0,0,0,0,0.70711,0.70711,0,0,0,0,0
0,0,0.75,0,0,0,0,0,0,0.70711,0.70711,0,0,0,0,0
0,0,0.75,0,0,0,0,0,0,0.70711,0.70711,0,0,0,0,0
0,0,0.75,0,0,0,0,0,0,0.70711,0.70711,0,0,0,0,0
0,0,0.75,0,0,0,0,0,0,0.70711,0.70711,0,0,0,0,0
0,0,0.75,0,0,0,0,0,0,0.70711,0.70711,0,0,0,0,0
0,0,0.75,0,0,0,0,0,0,0.70711,0.70711,0,0,0,0,0
0,0,0.75,0,0,0,0,0,0,0.70711,0.70711,0,0,0,0,0
0,0,0.75,0,0,0,0,0,0,0.70711,0.70711,0,0,0,0,0
0,0,0.75,0,0,0,0,0,0,0.70711,0.70711,0,0,0,0,0
0,0,0.75,0,0,0,0,0,0,0.70711,0.70711,0,0,0,0,0
0,0,0.75,0,0,0,0,0,0,0.70711,0.70711,0,0,0,0,0
0,0,0.75,0,0,0,0,0,0,0.70711,0.70711,0,0,0,0,0
0,0,0.75,0,0,0,0,0,0,0.70711,0.70711,0,0,0,0,0
0,0,0.75,0,0,0,0,0,0,0.70711,0.70711,0,0,0,0,0
0,0,0.75,0,0,0,0,0,0,0.70711,0.70711,0,0,0,0,0
0,0,0.75,0,0,0,0,0,0,0.70711,0.70711,0,0,0,0,0
0,0,0.75,0,0,0,0,0,0,0.70711,0.70711,0,0,0,0,0
0,0,0.75,0,0,0,0,0,0,0.70711,0.70711,0,0,0,0,0
0,0,0.75,0,0,0,0,0,0,0.70711,0.70711,0,0,0,0,0
0,0,0.75,0,0,0,0,0,0,0.70711,0.70711,0,0,0,0,0
0,0,0.75,0,0,0,0,0,0,0.70711,0.70711,0,0,0,0,0
0,0,0.75,0,0,0,0,0,0,0.70711,0.70711,0,0,0,0,0
0,0,0.75,0,0,0,0,0,0,0.70711,0.70711,0,0,0,0,0
0,0,0.75,0,0,0,0,0,0,0.70711,0.70711,0,0,0,0,0
0,0,0.75,0,0,0,0,0,0,0.70711,0.70711,0,0,0,0,0
0,0,0.75,0,0,0,0,0,0,0.70711,0.70711,0,0,0,0,0
0,0,0.75,0,0,0,0,0,0,0.70711,0.70711,0,0,0,0,0
0,0,0.75,0,0,0,0,0,0,0.70711,0.70711,0,0,0,0,0
0,0,0.75,0,0,0,0,0,0,0.70711,0.70711,0,0,0,0,0
0,0,0.75,0,0,0,0,0,0,0.70711,0.70711,0,0,0,0,0
0,0,0.75,0,0,0,0,0,0,0.70711,0.70711,0,0,0,0,0
0,0,0.75,0,0,0,0,0,0,0.70711,0.70711,0,0,0,0,0
0,0,0.75,0,0,0,0,0,0,0.70711,0.70711,0,0,0,0,0
0,0,0.75,0,0,0,0,0,0,0.70711,0.70711,0,0,0,0,0
0,0,0.75,0,0,0,0,0,0,0.70711,0.70711,0,0,0,0,0
0,0,0.75,0,0,0,0,0,0,0.70711,0.70711,0,0,0,0,0
0,0,0.75,0,0,0,0,0,0,0.70711,0.70711,0,0,0,0,0
0,0,0.75,0,0,0,0,0,0,0.70711,0.70711,0,0,0,0,0
0,0,0.75,0,0,0,0,0,0,0.70711,0.70711,0,0,0,0,0
0,0,0.75,0,0,0,0,0,0,0.70711,0.70711,0,0,0,0,0
0,0,0.75,0,0,0,0,0,0,0.70711,0.70711,0,0,0,0,0
0,0,0.75,0,0,0,0,0,0,0.70711,0.70711,0,0,0,0,0
0,0,0.75,0,0,0,0,0,0,0.70711,0.70711,0,0,0,0,0
0,0,0.75,0,0,0,0,0,0,0.70711,0.70711,0,0,0,0,0
0,0,0.75,0,0,0,0,0,0,0.70711,0.70711,0,0,0,0,0
0,0,0.75,0,0,0,0,0,0,0.70711,0.70711,0,0,0,0,0
0,0,0.75,0,0,0,0,0,0,0.70711,0.70711,0,0,0,0,0
0,0,0.75,0,0,0,0,0,0,0.70711,0.70711,0,0,0,0,0
0,0,0.75,0,0,0,0,0,0,0.70711,0.70711,0,0,0,0,0
0,0,0.75,0,0,0,0,0,0,0.70711,0.70711,0,0,0,0,0
0,0,0.75,0,0,0,0,0,0,0.70711,0.70711,0,0,0,0,0
0,0,0.75,0,0,0,0,0,0,0.70711,0.70711,0,0,0,0,0
0,0,0.75,0,0,0,0,0,0,0.70711,0.70711,0,0,0,0,0
0,0,0.75,0,0,0,0,0,0,0.70711,0.70711,0,0,0,0,0
0,0,0.75,0,0,0,0,0,0,0.70711,0.70711,0,0,0,0,0
0,0,0.75,0,0,0,0,0,0,0.70711,0.70711,0,0,0,0,0
0,0,0.75,0,0,0,0,0,0,0.70711,0.70711,0,0,0,0,0
0,0,0.75,0,0,0,0,0,0,0.70711,0.70711,0,0,0,0,0
0,0,0.75,0,0,0,0,0,0,0.70711,0.70711,0,0,0,0,0
0,0,0.75,0,0,0,0,0,0,0.70711,0.70711,0,0,0,0,0
0,0,0.75,0,0,0,0,0,0,0.70711,0.70711,0,0,0,0,0
0,0,0.75,0,0,0,0,0,0,0.70711,0.70711,0,0,0,0,0
0,0,0.75,0,0,0,0,0,0,0.70711,0.70711,0,0,0,0,0
0,0,0.75,0,0,0,0,0,0,0.70711,0.70711,0,0,0,0,0
0,0,0.75,0,0,0,0,0,0,0.70711,0.70711,0,0,0,0,0
0,0,0.75,0,0,0,0,0,0,0.70711,0.70711,0,0,0,0,0
0,0,0.75,0,0,0,0,0,0,0.70711,0.70711,0,0,0,0,0
0,0,0.75,0,0,0,0,0,0,0.70711,0.70711,0,0,0,0,0
0,0,0.75,0,0,0,0,0,0,0.70711,0.70711,0,0,0,0,0
0,0,0.75,0,0,0,0,0,0,0.70711,0.70711,0,0,0,0,0
0,0,0.75,0,0,0,0,0,0,0.70711,0.70711,0,0,0,0,0
0,0,0.75,0,0,0,0,0,0,0.70711,0.70711,0,0,0,0,0
0,0,0.75,0,0,0,0,0,0,0.70711,0.70711,0,0,0,0,0
0,0,0.75,0,0,0,0,0,0,0.70711,0.70711,0,0,0,0,0
0,0,0.75,0,0,0,0,0,0,0.70711,0.70711,0,0,0,0,0
0,0,0.75,0,0,0,0,0,0,0.70711,0.70711,0,0,0,0,0
0,0,0.75,0,0,0,0,0,0,0.70711,0.70711,0,0,0,0,0
0,0,0.75,0,0,0,0,0,0,0.70711,0.70711,0,0,0,0,0
0,0,0.75,0,0,0,0,0,0,0.70711,0.70711,0,0,0,0,0
0,0,0.75,0,0,0,0,0,0,0.70711,0.70711,0,0,0,0,0
0,0,0.75,0,0,0,0,0,0,0.70711,0.70711,0,0,0,0,0
0,0,0.75,0,0,0,0,0,0,0.70711,0.70711,0,0,0,0,0
0,0,0.75,0,0,0,0,0,0,0.70711,0.70711,0,0,0,0,0
0,0,0.75,0,0,0,0,0,0,0.70711,0.70711,0,0,0,0,0
0,0,0.75,0,0,0,0,0,0,0.70711,0.70711,0,0,0,0,0
0,0,0.75,0,0,0,0,0,0,0.70711,0.70711,0,0,0,0,0
0,0,0.75,0,0,0,0,0,0,0.70711,0.70711,0,0,0,0,0
0,0,0.75,0,0,0,0,0,0,0.70711,0.70711,0,0,0,0,0
0,0,0.75,0,0,0,0,0,0,0.70711,0.70711,0,0,0,0,0
0,0,0.75,0,0,0,0,0,0,0.70711,0.70711,0,0,0,0,0
0,0,0.75,0,0,0,0,0,0,0.70711,0.70711,0,0,0,0,0
0,0,0.75,0,0,0,0,0,0,0.70711,0.70711,0,0,0,0,0
0,0,0.75,0,0,0,0,0,0,0.70711,0.70711,0,0,0,0,0
0,0,0.75,0,0,0,0,0,0,0.70711,0.70711,0,0,0,0,0
0,0,0.75,0,0,0,0,0,0,0.70711,0.70711,0,0,0,0,0
0,0,0.75,0,0,0,0,0,0,0.70711,0.70711,0,0,0,0,0
0,0,0.75,0,0,0,0,0,0,0.70711,0.70711,0,0,0,0,0
0,0,0.75,0,0,0,0,0,0,0.70711,0.70711,0,0,0,0,0
0,0,0.75,0,0,0,0,0,0,0.70711,0.70711,0,0,0,0,0
0,0,0.75,0,0,0,0,0,0,0.70711,0.70711,0,0,0,0,0
0,0,0.75,0,0,0,0,0,0,0.70711,0.70711,0,0,0,0,0
0,0,0.75,0,0,0,0,0,0,0.70711,0.70711,0,0,0,0,0
0,0,0.75,0,0,0,0,0,0,0.70711,0.70711,0,0,0,0,0
0,0,0.75,0,0,0,0,0,0,0.70711,0.70711,0,0,0,0,0
0,0,0.75,0,0,0,0,0,0,0.70711,0.70711,0,0,0,0,0
0,0,0.75,0,0,0,0,0,0,0.70711,0.70711,0,0,0,0,0
0,0,0.75,0,0,0,0,0,0,0.70711,0.70711,0,0,0,0,0
0,0,0.75,0,0,0,0,0,0,0.70711,0.70711,0,0,0,0,0
0,0,0.75,0,0,0,0,0,0,0.70711,0.70711,0,0,0,0,0
0,0,0.75,0,0,0,0,0,0,0.70711,0.70711,0,0,0,0,0
0,0,0.75,0,0,0,0,0,0,0.70711,0.70711,0,0,0,0,0
0,0,0.75,0,0,0,0,0,0,0.70711,0.70711,0,0,0,0,0
0,0,0.75,0,0,0,0,0,0,0.70711,0.70711,0,0,0,0,0
0,0,0.75,0,0,0,0,0,0,0.70711,0.70711,0,0,0,0,0
0,0,0.75,0,0,0,0,0,0,0.70711,0.70711,0,0,0,0,0
0,0,0.75,0,0,0,0,0,0,0.70711,0.70711,0,0,0,0,0
0,0,0.75,0,0,0,0,0,0,0.70711,0.70711,0,0,0,0,0
0,0,0.75,0,0,0,0,0,0,0.70711,0.70711,0,0,0,0,0
0,0,0.75,0,0,0,0,0,0,0.70711,0.70711,0,0,0,0,0
0,0,0.75,0,0,0,0,0,0,0.70711,0.70711,0,0,0,0,0
0,0,0.75,0,0,0,0,0,0,0.70711,0.70711,0,0,0,0,0
0,0,0.75,0,0,0,0,0,0,0.70711,0.70711,0,0,0,0,0
0,0,0.75,0,0,0,0,0,0,0.70711,0.70711,0,0,0,0,0
0,0,0.75,0,0,0,0,0,0,0.70711,0.70711,0,0,0,0,0
0,0,0.75,0,0,0,0,0,0,0.70711,0.70711,0,0,0,0,0
0,0,0.75,0,0,0,0,0,0,0.70711,0.70711,0,0,0,0,0
0,0,0.75,0,0,0,0,0,0,0.70711,0.70711,0,0,0,0,0
0,0,0.75,0,0,0,0,0,0,0.70711,0.70711,0,0,0,0,0
0,0,0.75,0,0,0,0,0,0,0.70711,0.70711,0,0,0,0,0
0,0,0.75,0,0,0,0,0,0,0.70711,0.70711,0,0,0,0,0
0,0,0.75,0,0,0,0,0,0,0.70711,0.70711,0,0,0,0,0
0,0,0.75,0,0,0,0,0,0,0.70711,0.70711,0,0,0,0,0
0,0,0.75,0,0,0,0,0,0,0.70711,0.70711,0,0,0,0,0
0,0,0.75,0,0,0,0,0,0,0.70711,0.70711,0,0,0,0,0
0,0,0.75,0,0,0,0,0,0,0.70711,0.70711,0,0,0,0,0
0,0,0.75,0,0,0,0,0,0,0.70711,0.70711,0,0,0,0,0
0,0,0.75,0,0,0,0,0,0,0.70711,0.70711,0,0,0,0,0
0,0,0.75,0,0,0,0,0,0,0.70711,0.70711,0,0,0,0,0
0,0,0.75,0,0,0,0,0,0,0.70711,0.70711,0,0,0,0,0
0,0,0.75,0,0,0,0,0,0,0.70711,0.70711,0,0,0,0,0
0,0,0.75,0,0,0,0,0,0,0.70711,0.70711,0,0,0,0,0
0,0,0.75,0,0,0,0,0,0,0.70711,0.70711,0,0,0,0,0
0,0,0.75,0,0,0,0,0,0,0.70711,0.70711,0,0,0,0,0
0,0,0.75,0,0,0,0,0,0,0.70711,0.70711,0,0,0,0,0
0,0,0.75,0,0,0,0,0,0,0.71019,0.70401,0,0,-0.43633,0,0
0,0,0.75,0,0,0,0,0,0,0.71325,0.70091,0,0,-0.43633,0,0
0,0,0.75,0,0,0,0,0,0,0.7163,0.69779,0,0,-0.43633,0,0
0,0,0.75,0,0,0,0,0,0,0.71934,0.69466,0,0,-0.43633,0,0
0,0,0.75,0,0,0,0,0,0,0.72236,0.69151,0,0,-0.43633,0,0
0,0,0.75,0,0,0,0,0,0,0.72537,0.68835,0,0,-0.43633,0,0
0,0,0.75,0,0,0,0,0,0,0.72837,0.68518,0,0,-0.43633,0,0
0,0,0.75,0,0,0,0,0,0,0.73135,0.682,0,0,-0.43633,0,0
0,0,0.75,0,0,0,0,0,0,0.73432,0.6788,0,0,-0.43633,0,0
0,0,0.75,0,0,0,0,0,0,0.73728,0.67559,0,0,-0.43633,0,0
0,0,0.75,0,0,0,0,0,0,0.74022,0.67237,0,0,-0.43633,0,0
0,0,0.75,0,0,0,0,0,0,0.74314,0.66913,0,0,-0.43633,0,0
0,0,0.75,0,0,0,0,0,0,0.74606,0.66588,0,0,-0.43633,0,0
0,0,0.75,0,0,0,0,0,0,0.74896,0.66262,0,0,-0.43633,0,0
0,0,0.75,0,0,0,0,0,0,0.75184,0.65935,0,0,-0.43633,0,0
0,0,0.75,0,0,0,0,0,0,0.75471,0.65606,0,0,-0.43633,0,0
0,0,0.75,0,0,0,0,0,0,0.75756,0.65276,0,0,-0.43633,0,0
0,0,0.75,0,0,0,0,0,0,0.76041,0.64945,0,0,-0.43633,0,0
0,0,0.75,0,0,0,0,0,0,0.76323,0.64612,0,0,-0.43633,0,0
0,0,0.75,0,0,0,0,0,0,0.76604,0.64279,0,0,-0.43633,0,0
0,0,0.75,0,0,0,0,0,0,0.76884,0.63944,0,0,-0.43633,0,0
0,0,0.75,0,0,0,0,0,0,0.77162,0.63608,0,0,-0.43633,0,0
0,0,0.75,0,0,0,0,0,0,0.77439,0.63271,0,0,-0.43633,0,0
0,0,0.75,0,0,0,0,0,0,0.77715,0.62932,0,0,-0.43633,0,0
0,0,0.75,0,0,0,0,0,0,0.77988,0.62592,0,0,-0.43633,0,0
0,0,0.75,0,0,0,0,0,0,0.78261,0.62251,0,0,-0.43633,0,0
0,0,0.75,0,0,0,0,0,0,0.78532,0.61909,0,0,-0.43633,0,0
0,0,0.75,0,0,0,0,0,0,0.78801,0.61566,0,0,-0.43633,0,0
0,0,0.75,0,0,0,0,0,0,0.79069,0.61222,0,0,-0.43633,0,0
0,0,0.75,0,0,0,0,0,0,0.79335,0.60876,0,0,-0.43633,0,0
0,0,0.75,0,0,0,0,0,0,0.796,0.60529,0,0,-0.43633,0,0
0,0,0.75,0,0,0,0,0,0,0.79864,0.60182,0,0,-0.43633,0,0
0,0,0.75,0,0,0,0,0,0,0.80125,0.59832,0,0,-0.43633,0,0
0,0,0.75,0,0,0,0,0,0,0.80386,0.59482,0,0,-0.43633,0,0
0,0,0.75,0,0,0,0,0,0,0.80644,0.59131,0,0,-0.43633,0,0
0,0,0.75,0,0,0,0,0,0,0.80902,0.58779,0,0,-0.43633,0,0
0,0,0.75,0,0,0,0,0,0,0.81157,0.58425,0,0,-0.43633,0,0
0,0,0.75,0,0,0,0,0,0,0.81412,0.5807,0,0,-0.43633,0,0
0,0,0.75,0,0,0,0,0,0,0.81664,0.57715,0,0,-0.43633,0,0
0,0,0.75,0,0,0,0,0,0,0.81915,0.57358,0,0,-0.43633,0,0
0,0,0.75,0,0,0,0,0,0,0.82165,0.57,0,0,-0.43633,0,0
0,0,0.75,0,0,0,0,0,0,0.82413,0.56641,0,0,-0.43633,0,0
0,0,0.75,0,0,0,0,0,0,0.82659,0.5628,0,0,-0.43633,0,0
0,0,0.75,0,0,0,0,0,0,0.82904,0.55919,0,0,-0.43633,0,0
0,0,0.75,0,0,0,0,0,0,0.83147,0.55557,0,0,-0.43633,0,0
0,0,0.75,0,0,0,0,0,0,0.83389,0.55194,0,0,-0.43633,0,0
0,0,0.75,0,0,0,0,0,0,0.83629,0.54829,0,0,-0.43633,0,0
0,0,0.75,0,0,0,0,0,0,0.83867,0.54464,0,0,-0.43633,0,0
0,0,0.75,0,0,0,0,0,0,0.84104,0.54097,0,0,-0.43633,0,0
0,0,0.75,0,0,0,0,0,0,0.84339,0.5373,0,0,-0.43633,0,0
0,0,0.75,0,0,0,0,0,0,0.84573,0.53361,0,0,-0.43633,0,0
0,0,0.75,0,0,0,0,0,0,0.84805,0.52992,0,0,-0.43633,0,0
0,0,0.75,0,0,0,0,0,0,0.85035,0.52621,0,0,-0.43633,0,0
0,0,0.75,0,0,0,0,0,0,0.85264,0.5225,0,0,-0.43633,0,0
0,0,0.75,0,0,0,0,0,0,0.85491,0.51877,0,0,-0.43633,0,0
0,0,0.75,0,0,0,0,0,0,0.85717,0.51504,0,0,-0.43633,0,0
0,0,0.75,0,0,0,0,0,0,0.85941,0.51129,0,0,-0.43633,0,0
0,0,0.75,0,0,0,0,0,0,0.86163,0.50754,0,0,-0.43633,0,0
0,0,0.75,0,0,0,0,0,0,0.86384,0.50377,0,0,-0.43633,0,0
0,0,0.75,0,0,0,0,0,0,0.86603,0.5,0,0,-0.43633,0,0
0,0,0.75,0,0,0,0,0,0,0.8682,0.49622,0,0,-0.43633,0,0
0,0,0.75,0,0,0,0,0,0,0.87036,0.49242,0,0,-0.43633,0,0
0,0,0.75,0,0,0,0,0,0,0.8725,0.48862,0,0,-0.43633,0,0
0,0,0.75,0,0,0,0,0,0,0.87462,0.48481,0,0,-0.43633,0,0
0,0,0.75,0,0,0,0,0,0,0.87673,0.48099,0,0,-0.43633,0,0
0,0,0.75,0,0,0,0,0,0,0.87882,0.47716,0,0,-0.43633,0,0
0,0,0.75,0,0,0,0,0,0,0.88089,0.47332,0,0,-0.43633,0,0
0,0,0.75,0,0,0,0,0,0,0.88295,0.46947,0,0,-0.43633,0,0
0,0,0.75,0,0,0,0,0,0,0.88499,0.46561,0,0,-0.43633,0,0
0,0,0.75,0,0,0,0,0,0,0.88701,0.46175,0,0,-0.43633,0,0
0,0,0.75,0,0,0,0,0,0,0.88902,0.45787,0,0,-0.43633,0,0
0,0,0.75,0,0,0,0,0,0,0.89101,0.45399,0,0,-0.43633,0,0
0,0,0.75,0,0,0,0,0,0,0.89298,0.4501,0,0,-0.43633,0,0
0,0,0.75,0,0,0,0,0,0,0.89493,0.4462,0,0,-0.43633,0,0
0,0,0.75,0,0,0,0,0,0,0.89687,0.44229,0,0,-0.43633,0,0
0,0,0.75,0,0,0,0,0,0,0.89879,0.43837,0,0,-0.43633,0,0
0,0,0.75,0,0,0,0,0,0,0.9007,0.43445,0,0,-0.43633,0,0
0,0,0.75,0,0,0,0,0,0,0.90259,0.43051,0,0,-0.43633,0,0
0,0,0.75,0,0,0,0,0,0,0.90446,0.42657,0,0,-0.43633,0,0
0,0,0.75,0,0,0,0,0,0,0.90631,0.42262,0,0,-0.43633,0,0
0,0,0.75,0,0,0,0,0,0,0.90814,0.41866,0,0,-0.43633,0,0
0,0,0.75,0,0,0,0,0,0,0.90996,0.41469,0,0,-0.43633,0,0
0,0,0.75,0,0,0,0,0,0,0.91176,0.41072,0,0,-0.43633,0,0
0,0,0.75,0,0,0,0,0,0,0.91355,0.40674,0,0,-0.43633,0,0
0,0,0.75,0,0,0,0,0,0,0.91531,0.40275,0,0,-0.43633,0,0
0,0,0.75,0,0,0,0,0,0,0.91706,0.39875,0,0,-0.43633,0,0
0,0,0.75,0,0,0,0,0,0,0.91879,0.39474,0,0,-0.43633,0,0
0,0,0.75,0,0,0,0,0,0,0.9205,0.39073,0,0,-0.43633,0,0
0,0,0.75,0,0,0,0,0,0,0.9222,0.38671,0,0,-0.43633,0,0
0,0,0.75,0,0,0,0,0,0,0.92388,0.38268,0,0,-0.43633,0,0
0,0,0.75,0,0,0,0,0,0,0.92554,0.37865,0,0,-0.43633,0,0
0,0,0.75,0,0,0,0,0,0,0.92718,0.37461,0,0,-0.43633,0,0
0,0,0.75,0,0,0,0,0,0,0.92881,0.37056,0,0,-0.43633,0,0
0,0,0.75,0,0,0,0,0,0,0.93042,0.3665,0,0,-0.43633,0,0
0,0,0.75,0,0,0,0,0,0,0.93201,0.36244,0,0,-0.43633,0,0
0,0,0.75,0,0,0,0,0,0,0.93358,0.35837,0,0,-0.43633,0,0
0,0,0.75,0,0,0,0,0,0,0.93514,0.35429,0,0,-0.43633,0,0
0,0,0.75,0,0,0,0,0,0,0.93667,0.35021,0,0,-0.43633,0,0
0,0,0.75,0,0,0,0,0,0,0.93819,0.34612,0,0,-0.43633,0,0
0,0,0.75,0,0,0,0,0,0,0.93969,0.34202,0,0,-0.43633,0,0
0,0,0.75,0,0,0,0,0,0,0.94118,0.33792,0,0,-0.43633,0,0
0,0,0.75,0,0,0,0,0,0,0.94264,0.33381,0,0,-0.43633,0,0
0,0,0.75,0,0,0,0,0,0,0.94409,0.32969,0,0,-0.43633,0,0
0,0,0.75,0,0,0,0,0,0,0.94552,0.32557,0,0,-0.43633,0,0
0,0,0.75,0,0,0,0,0,0,0.94693,0.32144,0,0,-0.43633,0,0
0,0,0.75,0,0,0,0,0,0,0.94832,0.3173,0,0,-0.43633,0,0
0,0,0.75,0,0,0,0,0,0,0.9497,0.31316,0,0,-0.43633,0,0
0,0,0.75,0,0,0,0,0,0,0.95106,0.30902,0,0,-0.43633,0,0
0,0,0.75,0,0,0,0,0,0,0.9524,0.30486,0,0,-0.43633,0,0
0,0,0.75,0,0,0,0,0,0,0.95372,0.30071,0,0,-0.43633,0,0
0,0,0.75,0,0,0,0,0,0,0.95502,0.29654,0,0,-0.43633,0,0
0,0,0.75,0,0,0,0,0,0,0.9563,0.29237,0,0,-0.43633,0,0
0,0,0.75,0,0,0,0,0,0,0.95757,0.2882,0,0,-0.43633,0,0
0,0,0.75,0,0,0,0,0,0,0.95882,0.28402,0,0,-0.43633,0,0
0,0,0.75,0,0,0,0,0,0,0.96005,0.27983,0,0,-0.43633,0,0
0,0,0.75,0,0,0,0,0,0,0.96126,0.27564,0,0,-0.43633,0,0
0,0,0.75,0,0,0,0,0,0,0.96246,0.27144,0,0,-0.43633,0,0
0,0,0.75,0,0,0,0,0,0,0.96363,0.26724,0,0,-0.43633,0,0
0,0,0.75,0,0,0,0,0,0,0.96479,0.26303,0,0,-0.43633,0,0
0,0,0.75,0,0,0,0,0,0,0.96593,0.25882,0,0,-0.43633,0,0
0,0,0.75,0,0,0,0,0,0,0.96705,0.2546,0,0,-0.43633,0,0
0,0,0.75,0,0,0,0,0,0,0.96815,0.25038,0,0,-0.43633,0,0
0,0,0.75,0,0,0,0,0,0,0.96923,0.24615,0,0,-0.43633,0,0
0,0,0.75,0,0,0,0,0,0,0.9703,0.24192,0,0,-0.43633,0,0
0,0,0.75,0,0,0,0,0,0,0.97134,0.23769,0,0,-0.43633,0,0
0,0,0.75,0,0,0,0,0,0,0.97237,0.23345,0,0,-0.43633,0,0
0,0,0.75,0,0,0,0,0,0,0.97338,0.2292,0,0,-0.43633,0,0
0,0,0.75,0,0,0,0,0,0,0.97437,0.22495,0,0,-0.43633,0,0
0,0,0.75,0,0,0,0,0,0,0.97534,0.2207,0,0,-0.43633,0,0
0,0,0.75,0,0,0,0,0,0,0.9763,0.21644,0,0,-0.43633,0,0
0,0,0.75,0,0,0,0,0,0,0.97723,0.21218,0,0,-0.43633,0,0
0,0,0.75,0,0,0,0,0,0,0.97815,0.20791,0,0,-0.43633,0,0
0,0,0.75,0,0,0,0,0,0,0.97905,0.20364,0,0,-0.43633,0,0
0,0,0.75,0,0,0,0,0,0,0.97992,0.19937,0,0,-0.43633,0,0
0,0,0.75,0,0,0,0,0,0,0.98079,0.19509,0,0,-0.43633,0,0
0,0,0.75,0,0,0,0,0,0,0.98163,0.19081,0,0,-0.43633,0,0
0,0,0.75,0,0,0,0,0,0,0.98245,0.18652,0,0,-0.43633,0,0
0,0,0.75,0,0,0,0,0,0,0.98325,0.18224,0,0,-0.43633,0,0
0,0,0.75,0,0,0,0,0,0,0.98404,0.17794,0,0,-0.43633,0,0
0,0,0.75,0,0,0,0,0,0,0.98481,0.17365,0,0,-0.43633,0,0
0,0,0.75,0,0,0,0,0,0,0.98556,0.16935,0,0,-0.43633,0,0
0,0,0.75,0,0,0,0,0,0,0.98629,0.16505,0,0,-0.43633,0,0
0,0,0.75,0,0,0,0,0,0,0.987,0.16074,0,0,-0.43633,0,0
0,0,0.75,0,0,0,0,0,0,0.98769,0.15643,0,0,-0.43633,0,0
0,0,0.75,0,0,0,0,0,0,0.98836,0.15212,0,0,-0.43633,0,0
0,0,0.75,0,0,0,0,0,0,0.98902,0.14781,0,0,-0.43633,0,0
0,0,0.75,0,0,0,0,0,0,0.98965,0.14349,0,0,-0.43633,0,0
0,0,0.75,0,0,0,0,0,0,0.99027,0.13917,0,0,-0.43633,0,0
0,0,0.75,0,0,0,0,0,0,0.99087,0.13485,0,0,-0.43633,0,0
0,0,0.75,0,0,0,0,0,0,0.99144,0.13053,0,0,-0.43633,0,0
0,0,0.75,0,0,0,0,0,0,0.992,0.1262,0,0,-0.43633,0,0
0,0,0.75,0,0,0,0,0,0,0.99255,0.12187,0,0,-0.43633,0,0
0,0,0.75,0,0,0,0,0,0,0.99307,0.11754,0,0,-0.43633,0,0
0,0,0.75,0,0,0,0,0,0,0.99357,0.1132,0,0,-0.43633,0,0
0,0,0.75,0,0,0,0,0,0,0.99406,0.10887,0,0,-0.43633,0,0
0,0,0.75,0,0,0,0,0,0,0.99452,0.10453,0,0,-0.43633,0,0
0,0,0.75,0,0,0,0,0,0,0.99497,0.10019,0,0,-0.43633,0,0
0,0,0.75,0,0,0,0,0,0,0.9954,0.095846,0,0,-0.43633,0,0
0,0,0.75,0,0,0,0,0,0,0.9958,0.091502,0,0,-0.43633,0,0
0,0,0.75,0,0,0,0,0,0,0.99619,0.087156,0,0,-0.43633,0,0
0,0,0.75,0,0,0,0,0,0,0.99657,0.082808,0,0,-0.43633,0,0
0,0,0.75,0,0,0,0,0,0,0.99692,0.078459,0,0,-0.43633,0,0
0,0,0.75,0,0,0,0,0,0,0.99725,0.074108,0,0,-0.43633,0,0
0,0,0.75,0,0,0,0,0,0,0.99756,0.069756,0,0,-0.43633,0,0
0,0,0.75,0,0,0,0,0,0,0.99786,0.065403,0,0,-0.43633,0,0
0,0,0.75,0,0,0,0,0,0,0.99813,0.061049,0,0,-0.43633,0,0
0,0,0.75,0,0,0,0,0,0,0.99839,0.056693,0,0,-0.43633,0,0
0,0,0.75,0,0,0,0,0,0,0.99863,0.052336,0,0,-0.43633,0,0
0,0,0.75,0,0,0,0,0,0,0.99885,0.047978,0,0,-0.43633,0,0
0,0,0.75,0,0,0,0,0,0,0.99905,0.043619,0,0,-0.43633,0,0
0,0,0.75,0,0,0,0,0,0,0.99923,0.03926,0,0,-0.43633,0,0
0,0,0.75,0,0,0,0,0,0,0.99939,0.034899,0,0,-0.43633,0,0
0,0,0.75,0,0,0,0,0,0,0.99953,0.030539,0,0,-0.43633,0,0
0,0,0.75,0,0,0,0,0,0,0.99966,0.026177,0,0,-0.43633,0,0
0,0,0.75,0,0,0,0,0,0,0.99976,0.021815,0,0,-0.43633,0,0
0,0,0.75,0,0,0,0,0,0,0.99985,0.017452,0,0,-0.43633,0,0
0,0,0.75,0,0,0,0,0,0,0.99991,0.01309,0,0,-0.43633,0,0
0,0,0.75,0,0,0,0,0,0,0.99996,0.0087265,0,0,-0.43633,0,0
0,0,0.75,0,0,0,0,0,0,0.99999,0.0043633,0,0,-0.43633,0,0
0,0,0.75,0,0,0,0,0,0,1,0,0,0,-0.43633,0,0
0,0,0.75,0,0,0,0,0,0,0.99999,-0.0043633,0,0,-0.43633,0,0
0,0,0.75,0,0,0,0,0,0,0.99996,-0.0087265,0,0,-0.43633,0,0
0,0,0.75,0,0,0,0,0,0,0.99991,-0.01309,0,0,-0.43633,0,0
0,0,0.75,0,0,0,0,0,0,0.99985,-0.017452,0,0,-0.43633,0,0
0,0,0.75,0,0,0,0,0,0,0.99976,-0.021815,0,0,-0.43633,0,0
0,0,0.75,0,0,0,0,0,0,0.99966,-0.026177,0,0,-0.43633,0,0
0,0,0.75,0,0,0,0,0,0,0.99953,-0.030539,0,0,-0.43633,0,0
0,0,0.75,0,0,0,0,0,0,0.99939,-0.034899,0,0,-0.43633,0,0
0,0,0.75,0,0,0,0,0,0,0.99923,-0.03926,0,0,-0.43633,0,0
0,0,0.75,0,0,0,0,0,0,0.99905,-0.043619,0,0,-0.43633,0,0
0,0,0.75,0,0,0,0,0,0,0.99885,-0.047978,0,0,-0.43633,0,0
0,0,0.75,0,0,0,0,0,0,0.99863,-0.052336,0,0,-0.43633,0,0
0,0,0.75,0,0,0,0,0,0,0.99839,-0.056693,0,0,-0.43633,0,0
0,0,0.75,0,0,0,0,0,0,0.99813,-0.061049,0,0,-0.43633,0,0
0,0,0.75,0,0,0,0,0,0,0.99786,-0.065403,0,0,-0.43633,0,0
0,0,0.75,0,0,0,0,0,0,0.99756,-0.069756,0,0,-0.43633,0,0
0,0,0.75,0,0,0,0,0,0,0.99725,-0.074108,0,0,-0.43633,0,0
0,0,0.75,0,0,0,0,0,0,0.99692,-0.078459,0,0,-0.43633,0,0
0,0,0.75,0,0,0,0,0,0,0.99657,-0.082808,0,0,-0.43633,0,0
0,0,0.75,0,0,0,0,0,0,0.99619,-0.087156,0,0,-0.43633,0,0
0,0,0.75,0,0,0,0,0,0,0.9958,-0.091502,0,0,-0.43633,0,0
0,0,0.75,0,0,0,0,0,0,0.9954,-0.095846,0,0,-0.43633,0,0
0,0,0.75,0,0,0,0,0,0,0.99497,-0.10019,0,0,-0.43633,0,0
0,0,0.75,0,0,0,0,0,0,0.99452,-0.10453,0,0,-0.43633,0,0
0,0,0.75,0,0,0,0,0,0,0.99406,-0.10887,0,0,-0.43633,0,0
0,0,0.75,0,0,0,0,0,0,0.99357,-0.1132,0,0,-0.43633,0,0
0,0,0.75,0,0,0,0,0,0,0.99307,-0.11754,0,0,-0.43633,0,0
0,0,0.75,0,0,0,0,0,0,0.99255,-0.12187,0,0,-0.43633,0,0
0,0,0.75,0,0,0,0,0,0,0.992,-0.1262,0,0,-0.43633,0,0
0,0,0.75,0,0,0,0,0,0,0.99144,-0.13053,0,0,-0.43633,0,0
0,0,0.75,0,0,0,0,0,0,0.99087,-0.13485,0,0,-0.43633,0,0
0,0,0.75,0,0,0,0,0,0,0.99027,-0.13917,0,0,-0.43633,0,0
0,0,0.75,0,0,0,0,0,0,0.98965,-0.14349,0,0,-0.43633,0,0
0,0,0.75,0,0,0,0,0,0,0.98902,-0.14781,0,0,-0.43633,0,0
0,0,0.75,0,0,0,0,0,0,0.98836,-0.15212,0,0,-0.43633,0,0
0,0,0.75,0,0,0,0,0,0,0.98769,-0.15643,0,0,-0.43633,0,0
0,0,0.75,0,0,0,0,0,0,0.987,-0.16074,0,0,-0.43633,0,0
0,0,0.75,0,0,0,0,0,0,0.98629,-0.16505,0,0,-0.43633,0,0
0,0,0.75,0,0,0,0,0,0,0.98556,-0.16935,0,0,-0.43633,0,0
0,0,0.75,0,0,0,0,0,0,0.98481,-0.17365,0,0,-0.43633,0,0
0,0,0.75,0,0,0,0,0,0,0.98404,-0.17794,0,0,-0.43633,0,0
0,0,0.75,0,0,0,0,0,0,0.98325,-0.18224,0,0,-0.43633,0,0
0,0,0.75,0,0,0,0,0,0,0.98245,-0.18652,0,0,-0.43633,0,0
0,0,0.75,0,0,0,0,0,0,0.98163,-0.19081,0,0,-0.43633,0,0
0,0,0.75,0,0,0,0,0,0,0.98079,-0.19509,0,0,-0.43633,0,0
0,0,0.75,0,0,0,0,0,0,0.97992,-0.19937,0,0,-0.43633,0,0
0,0,0.75,0,0,0,0,0,0,0.97905,-0.20364,0,0,-0.43633,0,0
0,0,0.75,0,0,0,0,0,0,0.97815,-0.20791,0,0,-0.43633,0,0
0,0,0.75,0,0,0,0,0,0,0.97723,-0.21218,0,0,-0.43633,0,0
0,0,0.75,0,0,0,0,0,0,0.9763,-0.21644,0,0,-0.43633,0,0
0,0,0.75,0,0,0,0,0,0,0.97534,-0.2207,0,0,-0.43633,0,0
0,0,0.75,0,0,0,0,0,0,0.97437,-0.22495,0,0,-0.43633,0,0
0,0,0.75,0,0,0,0,0,0,0.97338,-0.2292,0,0,-0.43633,0,0
0,0,0.75,0,0,0,0,0,0,0.97237,-0.23345,0,0,-0.43633,0,0
0,0,0.75,0,0,0,0,0,0,0.97134,-0.23769,0,0,-0.43633,0,0
0,0,0.75,0,0,0,0,0,0,0.9703,-0.24192,0,0,-0.43633,0,0
0,0,0.75,0,0,0,0,0,0,0.96923,-0.24615,0,0,-0.43633,0,0
0,0,0.75,0,0,0,0,0,0,0.96815,-0.25038,0,0,-0.43633,0,0
0,0,0.75,0,0,0,0,0,0,0.96705,-0.2546,0,0,-0.43633,0,0
0,0,0.75,0,0,0,0,0,0,0.96593,-0.25882,0,0,-0.43633,0,0
0,0,0.75,0,0,0,0,0,0,0.96479,-0.26303,0,0,-0.43633,0,0
0,0,0.75,0,0,0,0,0,0,0.96363,-0.26724,0,0,-0.43633,0,0
0,0,0.75,0,0,0,0,0,0,0.96246,-0.27144,0,0,-0.43633,0,0
0,0,0.75,0,0,0,0,0,0,0.96126,-0.27564,0,0,-0.43633,0,0
0,0,0.75,0,0,0,0,0,0,0.96005,-0.27983,0,0,-0.43633,0,0
0,0,0.75,0,0,0,0,0,0,0.95882,-0.28402,0,0,-0.43633,0,0
0,0,0.75,0,0,0,0,0,0,0.95757,-0.2882,0,0,-0.43633,0,0
0,0,0.75,0,0,0,0,0,0,0.9563,-0.29237,0,0,-0.43633,0,0
0,0,0.75,0,0,0,0,0,0,0.95502,-0.29654,0,0,-0.43633,0,0
0,0,0.75,0,0,0,0,0,0,0.95372,-0.30071,0,0,-0.43633,0,0
0,0,0.75,0,0,0,0,0,0,0.9524,-0.30486,0,0,-0.43633,0,0
0,0,0.75,0,0,0,0,0,0,0.95106,-0.30902,0,0,-0.43633,0,0
0,0,0.75,0,0,0,0,0,0,0.9497,-0.31316,0,0,-0.43633,0,0
0,0,0.75,0,0,0,0,0,0,0.94832,-0.3173,0,0,-0.43633,0,0
0,0,0.75,0,0,0,0,0,0,0.94693,-0.32144,0,0,-0.43633,0,0
0,0,0.75,0,0,0,0,0,0,0.94552,-0.32557,0,0,-0.43633,0,0
0,0,0.75,0,0,0,0,0,0,0.94409,-0.32969,0,0,-0.43633,0,0
0,0,0.75,0,0,0,0,0,0,0.94264,-0.33381,0,0,-0.43633,0,0
0,0,0.75,0,0,0,0,0,0,0.94118,-0.33792,0,0,-0.43633,0,0
0,0,0.75,0,0,0,0,0,0,0.93969,-0.34202,0,0,-0.43633,0,0
0,0,0.75,0,0,0,0,0,0,0.93819,-0.34612,0,0,-0.43633,0,0
0,0,0.75,0,0,0,0,0,0,0.93667,-0.35021,0,0,-0.43633,0,0
0,0,0.75,0,0,0,0,0,0,0.93514,-0.35429,0,0,-0.43633,0,0
0,0,0.75,0,0,0,0,0,0,0.93358,-0.35837,0,0,-0.43633,0,0
0,0,0.75,0,0,0,0,0,0,0.93201,-0.36244,0,0,-0.43633,0,0
0,0,0.75,0,0,0,0,0,0,0.93042,-0.3665,0,0,-0.43633,0,0
0,0,0.75,0,0,0,0,0,0,0.92881,-0.37056,0,0,-0.43633,0,0
0,0,0.75,0,0,0,0,0,0,0.92718,-0.37461,0,0,-0.43633,0,0
0,0,0.75,0,0,0,0,0,0,0.92554,-0.37865,0,0,-0.43633,0,0
0,0,0.75,0,0,0,0,0,0,0.92388,-0.38268,0,0,-0.43633,0,0
0,0,0.75,0,0,0,0,0,0,0.9222,-0.38671,0,0,-0.43633,0,0
0,0,0.75,0,0,0,0,0,0,0.9205,-0.39073,0,0,-0.43633,0,0
0,0,0.75,0,0,0,0,0,0,0.91879,-0.39474,0,0,-0.43633,0,0
0,0,0.75,0,0,0,0,0,0,0.91706,-0.39875,0,0,-0.43633,0,0
0,0,0.75,0,0,0,0,0,0,0.91531,-0.40275,0,0,-0.43633,0,0
0,0,0.75,0,0,0,0,0,0,0.91355,-0.40674,0,0,-0.43633,0,0
0,0,0.75,0,0,0,0,0,0,0.91176,-0.41072,0,0,-0.43633,0,0
0,0,0.75,0,0,0,0,0,0,0.90996,-0.41469,0,0,-0.43633,0,0
0,0,0.75,0,0,0,0,0,0,0.90814,-0.41866,0,0,-0.43633,0,0
0,0,0.75,0,0,0,0,0,0,0.90631,-0.42262,0,0,-0.43633,0,0
0,0,0.75,0,0,0,0,0,0,0.90446,-0.42657,0,0,-0.43633,0,0
0,0,0.75,0,0,0,0,0,0,0.90259,-0.43051,0,0,-0.43633,0,0
0,0,0.75,0,0,0,0,0,0,0.9007,-0.43445,0,0,-0.43633,0,0
0,0,0.75,0,0,0,0,0,0,0.89879,-0.43837,0,0,-0.43633,0,0
0,0,0.75,0,0,0,0,0,0,0.89687,-0.44229,0,0,-0.43633,0,0
0,0,0.75,0,0,0,0,0,0,0.89493,-0.4462,0,0,-0.43633,0,0
0,0,0.75,0,0,0,0,0,0,0.89298,-0.4501,0,0,-0.43633,0,0
0,0,0.75,0,0,0,0,0,0,0.89101,-0.45399,0,0,-0.43633,0,0
0,0,0.75,0,0,0,0,0,0,0.88902,-0.45787,0,0,-0.43633,0,0
0,0,0.75,0,0,0,0,0,0,0.88701,-0.46175,0,0,-0.43633,0,0
0,0,0.75,0,0,0,0,0,0,0.88499,-0.46561,0,0,-0.43633,0,0
0,0,0.75,0,0,0,0,0,0,0.88295,-0.46947,0,0,-0.43633,0,0
0,0,0.75,0,0,0,0,0,0,0.88089,-0.47332,0,0,-0.43633,0,0
0,0,0.75,0,0,0,0,0,0,0.87882,-0.47716,0,0,-0.43633,0,0
0,0,0.75,0,0,0,0,0,0,0.87673,-0.48099,0,0,-0.43633,0,0
0,0,0.75,0,0,0,0,0,0,0.87462,-0.48481,0,0,-0.43633,0,0
0,0,0.75,0,0,0,0,0,0,0.8725,-0.48862,0,0,-0.43633,0,0
0,0,0.75,0,0,0,0,0,0,0.87036,-0.49242,0,0,-0.43633,0,0
0,0,0.75,0,0,0,0,0,0,0.8682,-0.49622,0,0,-0.43633,0,0
0,0,0.75,0,0,0,0,0,0,0.86603,-0.5,0,0,-0.43633,0,0
0,0,0.75,0,0,0,0,0,0,0.86384,-0.50377,0,0,-0.43633,0,0
0,0,0.75,0,0,0,0,0,0,0.86163,-0.50754,0,0,-0.43633,0,0
0,0,0.75,0,0,0,0,0,0,0.85941,-0.51129,0,0,-0.43633,0,0
0,0,0.75,0,0,0,0,0,0,0.85717,-0.51504,0,0,-0.43633,0,0
0,0,0.75,0,0,0,0,0,0,0.85491,-0.51877,0,0,-0.43633,0,0
0,0,0.75,0,0,0,0,0,0,0.85264,-0.5225,0,0,-0.43633,0,0
0,0,0.75,0,0,0,0,0,0,0.85035,-0.52621,0,0,-0.43633,0,0
0,0,0.75,0,0,0,0,0,0,0.84805,-0.52992,0,0,-0.43633,0,0
0,0,0.75,0,0,0,0,0,0,0.84573,-0.53361,0,0,-0.43633,0,0
0,0,0.75,0,0,0,0,0,0,0.84339,-0.5373,0,0,-0.43633,0,0
0,0,0.75,0,0,0,0,0,0,0.84104,-0.54097,0,0,-0.43633,0,0
0,0,0.75,0,0,0,0,0,0,0.83867,-0.54464,0,0,-0.43633,0,0
0,0,0.75,0,0,0,0,0,0,0.83629,-0.54829,0,0,-0.43633,0,0
0,0,0.75,0,0,0,0,0,0,0.83389,-0.55194,0,0,-0.43633,0,0
0,0,0.75,0,0,0,0,0,0,0.83147,-0.55557,0,0,-0.43633,0,0
0,0,0.75,0,0,0,0,0,0,0.82904,-0.55919,0,0,-0.43633,0,0
0,0,0.75,0,0,0,0,0,0,0.82659,-0.5628,0,0,-0.43633,0,0
0,0,0.75,0,0,0,0,0,0,0.82413,-0.56641,0,0,-0.43633,0,0
0,0,0.75,0,0,0,0,0,0,0.82165,-0.57,0,0,-0.43633,0,0
0,0,0.75,0,0,0,0,0,0,0.81915,-0.57358,0,0,-0.43633,0,0
0,0,0.75,0,0,0,0,0,0,0.81664,-0.57715,0,0,-0.43633,0,0
0,0,0.75,0,0,0,0,0,0,0.81412,-0.5807,0,0,-0.43633,0,0
0,0,0.75,0,0,0,0,0,0,0.81157,-0.58425,0,0,-0.43633,0,0
0,0,0.75,0,0,0,0,0,0,0.80902,-0.58779,0,0,-0.43633,0,0
0,0,0.75,0,0,0,0,0,0,0.80644,-0.59131,0,0,-0.43633,0,0
0,0,0.75,0,0,0,0,0,0,0.80386,-0.59482,0,0,-0.43633,0,0
0,0,0.75,0,0,0,0,0,0,0.80125,-0.59832,0,0,-0.43633,0,0
0,0,0.75,0,0,0,0,0,0,0.79864,-0.60182,0,0,-0.43633,0,0
0,0,0.75,0,0,0,0,0,0,0.796,-0.60529,0,0,-0.43633,0,0
0,0,0.75,0,0,0,0,0,0,0.79335,-0.60876,0,0,-0.43633,0,0
0,0,0.75,0,0,0,0,0,0,0.79069,-0.61222,0,0,-0.43633,0,0
0,0,0.75,0,0,0,0,0,0,0.78801,-0.61566,0,0,-0.43633,0,0
0,0,0.75,0,0,0,0,0,0,0.78532,-0.61909,0,0,-0.43633,0,0
0,0,0.75,0,0,0,0,0,0,0.78261,-0.62251,0,0,-0.43633,0,0
0,0,0.75,0,0,0,0,0,0,0.77988,-0.62592,0,0,-0.43633,0,0
0,0,0.75,0,0,0,0,0,0,0.77715,-0.62932,0,0,-0.43633,0,0
0,0,0.75,0,0,0,0,0,0,0.77439,-0.63271,0,0,-0.43633,0,0
0,0,0.75,0,0,0,0,0,0,0.77162,-0.63608,0,0,-0.43633,0,0
0,0,0.75,0,0,0,0,0,0,0.76884,-0.63944,0,0,-0.43633,0,0
0,0,0.75,0,0,0,0,0,0,0.76604,-0.64279,0,0,-0.43633,0,0
0,0,0.75,0,0,0,0,0,0,0.76323,-0.64612,0,0,-0.43633,0,0
0,0,0.75,0,0,0,0,0,0,0.76041,-0.64945,0,0,-0.43633,0,0
0,0,0.75,0,0,0,0,0,0,0.75756,-0.65276,0,0,-0.43633,0,0
0,0,0.75,0,0,0,0,0,0,0.75471,-0.65606,0,0,-0.43633,0,0
0,0,0.75,0,0,0,0,0,0,0.75184,-0.65935,0,0,-0.43633,0,0
0,0,0.75,0,0,0,0,0,0,0.74896,-0.66262,0,0,-0.43633,0,0
0,0,0.75,0,0,0,0,0,0,0.74606,-0.66588,0,0,-0.43633,0,0
0,0,0.75,0,0,0,0,0,0,0.74314,-0.66913,0,0,-0.43633,0,0
0,0,0.75,0,0,0,0,0,0,0.74022,-0.67237,0,0,-0.43633,0,0
0,0,0.75,0,0,0,0,0,0,0.73728,-0.67559,0,0,-0.43633,0,0
0,0,0.75,0,0,0,0,0,0,0.73432,-0.6788,0,0,-0.43633,0,0
0,0,0.75,0,0,0,0,0,0,0.73135,-0.682,0,0,-0.43633,0,0
0,0,0.75,0,0,0,0,0,0,0.72837,-0.68518,0,0,-0.43633,0,0
0,0,0.75,0,0,0,0,0,0,0.72537,-0.68835,0,0,-0.43633,0,0
0,0,0.75,0,0,0,0,0,0,0.72236,-0.69151,0,0,-0.43633,0,0
0,0,0.75,0,0,0,0,0,0,0.71934,-0.69466,0,0,-0.43633,0,0
0,0,0.75,0,0,0,0,0,0,0.7163,-0.69779,0,0,-0.43633,0,0
0,0,0.75,0,0,0,0,0,0,0.71325,-0.70091,0,0,-0.43633,0,0
0,0,0.75,0,0,0,0,0,0,0.71019,-0.70401,0,0,-0.43633,0,0
0,0,0.75,0,0,0,0,0,0,0.71019,-0.70401,0,0,0,0,0
0,0,0.75,0,0,0,0,0,0,0.71019,-0.70401,0,0,0,0,0
0,0,0.75,0,0,0,0,0,0,0.71019,-0.70401,0,0,0,0,0
0,0,0.75,0,0,0,0,0,0,0.71019,-0.70401,0,0,0,0,0
0,0,0.75,0,0,0,0,0,0,0.71019,-0.70401,0,0,0,0,0
0,0,0.75,0,0,0,0,0,0,0.71019,-0.70401,0,0,0,0,0
0,0,0.75,0,0,0,0,0,0,0.71019,-0.70401,0,0,0,0,0
0,0,0.75,0,0,0,0,0,0,0.71019,-0.70401,0,0,0,0,0
0,0,0.75,0,0,0,0,0,0,0.71019,-0.70401,0,0,0,0,0
0,0,0.75,0,0,0,0,0,0,0.71019,-0.70401,0,0,0,0,0
0,0,0.75,0,0,0,0,0,0,0.71019,-0.70401,0,0,0,0,0
0,0,0.75,0,0,0,0,0,0,0.71019,-0.70401,0,0,0,0,0
0,0,0.75,0,0,0,0,0,0,0.71019,-0.70401,0,0,0,0,0
0,0,0.75,0,0,0,0,0,0,0.71019,-0.70401,0,0,0,0,0
0,0,0.75,0,0,0,0,0,0,0.71019,-0.70401,0,0,0,0,0
0,0,0.75,0,0,0,0,0,0,0.71019,-0.70401,0,0,0,0,0
0,0,0.75,0,0,0,0,0,0,0.71019,-0.70401,0,0,0,0,0
0,0,0.75,0,0,0,0,0,0,0.71019,-0.70401,0,0,0,0,0
0,0,0.75,0,0,0,0,0,0,0.71019,-0.70401,0,0,0,0,0
0,0,0.75,0,0,0,0,0,0,0.71019,-0.70401,0,0,0,0,0
0,0,0.75,0,0,0,0,0,0,0.71019,-0.70401,0,0,0,0,0
0,0,0.75,0,0,0,0,0,0,0.71019,-0.70401,0,0,0,0,0
0,0,0.75,0,0,0,0,0,0,0.71019,-0.70401,0,0,0,0,0
0,0,0.75,0,0,0,0,0,0,0.71019,-0.70401,0,0,0,0,0
0,0,0.75,0,0,0,0,0,0,0.71019,-0.70401,0,0,0,0,0
0,0,0.75,0,0,0,0,0,0,0.71019,-0.70401,0,0,0,0,0
0,0,0.75,0,0,0,0,0,0,0.71019,-0.70401,0,0,0,0,0
0,0,0.75,0,0,0,0,0,0,0.71019,-0.70401,0,0,0,0,0
0,0,0.75,0,0,0,0,0,0,0.71019,-0.70401,0,0,0,0,0
0,0,0.75,0,0,0,0,0,0,0.71019,-0.70401,0,0,0,0,0
0,0,0.75,0,0,0,0,0,0,0.71019,-0.70401,0,0,0,0,0
0,0,0.75,0,0,0,0,0,0,0.71019,-0.70401,0,0,0,0,0
0,0,0.75,0,0,0,0,0,0,0.71019,-0.70401,0,0,0,0,0
0,0,0.75,0,0,0,0,0,0,0.71019,-0.70401,0,0,0,0,0
0,0,0.75,0,0,0,0,0,0,0.71019,-0.70401,0,0,0,0,0
0,0,0.75,0,0,0,0,0,0,0.71019,-0.70401,0,0,0,0,0
0,0,0.75,0,0,0,0,0,0,0.71019,-0.70401,0,0,0,0,0
0,0,0.75,0,0,0,0,0,0,0.71019,-0.70401,0,0,0,0,0
0,0,0.75,0,0,0,0,0,0,0.71019,-0.70401,0,0,0,0,0
0,0,0.75,0,0,0,0,0,0,0.71019,-0.70401,0,0,0,0,0
0,0,0.75,0,0,0,0,0,0,0.71019,-0.70401,0,0,0,0,0
0,0,0.75,0,0,0,0,0,0,0.71019,-0.70401,0,0,0,0,0
0,0,0.75,0,0,0,0,0,0,0.71019,-0.70401,0,0,0,0,0
0,0,0.75,0,0,0,0,0,0,0.71019,-0.70401,0,0,0,0,0
0,0,0.75,0,0,0,0,0,0,0.71019,-0.70401,0,0,0,0,0
0,0,0.75,0,0,0,0,0,0,0.71019,-0.70401,0,0,0,0,0
0,0,0.75,0,0,0,0,0,0,0.71019,-0.70401,0,0,0,0,0
0,0,0.75,0,0,0,0,0,0,0.71019,-0.70401,0,0,0,0,0
0,0,0.75,0,0,0,0,0,0,0.71019,-0.70401,0,0,0,0,0
0,0,0.75,0,0,0,0,0,0,0.71019,-0.70401,0,0,0,0,0
0,0,0.75,0,0,0,0,0,0,0.71019,-0.70401,0,0,0,0,0
0,0,0.75,0,0,0,0,0,0,0.71019,-0.70401,0,0,0,0,0
0,0,0.75,0,0,0,0,0,0,0.71019,-0.70401,0,0,0,0,0
0,0,0.75,0,0,0,0,0,0,0.71019,-0.70401,0,0,0,0,0
0,0,0.75,0,0,0,0,0,0,0.71019,-0.70401,0,0,0,0,0
0,0,0.75,0,0,0,0,0,0,0.71019,-0.70401,0,0,0,0,0
0,0,0.75,0,0,0,0,0,0,0.71019,-0.70401,0,0,0,0,0
0,0,0.75,0,0,0,0,0,0,0.71019,-0.70401,0,0,0,0,0
0,0,0.75,0,0,0,0,0,0,0.71019,-0.70401,0,0,0,0,0
0,0,0.75,0,0,0,0,0,0,0.71019,-0.70401,0,0,0,0,0
0,0,0.75,0,0,0,0,0,0,0.71019,-0.70401,0,0,0,0,0
0,0,0.75,0,0,0,0,0,0,0.71019,-0.70401,0,0,0,0,0
0,0,0.75,0,0,0,0,0,0,0.71019,-0.70401,0,0,0,0,0
0,0,0.75,0,0,0,0,0,0,0.71019,-0.70401,0,0,0,0,0
0,0,0.75,0,0,0,0,0,0,0.71019,-0.70401,0,0,0,0,0
0,0,0.75,0,0,0,0,0,0,0.71019,-0.70401,0,0,0,0,0
0,0,0.75,0,0,0,0,0,0,0.71019,-0.70401,0,0,0,0,0
0,0,0.75,0,0,0,0,0,0,0.71019,-0.70401,0,0,0,0,0
0,0,0.75,0,0,0,0,0,0,0.71019,-0.70401,0,0,0,0,0
0,0,0.75,0,0,0,0,0,0,0.71019,-0.70401,0,0,0,0,0
0,0,0.75,0,0,0,0,0,0,0.71019,-0.70401,0,0,0,0,0
0,0,0.75,0,0,0,0,0,0,0.71019,-0.70401,0,0,0,0,0
0,0,0.75,0,0,0,0,0,0,0.71019,-0.70401,0,0,0,0,0
0,0,0.75,0,0,0,0,0,0,0.71019,-0.70401,0,0,0,0,0
0,0,0.75,0,0,0,0,0,0,0.71019,-0.70401,0,0,0,0,0
0,0,0.75,0,0,0,0,0,0,0.71019,-0.70401,0,0,0,0,0
0,0,0.75,0,0,0,0,0,0,0.71019,-0.70401,0,0,0,0,0
0,0,0.75,0,0,0,0,0,0,0.71019,-0.70401,0,0,0,0,0
0,0,0.75,0,0,0,0,0,0,0.71019,-0.70401,0,0,0,0,0
0,0,0.75,0,0,0,0,0,0,0.71019,-0.70401,0,0,0,0,0
0,0,0.75,0,0,0,0,0,0,0.71019,-0.70401,0,0,0,0,0
0,0,0.75,0,0,0,0,0,0,0.71019,-0.70401,0,0,0,0,0
0,0,0.75,0,0,0,0,0,0,0.71019,-0.70401,0,0,0,0,0
0,0,0.75,0,0,0,0,0,0,0.71019,-0.70401,0,0,0,0,0
0,0,0.75,0,0,0,0,0,0,0.71019,-0.70401,0,0,0,0,0
0,0,0.75,0,0,0,0,0,0,0.71019,-0.70401,0,0,0,0,0
0,0,0.75,0,0,0,0,0,0,0.71019,-0.70401,0,0,0,0,0
0,0,0.75,0,0,0,0,0,0,0.71019,-0.70401,0,0,0,0,0
0,0,0.75,0,0,0,0,0,0,0.71019,-0.70401,0,0,0,0,0
0,0,0.75,0,0,0,0,0,0,0.71019,-0.70401,0,0,0,0,0
0,0,0.75,0,0,0,0,0,0,0.71019,-0.70401,0,0,0,0,0
0,0,0.75,0,0,0,0,0,0,0.71019,-0.70401,0,0,0,0,0
0,0,0.75,0,0,0,0,0,0,0.71019,-0.70401,0,0,0,0,0
0,0,0.75,0,0,0,0,0,0,0.71019,-0.70401,0,0,0,0,0
0,0,0.75,0,0,0,0,0,0,0.71019,-0.70401,0,0,0,0,0
0,0,0.75,0,0,0,0,0,0,0.71019,-0.70401,0,0,0,0,0
0,0,0.75,0,0,0,0,0,0,0.71019,-0.70401,0,0,0,0,0
0,0,0.75,0,0,0,0,0,0,0.71019,-0.70401,0,0,0,0,0
0,0,0.75,0,0,0,0,0,0,0.71019,-0.70401,0,0,0,0,0
0,0,0.75,0,0,0,0,0,0,0.71019,-0.70401,0,0,0,0,0
0,0,0.75,0,0,0,0,0,0,0.71019,-0.70401,0,0,0,0,0
0,0,0.75,0,0,0,0,0,0,0.71019,-0.70401,0,0,0,0,0
0,0,0.75,0,0,0,0,0,0,0.71019,-0.70401,0,0,0,0,0
0,0,0.75,0,0,0,0,0,0,0.71019,-0.70401,0,0,0,0,0
0,0,0.75,0,0,0,0,0,0,0.71019,-0.70401,0,0,0,0,0
0,0,0.75,0,0,0,0,0,0,0.71019,-0.70401,0,0,0,0,0
0,0,0.75,0,0,0,0,0,0,0.71019,-0.70401,0,0,0,0,0
0,0,0.75,0,0,0,0,0,0,0.71019,-0.70401,0,0,0,0,0
0,0,0.75,0,0,0,0,0,0,0.71019,-0.70401,0,0,0,0,0
0,0,0.75,0,0,0,0,0,0,0.71019,-0.70401,0,0,0,0,0
0,0,0.75,0,0,0,0,0,0,0.71019,-0.70401,0,0,0,0,0
0,0,0.75,0,0,0,0,0,0,0.71019,-0.70401,0,0,0,0,0
0,0,0.75,0,0,0,0,0,0,0.71019,-0.70401,0,0,0,0,0
0,0,0.75,0,0,0,0,0,0,0.71019,-0.70401,0,0,0,0,0
0,0,0.75,0,0,0,0,0,0,0.71019,-0.70401,0,0,0,0,0
0,0,0.75,0,0,0,0,0,0,0.71019,-0.70401,0,0,0,0,0
0,0,0.75,0,0,0,0,0,0,0.71019,-0.70401,0,0,0,0,0
0,0,0.75,0,0,0,0,0,0,0.71019,-0.70401,0,0,0,0,0
0,0,0.75,0,0,0,0,0,0,0.71019,-0.70401,0,0,0,0,0
0,0,0.75,0,0,0,0,0,0,0.71019,-0.70401,0,0,0,0,0
0,0,0.75,0,0,0,0,0,0,0.71019,-0.70401,0,0,0,0,0
0,0,0.75,0,0,0,0,0,0,0.71019,-0.70401,0,0,0,0,0
0,0,0.75,0,0,0,0,0,0,0.71019,-0.70401,0,0,0,0,0
0,0,0.75,0,0,0,0,0,0,0.71019,-0.70401,0,0,0,0,0
0,0,0.75,0,0,0,0,0,0,0.71019,-0.70401,0,0,0,0,0
0,0,0.75,0,0,0,0,0,0,0.71019,-0.70401,0,0,0,0,0
0,0,0.75,0,0,0,0,0,0,0.71019,-0.70401,0,0,0,0,0
0,0,0.75,0,0,0,0,0,0,0.71019,-0.70401,0,0,0,0,0
0,0,0.75,0,0,0,0,0,0,0.71019,-0.70401,0,0,0,0,0
0,0,0.75,0,0,0,0,0,0,0.71019,-0.70401,0,0,0,0,0
0,0,0.75,0,0,0,0,0,0,0.71019,-0.70401,0,0,0,0,0
0,0,0.75,0,0,0,0,0,0,0.71019,-0.70401,0,0,0,0,0
0,0,0.75,0,0,0,0,0,0,0.71019,-0.70401,0,0,0,0,0
0,0,0.75,0,0,0,0,0,0,0.71019,-0.70401,0,0,0,0,0
0,0,0.75,0,0,0,0,0,0,0.71019,-0.70401,0,0,0,0,0
0,0,0.75,0,0,0,0,0,0,0.71019,-0.70401,0,0,0,0,0
0,0,0.75,0,0,0,0,0,0,0.71019,-0.70401,0,0,0,0,0
0,0,0.75,0,0,0,0,0,0,0.71019,-0.70401,0,0,0,0,0
0,0,0.75,0,0,0,0,0,0,0.71019,-0.70401,0,0,0,0,0
0,0,0.75,0,0,0,0,0,0,0.71019,-0.70401,0,0,0,0,0
0,0,0.75,0,0,0,0,0,0,0.71019,-0.70401,0,0,0,0,0
0,0,0.75,0,0,0,0,0,0,0.71019,-0.70401,0,0,0,0,0
0,0,0.75,0,0,0,0,0,0,0.71019,-0.70401,0,0,0,0,0
0,0,0.75,0,0,0,0,0,0,0.71019,-0.70401,0,0,0,0,0
0,0,0.75,0,0,0,0,0,0,0.71019,-0.70401,0,0,0,0,0
0,0,0.75,0,0,0,0,0,0,0.71019,-0.70401,0,0,0,0,0
0,0,0.75,0,0,0,0,0,0,0.71019,-0.70401,0,0,0,0,0
0,0,0.75,0,0,0,0,0,0,0.71019,-0.70401,0,0,0,0,0
0,0,0.75,0,0,0,0,0,0,0.71019,-0.70401,0,0,0,0,0
0,0,0.75,0,0,0,0,0,0,0.71019,-0.70401,0,0,0,0,0
0,0,0.75,0,0,0,0,0,0,0.71019,-0.70401,0,0,0,0,0
0,0,0.75,0,0,0,0,0,0,0.71019,-0.70401,0,0,0,0,0
0,0,0.75,0,0,0,0,0,0,0.71019,-0.70401,0,0,0,0,0
0,0,0.75,0,0,0,0,0,0,0.71019,-0.70401,0,0,0,0,0
0,0,0.75,0,0,0,0,0,0,0.71019,-0.70401,0,0,0,0,0
0,0,0.75,0,0,0,0,0,0,0.71019,-0.70401,0,0,0,0,0
0,0,0.75,0,0,0,0,0,0,0.71019,-0.70401,0,0,0,0,0
0,0,0.75,0,0,0,0,0,0,0.71019,-0.70401,0,0,0,0,0
0,0,0.75,0,0,0,0,0,0,0.71019,-0.70401,0,0,0,0,0
0,0,0.75,0,0,0,0,0,0,0.71019,-0.70401,0,0,0,0,0
0,0,0.75,0,0,0,0,0,0,0.71019,-0.70401,0,0,0,0,0
0,0,0.75,0,0,0,0,0,0,0.71019,-0.70401,0,0,0,0,0
0,0,0.75,0,0,0,0,0,0,0.71019,-0.70401,0,0,0,0,0
0,0,0.75,0,0,0,0,0,0,0.71019,-0.70401,0,0,0,0,0
0,0,0.75,0,0,0,0,0,0,0.71019,-0.70401,0,0,0,0,0
0,0,0.75,0,0,0,0,0,0,0.71019,-0.70401,0,0,0,0,0
0,0,0.75,0,0,0,0,0,0,0.71019,-0.70401,0,0,0,0,0
0,0,0.75,0,0,0,0,0,0,0.71019,-0.70401,0,0,0,0,0
0,0,0.75,0,0,0,0,0,0,0.71019,-0.70401,0,0,0,0,0
0,0,0.75,0,0,0,0,0,0,0.71019,-0.70401,0,0,0,0,0
0,0,0.75,0,0,0,0,0,0,0.71019,-0.70401,0,0,0,0,0
0,0,0.75,0,0,0,0,0,0,0.71019,-0.70401,0,0,0,0,0
0,0,0.75,0,0,0,0,0,0,0.71019,-0.70401,0,0,0,0,0
0,0,0.75,0,0,0,0,0,0,0.71019,-0.70401,0,0,0,0,0
0,0,0.75,0,0,0,0,0,0,0.71019,-0.70401,0,0,0,0,0
0,0,0.75,0,0,0,0,0,0,0.71019,-0.70401,0,0,0,0,0
0,0,0.75,0,0,0,0,0,0,0.71019,-0.70401,0,0,0,0,0
0,0,0.75,0,0,0,0,0,0,0.71019,-0.70401,0,0,0,0,0
0,0,0.75,0,0,0,0,0,0,0.71019,-0.70401,0,0,0,0,0
0,0,0.75,0,0,0,0,0,0,0.71019,-0.70401,0,0,0,0,0
0,0,0.75,0,0,0,0,0,0,0.71019,-0.70401,0,0,0,0,0
0,0,0.75,0,0,0,0,0,0,0.71019,-0.70401,0,0,0,0,0
0,0,0.75,0,0,0,0,0,0,0.71019,-0.70401,0,0,0,0,0
0,0,0.75,0,0,0,0,0,0,0.71019,-0.70401,0,0,0,0,0
0,0,0.75,0,0,0,0,0,0,0.71019,-0.70401,0,0,0,0,0
0,0,0.75,0,0,0,0,0,0,0.71019,-0.70401,0,0,0,0,0
0,0,0.75,0,0,0,0,0,0,0.71019,-0.70401,0,0,0,0,0
0,0,0.75,0,0,0,0,0,0,0.71019,-0.70401,0,0,0,0,0
0,0,0.75,0,0,0,0,0,0,0.71019,-0.70401,0,0,0,0,0
0,0,0.75,0,0,0,0,0,0,0.71019,-0.70401,0,0,0,0,0
0,0,0.75,0,0,0,0,0,0,0.71019,-0.70401,0,0,0,0,0
0,0,0.75,0,0,0,0,0,0,0.71019,-0.70401,0,0,0,0,0
0,0,0.75,0,0,0,0,0,0,0.71019,-0.70401,0,0,0,0,0
0,0,0.75,0,0,0,0,0,0,0.71019,-0.70401,0,0,0,0,0
0,0,0.75,0,0,0,0,0,0,0.71019,-0.70401,0,0,0,0,0
0,0,0.75,0,0,0,0,0,0,0.71019,-0.70401,0,0,0,0,0
0,0,0.75,0,0,0,0,0,0,0.71019,-0.70401,0,0,0,0,0
0,0,0.75,0,0,0,0,0,0,0.71019,-0.70401,0,0,0,0,0
0,0,0.75,0,0,0,0,0,0,0.71019,-0.70401,0,0,0,0,0
0,0,0.75,0,0,0,0,0,0,0.71019,-0.70401,0,0,0,0,0
0,0,0.75,0,0,0,0,0,0,0.71019,-0.70401,0,0,0,0,0
0,0,0.75,0,0,0,0,0,0,0.71019,-0.70401,0,0,0,0,0
0,0,0.75,0,0,0,0,0,0,0.71019,-0.70401,0,0,0,0,0
0,0,0.75,0,0,0,0,0,0,0.71019,-0.70401,0,0,0,0,0
0,0,0.75,0,0,0,0,0,0,0.71019,-0.70401,0,0,0,0,0
0,0,0.75,0,0,0,0,0,0,0.71019,-0.70401,0,0,0,0,0
0,0,0.75,0,0,0,0,0,0,0.71019,-0.70401,0,0,0,0,0
0,0,0.75,0,0,0,0,0,0,0.71019,-0.70401,0,0,0,0,0
0,0,0.75,0,0,0,0,0,0,0.71019,-0.70401,0,0,0,0,0
0,0,0.75,0,0,0,0,0,0,0.71019,-0.70401,0,0,0,0,0
0,0,0.75,0,0,0,0,0,0,0.71019,-0.70401,0,0,0,0,0
0,0,0.75,0,0,0,0,0,0,0.71019,-0.70401,0,0,0,0,0
0,0,0.75,0,0,0,0,0,0,0.71019,-0.70401,0,0,0,0,0
0,0,0.75,0,0,0,0,0,0,0.71019,-0.70401,0,0,0,0,0
0,0,0.75,0,0,0,0,0,0,0.71019,-0.70401,0,0,0,0,0
0,0,0.75,0,0,0,0,0,0,0.71019,-0.70401,0,0,0,0,0
0,0,0.75,0,0,0,0,0,0,0.71019,-0.70401,0,0,0,0,0
0,0,0.75,0,0,0,0,0,0,0.71019,-0.70401,0,0,0,0,0
0,0,0.75,0,0,0,0,0,0,0.71019,-0.70401,0,0,0,0,0
0,0,0.75,0,0,0,0,0,0,0.71019,-0.70401,0,0,0,0,0
0,0,0.75,0,0,0,0,0,0,0.71019,-0.70401,0,0,0,0,0
0,0,0.75,0,0,0,0,0,0,0.71019,-0.70401,0,0,0,0,0
0,0,0.75,0,0,0,0,0,0,0.71019,-0.70401,0,0,0,0,0
0,0,0.75,0,0,0,0,0,0,0.71019,-0.70401,0,0,0,0,0
0,0,0.75,0,0,0,0,0,0,0.71019,-0.70401,0,0,0,0,0
0,0,0.75,0,0,0,0,0,0,0.71019,-0.70401,0,0,0,0,0
0,0,0.75,0,0,0,0,0,0,0.71019,-0.70401,0,0,0,0,0
0,0,0.75,0,0,0,0,0,0,0.71019,-0.70401,0,0,0,0,0
0,0,0.75,0,0,0,0,0,0,0.71019,-0.70401,0,0,0,0,0
0,0,0.75,0,0,0,0,0,0,0.71019,-0.70401,0,0,0,0,0
0,0,0.75,0,0,0,0,0,0,0.71019,-0.70401,0,0,0,0,0
0,0,0.75,0,0,0,0,0,0,0.71019,-0.70401,0,0,0,0,0
0,0,0.75,0,0,0,0,0,0,0.71019,-0.70401,0,0,0,0,0
0,0,0.75,0,0,0,0,0,0,0.71019,-0.70401,0,0,0,0,0
0,0,0.75,0,0,0,0,0,0,0.71019,-0.70401,0,0,0,0,0
0,0,0.75,0,0,0,0,0,0,0.71019,-0.70401,0,0,0,0,0
0,0,0.75,0,0,0,0,0,0,0.71019,-0.70401,0,0,0,0,0
0,0,0.75,0,0,0,0,0,0,0.71019,-0.70401,0,0,0,0,0
0,0,0.75,0,0,0,0,0,0,0.71019,-0.70401,0,0,0,0,0
0,0,0.75,0,0,0,0,0,0,0.71019,-0.70401,0,0,0,0,0
0,0,0.75,0,0,0,0,0,0,0.71019,-0.70401,0,0,0,0,0
0,0,0.75,0,0,0,0,0,0,0.71019,-0.70401,0,0,0,0,0
0,0,0.75,0,0,0,0,0,0,0.71019,-0.70401,0,0,0,0,0
0,0,0.75,0,0,0,0,0,0,0.71019,-0.70401,0,0,0,0,0
0,0,0.75,0,0,0,0,0,0,0.71019,-0.70401,0,0,0,0,0
0,0,0.75,0,0,0,0,0,0,0.71019,-0.70401,0,0,0,0,0
0,0,0.75,0,0,0,0,0,0,0.71019,-0.70401,0,0,0,0,0
0,0,0.75,0,0,0,0,0,0,0.71019,-0.70401,0,0,0,0,0
0,0,0.75,0,0,0,0,0,0,0.71019,-0.70401,0,0,0,0,0
0,0,0.75,0,0,0,0,0,0,0.71019,-0.70401,0,0,0,0,0
0,0,0.75,0,0,0,0,0,0,0.71019,-0.70401,0,0,0,0,0
0,0,0.75,0,0,0,0,0,0,0.71019,-0.70401,0,0,0,0,0
0,0,0.75,0,0,0,0,0,0,0.71019,-0.70401,0,0,0,0,0
0,0,0.75,0,0,0,0,0,0,0.71019,-0.70401,0,0,0,0,0
0,0,0.75,0,0,0,0,0,0,0.71019,-0.70401,0,0,0,0,0
0,0,0.75,0,0,0,0,0,0,0.71019,-0.70401,0,0,0,0,0
0,0,0.75,0,0,0,0,0,0,0.71019,-0.70401,0,0,0,0,0
0,0,0.75,0,0,0,0,0,0,0.71019,-0.70401,0,0,0,0,0
0,0,0.75,0,0,0,0,0,0,0.71019,-0.70401,0,0,0,0,0
0,0,0.75,0,0,0,0,0,0,0.71019,-0.70401,0,0,0,0,0
0,0,0.75,0,0,0,0,0,0,0.71019,-0.70401,0,0,0,0,0
0,0,0.75,0,0,0,0,0,0,0.71019,-0.70401,0,0,0,0,0
0,0,0.75,0,0,0,0,0,0,0.71019,-0.70401,0,0,0,0,0
0,0,0.75,0,0,0,0,0,0,0.71019,-0.70401,0,0,0,0,0
0,0,0.75,0,0,0,0,0,0,0.71019,-0.70401,0,0,0,0,0
0,0,0.75,0,0,0,0,0,0,0.71019,-0.70401,0,0,0,0,0
0,0,0.75,0,0,0,0,0,0,0.71019,-0.70401,0,0,0,0,0
0,0,0.75,0,0,0,0,0,0,0.71019,-0.70401,0,0,0,0,0
0,0,0.75,0,0,0,0,0,0,0.71019,-0.70401,0,0,0,0,0
0,0,0.75,0,0,0,0,0,0,0.71019,-0.70401,0,0,0,0,0
0,0,0.75,0,0,0,0,0,0,0.71019,-0.70401,0,0,0,0,0
0,0,0.75,0,0,0,0,0,0,0.71019,-0.70401,0,0,0,0,0
0,0,0.75,0,0,0,0,0,0,0.71019,-0.70401,0,0,0,0,0
0,0,0.75,0,0,0,0,0,0,0.71019,-0.70401,0,0,0,0,0
0,0,0.75,0,0,0,0,0,0,0.71019,-0.70401,0,0,0,0,0
0,0,0.75,0,0,0,0,0,0,0.71019,-0.70401,0,0,0,0,0
0,0,0.75,0,0,0,0,0,0,0.71019,-0.70401,0,0,0,0,0
0,0,0.75,0,0,0,0,0,0,0.71019,-0.70401,0,0,0,0,0
0,0,0.75,0,0,0,0,0,0,0.71019,-0.70401,0,0,0,0,0
0,0,0.75,0,0,0,0,0,0,0.71019,-0.70401,0,0,0,0,0
0,0,0.75,0,0,0,0,0,0,0.71019,-0.70401,0,0,0,0,0
0,0,0.75,0,0,0,0,0,0,0.71019,-0.70401,0,0,0,0,0
0,0,0.75,0,0,0,0,0,0,0.71019,-0.70401,0,0,0,0,0
0,0,0.75,0,0,0,0,0,0,0.71019,-0.70401,0,0,0,0,0
0,0,0.75,0,0,0,0,0,0,0.71019,-0.70401,0,0,0,0,0
0,0,0.75,0,0,0,0,0,0,0.71019,-0.70401,0,0,0,0,0
0,0,0.75,0,0,0,0,0,0,0.71019,-0.70401,0,0,0,0,0
0,0,0.75,0,0,0,0,0,0,0.71019,-0.70401,0,0,0,0,0
0,0,0.75,0,0,0,0,0,0,0.71019,-0.70401,0,0,0,0,0
0,0,0.75,0,0,0,0,0,0,0.71019,-0.70401,0,0,0,0,0
0,0,0.75,0,0,0,0,0,0,0.71019,-0.70401,0,0,0,0,0
0,0,0.75,0,0,0,0,0,0,0.71019,-0.70401,0,0,0,0,0
0,0,0.75,0,0,0,0,0,0,0.71019,-0.70401,0,0,0,0,0
0,0,0.75,0,0,0,0,0,0,0.71019,-0.70401,0,0,0,0,0
0,0,0.75,0,0,0,0,0,0,0.71019,-0.70401,0,0,0,0,0
0,0,0.75,0,0,0,0,0,0,0.71019,-0.70401,0,0,0,0,0
0,0,0.75,0,0,0,0,0,0,0.71019,-0.70401,0,0,0,0,0
0,0,0.75,0,0,0,0,0,0,0.71019,-0.70401,0,0,0,0,0
0,0,0.75,0,0,0,0,0,0,0.71019,-0.70401,0,0,0,0,0
0,0,0.75,0,0,0,0,0,0,0.71019,-0.70401,0,0,0,0,0
0,0,0.75,0,0,0,0,0,0,0.71019,-0.70401,0,0,0,0,0
0,0,0.75,0,0,0,0,0,0,0.71019,-0.70401,0,0,0,0,0
0,0,0.75,0,0,0,0,0,0,0.71019,-0.70401,0,0,0,0,0
0,0,0.75,0,0,0,0,0,0,0.71019,-0.70401,0,0,0,0,0
0,0,0.75,0,0,0,0,0,0,0.71019,-0.70401,0,0,0,0,0
0,0,0.75,0,0,0,0,0,0,0.71019,-0.70401,0,0,0,0,0
0,0,0.75,0,0,0,0,0,0,0.71019,-0.70401,0,0,0,0,0
0,0,0.75,0,0,0,0,0,0,0.71019,-0.70401,0,0,0,0,0
0,0,0.75,0,0,0,0,0,0,0.71019,-0.70401,0,0,0,0,0
0,0,0.75,0,0,0,0,0,0,0.71019,-0.70401,0,0,0,0,0
0,0,0.75,0,0,0,0,0,0,0.71019,-0.70401,0,0,0,0,0
0,0,0.75,0,0,0,0,0,0,0.71019,-0.70401,0,0,0,0,0
0,0,0.75,0,0,0,0,0,0,0.71019,-0.70401,0,0,0,0,0
0,0,0.75,0,0,0,0,0,0,0.71019,-0.70401,0,0,0,0,0
0,0,0.75,0,0,0,0,0,0,0.71019,-0.70401,0,0,0,0,0
0,0,0.75,0,0,0,0,0,0,0.71019,-0.70401,0,0,0,0,0
0,0,0.75,0,0,0,0,0,0,0.71019,-0.70401,0,0,0,0,0
0,0,0.75,0,0,0,0,0,0,0.71019,-0.70401,0,0,0,0,0
0,0,0.75,0,0,0,0,0,0,0.71019,-0.70401,0,0,0,0,0
0,0,0.75,0,0,0,0,0,0,0.71019,-0.70401,0,0,0,0,0
0,0,0.75,0,0,0,0,0,0,0.71019,-0.70401,0,0,0,0,0
0,0,0.75,0,0,0,0,0,0,0.71019,-0.70401,0,0,0,0,0
0,0,0.75,0,0,0,0,0,0,0.71019,-0.70401,0,0,0,0,0
0,0,0.75,0,0,0,0,0,0,0.71019,-0.70401,0,0,0,0,0
0,0,0.75,0,0,0,0,0,0,0.71019,-0.70401,0,0,0,0,0
0,0,0.75,0,0,0,0,0,0,0.71019,-0.70401,0,0,0,0,0
0,0,0.75,0,0,0,0,0,0,0.71019,-0.70401,0,0,0,0,0
0,0,0.75,0,0,0,0,0,0,0.71019,-0.70401,0,0,0,0,0
0,0,0.75,0,0,0,0,0,0,0.71019,-0.70401,0,0,0,0,0
0,0,0.75,0,0,0,0,0,0,0.71019,-0.70401,0,0,0,0,0
0,0,0.75,0,0,0,0,0,0,0.71019,-0.70401,0,0,0,0,0
0,0,0.75,0,0,0,0,0,0,0.71019,-0.70401,0,0,0,0,0
0,0,0.75,0,0,0,0,0,0,0.71019,-0.70401,0,0,0,0,0
0,0,0.75,0,0,0,0,0,0,0.71019,-0.70401,0,0,0,0,0
0,0,0.75,0,0,0,0,0,0,0.71019,-0.70401,0,0,0,0,0
0,0,0.75,0,0,0,0,0,0,0.71019,-0.70401,0,0,0,0,0
0,0,0.75,0,0,0,0,0,0,0.71019,-0.70401,0,0,0,0,0
0,0,0.75,0,0,0,0,0,0,0.71019,-0.70401,0,0,0,0,0
0,0,0.75,0,0,0,0,0,0,0.71019,-0.70401,0,0,0,0,0
0,0,0.75,0,0,0,0,0,0,0.71019,-0.70401,0,0,0,0,0
0,0,0.75,0,0,0,0,0,0,0.71019,-0.70401,0,0,0,0,0
0,0,0.75,0,0,0,0,0,0,0.71019,-0.70401,0,0,0,0,0
0,0,0.75,0,0,0,0,0,0,0.71019,-0.70401,0,0,0,0,0
0,0,0.75,0,0,0,0,0,0,0.71019,-0.70401,0,0,0,0,0
0,0,0.75,0,0,0,0,0,0,0.71019,-0.70401,0,0,0,0,0
0,0,0.75,0,0,0,0,0,0,0.71019,-0.70401,0,0,0,0,0
0,0,0.75,0,0,0,0,0,0,0.71019,-0.70401,0,0,0,0,0
0,0,0.75,0,0,0,0,0,0,0.71019,-0.70401,0,0,0,0,0
0,0,0.75,0,0,0,0,0,0,0.71019,-0.70401,0,0,0,0,0
0,0,0.75,0,0,0,0,0,0,0.71019,-0.70401,0,0,0,0,0
0,0,0.75,0,0,0,0,0,0,0.71019,-0.70401,0,0,0,0,0
0,0,0.75,0,0,0,0,0,0,0.71019,-0.70401,0,0,0,0,0
0,0,0.75,0,0,0,0,0,0,0.71019,-0.70401,0,0,0,0,0
0,0,0.75,0,0,0,0,0,0,0.71019,-0.70401,0,0,0,0,0
0,0,0.75,0,0,0,0,0,0,0.71019,-0.70401,0,0,0,0,0
0,0,0.75,0,0,0,0,0,0,0.71019,-0.70401,0,0,0,0,0
0,0,0.75,0,0,0,0,0,0,0.71019,-0.70401,0,0,0,0,0
0,0,0.75,0,0,0,0,0,0,0.71019,-0.70401,0,0,0,0,0
0,0,0.75,0,0,0,0,0,0,0.71019,-0.70401,0,0,0,0,0
0,0,0.75,0,0,0,0,0,0,0.71019,-0.70401,0,0,0,0,0
0,0,0.75,0,0,0,0,0,0,0.71019,-0.70401,0,0,0,0,0
0,0,0.75,0,0,0,0,0,0,0.71019,-0.70401,0,0,0,0,0
0,0,0.75,0,0,0,0,0,0,0.71019,-0.70401,0,0,0,0,0
0,0,0.75,0,0,0,0,0,0,0.71019,-0.70401,0,0,0,0,0
0,0,0.75,0,0,0,0,0,0,0.71019,-0.70401,0,0,0,0,0
0,0,0.75,0,0,0,0,0,0,0.71019,-0.70401,0,0,0,0,0
0,0,0.75,0,0,0,0,0,0,0.71019,-0.70401,0,0,0,0,0
0,0,0.75,0,0,0,0,0,0,0.71019,-0.70401,0,0,0,0,0
0,0,0.75,0,0,0,0,0,0,0.71019,-0.70401,0,0,0,0,0
0,0,0.75,0,0,0,0,0,0,0.71019,-0.70401,0,0,0,0,0
0,0,0.75,0,0,0,0,0,0,0.71019,-0.70401,0,0,0,0,0
0,0,0.75,0,0,0,0,0,0,0.71019,-0.70401,0,0,0,0,0
0,0,0.75,0,0,0,0,0,0,0.71019,-0.70401,0,0,0,0,0
0,0,0.75,0,0,0,0,0,0,0.71019,-0.70401,0,0,0,0,0
0,0,0.75,0,0,0,0,0,0,0.71019,-0.70401,0,0,0,0,0
0,0,0.75,0,0,0,0,0,0,0.71019,-0.70401,0,0,0,0,0
0,0,0.75,0,0,0,0,0,0,0.71019,-0.70401,0,0,0,0,0
0,0,0.75,0,0,0,0,0,0,0.71019,-0.70401,0,0,0,0,0
0,0,0.75,0,0,0,0,0,0,0.71019,-0.70401,0,0,0,0,0
0,0,0.75,0,0,0,0,0,0,0.71019,-0.70401,0,0,0,0,0
0,0,0.75,0,0,0,0,0,0,0.71019,-0.70401,0,0,0,0,0
0,0,0.75,0,0,0,0,0,0,0.71019,-0.70401,0,0,0,0,0
0,0,0.75,0,0,0,0,0,0,0.71019,-0.70401,0,0,0,0,0
0,0,0.75,0,0,0,0,0,0,0.71019,-0.70401,0,0,0,0,0
0,0,0.75,0,0,0,0,0,0,0.71019,-0.70401,0,0,0,0,0
0,0,0.75,0,0,0,0,0,0,0.71019,-0.70401,0,0,0,0,0
0,0,0.75,0,0,0,0,0,0,0.71019,-0.70401,0,0,0,0,0
0,0,0.75,0,0,0,0,0,0,0.71019,-0.70401,0,0,0,0,0
0,0,0.75,0,0,0,0,0,0,0.71019,-0.70401,0,0,0,0,0
0,0,0.75,0,0,0,0,0,0,0.71019,-0.70401,0,0,0,0,0
0,0,0.75,0,0,0,0,0,0,0.71019,-0.70401,0,0,0,0,0
0,0,0.75,0,0,0,0,0,0,0.71019,-0.70401,0,0,0,0,0
0,0,0.75,0,0,0,0,0,0,0.71019,-0.70401,0,0,0,0,0
0,0,0.75,0,0,0,0,0,0,0.71019,-0.70401,0,0,0,0,0
0,0,0.75,0,0,0,0,0,0,0.71019,-0.70401,0,0,0,0,0
0,0,0.75,0,0,0,0,0,0,0.71019,-0.70401,0,0,0,0,0
0,0,0.75,0,0,0,0,0,0,0.71019,-0.70401,0,0,0,0,0
0,0,0.75,0,0,0,0,0,0,0.71019,-0.70401,0,0,0,0,0
0,0,0.75,0,0,0,0,0,0,0.71019,-0.70401,0,0,0,0,0
0,0,0.75,0,0,0,0,0,0,0.71019,-0.70401,0,0,0,0,0
0,0,0.75,0,0,0,0,0,0,0.71019,-0.70401,0,0,0,0,0
0,0,0.75,0,0,0,0,0,0,0.71019,-0.70401,0,0,0,0,0
0,0,0.75,0,0,0,0,0,0,0.71019,-0.70401,0,0,0,0,0
0,0,0.75,0,0,0,0,0,0,0.71019,-0.70401,0,0,0,0,0
0,0,0.75,0,0,0,0,0,0,0.71019,-0.70401,0,0,0,0,0
0,0,0.75,0,0,0,0,0,0,0.71019,-0.70401,0,0,0,0,0
0,0,0.75,0,0,0,0,0,0,0.71019,-0.70401,0,0,0,0,0
0,0,0.75,0,0,0,0,0,0,0.71019,-0.70401,0,0,0,0,0
0,0,0.75,0,0,0,0,0,0,0.71019,-0.70401,0,0,0,0,0
0,0,0.75,0,0,0,0,0,0,0.71019,-0.70401,0,0,0,0,0
0,0,0.75,0,0,0,0,0,0,0.71019,-0.70401,0,0,0,0,0
0,0,0.75,0,0,0,0,0,0,0.71019,-0.70401,0,0,0,0,0
0,0,0.75,0,0,0,0,0,0,0.71019,-0.70401,0,0,0,0,0
0,0,0.75,0,0,0,0,0,0,0.71019,-0.70401,0,0,0,0,0
0,0,0.75,0,0,0,0,0,0,0.71019,-0.70401,0,0,0,0,0
0,0,0.75,0,0,0,0,0,0,0.71019,-0.70401,0,0,0,0,0
0,0,0.75,0,0,0,0,0,0,0.71019,-0.70401,0,0,0,0,0
0,0,0.75,0,0,0,0,0,0,0.71019,-0.70401,0,0,0,0,0
0,0,0.75,0,0,0,0,0,0,0.71019,-0.70401,0,0,0,0,0
0,0,0.75,0,0,0,0,0,0,0.71019,-0.70401,0,0,0,0,0
0,0,0.75,0,0,0,0,0,0,0.71019,-0.70401,0,0,0,0,0
0,0,0.75,0,0,0,0,0,0,0.71019,-0.70401,0,0,0,0,0
0,0,0.75,0,0,0,0,0,0,0.71019,-0.70401,0,0,0,0,0
0,0,0.75,0,0,0,0,0,0,0.71019,-0.70401,0,0,0,0,0
0,0,0.75,0,0,0,0,0,0,0.71019,-0.70401,0,0,0,0,0
0,0,0.75,0,0,0,0,0,0,0.71019,-0.70401,0,0,0,0,0
0,0,0.75,0,0,0,0,0,0,0.71019,-0.70401,0,0,0,0,0
0,0,0.75,0,0,0,0,0,0,0.71019,-0.70401,0,0,0,0,0
0,0,0.75,0,0,0,0,0,0,0.71019,-0.70401,0,0,0,0,0
0,0,0.75,0,0,0,0,0,0,0.71019,-0.70401,0,0,0,0,0
0,0,0.75,0,0,0,0,0,0,0.71019,-0.70401,0,0,0,0,0
0,0,0.75,0,0,0,0,0,0,0.71019,-0.70401,0,0,0,0,0
0,0,0.75,0,0,0,0,0,0,0.71019,-0.70401,0,0,0,0,0
0,0,0.75,0,0,0,0,0,0,0.71019,-0.70401,0,0,0,0,0
0,0,0.75,0,0,0,0,0,0,0.71019,-0.70401,0,0,0,0,0
0,0,0.75,0,0,0,0,0,0,0.71019,-0.70401,0,0,0,0,0
0,0,0.75,0,0,0,0,0,0,0.71019,-0.70401,0,0,0,0,0
0,0,0.75,0,0,0,0,0,0,0.71019,-0.70401,0,0,0,0,0
0,0,0.75,0,0,0,0,0,0,0.71019,-0.70401,0,0,0,0,0
0,0,0.75,0,0,0,0,0,0,0.71019,-0.70401,0,0,0,0,0
0,0,0.75,0,0,0,0,0,0,0.71019,-0.70401,0,0,0,0,0
0,0,0.75,0,0,0,0,0,0,0.71019,-0.70401,0,0,0,0,0
0,0,0.75,0,0,0,0,0,0,0.71019,-0.70401,0,0,0,0,0
0,0,0.75,0,0,0,0,0,0,0.71019,-0.70401,0,0,0,0,0
0,0,0.75,0,0,0,0,0,0,0.71019,-0.70401,0,0,0,0,0
0,0,0.75,0,0,0,0,0,0,0.71019,-0.70401,0,0,0,0,0
0,0,0.75,0,0,0,0,0,0,0.71019,-0.70401,0,0,0,0,0
0,0,0.75,0,0,0,0,0,0,0.71019,-0.70401,0,0,0,0,0
0,0,0.75,0,0,0,0,0,0,0.71019,-0.70401,0,0,0,0,0
0,0,0.75,0,0,0,0,0,0,0.71019,-0.70401,0,0,0,0,0
0,0,0.75,0,0,0,0,0,0,0.71019,-0.70401,0,0,0,0,0
0,0,0.75,0,0,0,0,0,0,0.71019,-0.70401,0,0,0,0,0
0,0,0.75,0,0,0,0,0,0,0.71019,-0.70401,0,0,0,0,0
0,0,0.75,0,0,0,0,0,0,0.71019,-0.70401,0,0,0,0,0
0,0,0.75,0,0,0,0,0,0,0.71019,-0.70401,0,0,0,0,0
0,0,0.75,0,0,0,0,0,0,0.71019,-0.70401,0,0,0,0,0
0,0,0.75,0,0,0,0,0,0,0.71019,-0.70401,0,0,0,0,0
0,0,0.75,0,0,0,0,0,0,0.71019,-0.70401,0,0,0,0,0
0,0,0.75,0,0,0,0,0,0,0.71019,-0.70401,0,0,0,0,0
0,0,0.75,0,0,0,0,0,0,0.71019,-0.70401,0,0,0,0,0
0,0,0.75,0,0,0,0,0,0,0.71019,-0.70401,0,0,0,0,0
0,0,0.75,0,0,0,0,0,0,0.71019,-0.70401,0,0,0,0,0
0,0,0.75,0,0,0,0,0,0,0.71019,-0.70401,0,0,0,0,0
0,0,0.75,0,0,0,0,0,0,0.71019,-0.70401,0,0,0,0,0
0,0,0.75,0,0,0,0,0,0,0.71019,-0.70401,0,0,0,0,0
0,0,0.75,0,0,0,0,0,0,0.71019,-0.70401,0,0,0,0,0
0,0,0.75,0,0,0,0,0,0,0.71019,-0.70401,0,0,0,0,0
0,0,0.75,0,0,0,0,0,0,0.71019,-0.70401,0,0,0,0,0
0,0,0.75,0,0,0,0,0,0,0.71019,-0.70401,0,0,0,0,0
0,0,0.75,0,0,0,0,0,0,0.71019,-0.70401,0,0,0,0,0
0,0,0.75,0,0,0,0,0,0,0.71019,-0.70401,0,0,0,0,0
0,0,0.75,0,0,0,0,0,0,0.71019,-0.70401,0,0,0,0,0
0,0,0.75,0,0,0,0,0,0,0.71019,-0.70401,0,0,0,0,0
0,0,0.75,0,0,0,0,0,0,0.71019,-0.70401,0,0,0,0,0
0,0,0.75,0,0,0,0,0,0,0.71019,-0.70401,0,0,0,0,0
0,0,0.75,0,0,0,0,0,0,0.71019,-0.70401,0,0,0,0,0
0,0,0.75,0,0,0,0,0,0,0.71019,-0.70401,0,0,0,0,0
0,0,0.75,0,0,0,0,0,0,0.71019,-0.70401,0,0,0,0,0
0,0,0.75,0,0,0,0,0,0,0.71019,-0.70401,0,0,0,0,0
0,0,0.75,0,0,0,0,0,0,0.71019,-0.70401,0,0,0,0,0
0,0,0.75,0,0,0,0,0,0,0.71019,-0.70401,0,0,0,0,0
0,0,0.75,0,0,0,0,0,0,0.71019,-0.70401,0,0,0,0,0
0,0,0.75,0,0,0,0,0,0,0.71019,-0.70401,0,0,0,0,0
0,0,0.75,0,0,0,0,0,0,0.71019,-0.70401,0,0,0,0,0
0,0,0.75,0,0,0,0,0,0,0.71019,-0.70401,0,0,0,0,0
0,0,0.75,0,0,0,0,0,0,0.71019,-0.70401,0,0,0,0,0
0,0,0.75,0,0,0,0,0,0,0.71019,-0.70401,0,0,0,0,0
0,0,0.75,0,0,0,0,0,0,0.71019,-0.70401,0,0,0,0,0
0,0,0.75,0,0,0,0,0,0,0.71019,-0.70401,0,0,0,0,0
0,0,0.75,0,0,0,0,0,0,0.71019,-0.70401,0,0,0,0,0
0,0,0.75,0,0,0,0,0,0,0.71019,-0.70401,0,0,0,0,0
0,0,0.75,0,0,0,0,0,0,0.71019,-0.70401,0,0,0,0,0
0,0,0.75,0,0,0,0,0,0,0.71019,-0.70401,0,0,0,0,0
0,0,0.75,0,0,0,0,0,0,0.71019,-0.70401,0,0,0,0,0
0,0,0.75,0,0,0,0,0,0,0.71019,-0.70401,0,0,0,0,0
0,0,0.75,0,0,0,0,0,0,0.71019,-0.70401,0,0,0,0,0
0,0,0.75,0,0,0,0,0,0,0.71019,-0.70401,0,0,0,0,0
0,0,0.75,0,0,0,0,0,0,0.71019,-0.70401,0,0,0,0,0
0,0,0.75,0,0,0,0,0,0,0.71019,-0.70401,0,0,0,0,0
0,0,0.75,0,0,0,0,0,0,0.71019,-0.70401,0,0,0,0,0
0,0,0.75,0,0,0,0,0,0,0.71019,-0.70401,0,0,0,0,0
0,0,0.75,0,0,0,0,0,0,0.71325,-0.70091,0,0,0.43633,0,0
0,0,0.75,0,0,0,0,0,0,0.7163,-0.69779,0,0,0.43633,0,0
0,0,0.75,0,0,0,0,0,0,0.71934,-0.69466,0,0,0.43633,0,0
0,0,0.75,0,0,0,0,0,0,0.72236,-0.69151,0,0,0.43633,0,0
0,0,0.75,0,0,0,0,0,0,0.72537,-0.68835,0,0,0.43633,0,0
0,0,0.75,0,0,0,0,0,0,0.72837,-0.68518,0,0,0.43633,0,0
0,0,0.75,0,0,0,0,0,0,0.73135,-0.682,0,0,0.43633,0,0
0,0,0.75,0,0,0,0,0,0,0.73432,-0.6788,0,0,0.43633,0,0
0,0,0.75,0,0,0,0,0,0,0.73728,-0.67559,0,0,0.43633,0,0
0,0,0.75,0,0,0,0,0,0,0.74022,-0.67237,0,0,0.43633,0,0
0,0,0.75,0,0,0,0,0,0,0.74314,-0.66913,0,0,0.43633,0,0
0,0,0.75,0,0,0,0,0,0,0.74606,-0.66588,0,0,0.43633,0,0
0,0,0.75,0,0,0,0,0,0,0.74896,-0.66262,0,0,0.43633,0,0
0,0,0.75,0,0,0,0,0,0,0.75184,-0.65935,0,0,0.43633,0,0
0,0,0.75,0,0,0,0,0,0,0.75471,-0.65606,0,0,0.43633,0,0
0,0,0.75,0,0,0,0,0,0,0.75756,-0.65276,0,0,0.43633,0,0
0,0,0.75,0,0,0,0,0,0,0.76041,-0.64945,0,0,0.43633,0,0
0,0,0.75,0,0,0,0,0,0,0.76323,-0.64612,0,0,0.43633,0,0
0,0,0.75,0,0,0,0,0,0,0.76604,-0.64279,0,0,0.43633,0,0
0,0,0.75,0,0,0,0,0,0,0.76884,-0.63944,0,0,0.43633,0,0
0,0,0.75,0,0,0,0,0,0,0.77162,-0.63608,0,0,0.43633,0,0
0,0,0.75,0,0,0,0,0,0,0.77439,-0.63271,0,0,0.43633,0,0
0,0,0.75,0,0,0,0,0,0,0.77715,-0.62932,0,0,0.43633,0,0
0,0,0.75,0,0,0,0,0,0,0.77988,-0.62592,0,0,0.43633,0,0
0,0,0.75,0,0,0,0,0,0,0.78261,-0.62251,0,0,0.43633,0,0
0,0,0.75,0,0,0,0,0,0,0.78532,-0.61909,0,0,0.43633,0,0
0,0,0.75,0,0,0,0,0,0,0.78801,-0.61566,0,0,0.43633,0,0
0,0,0.75,0,0,0,0,0,0,0.79069,-0.61222,0,0,0.43633,0,0
0,0,0.75,0,0,0,0,0,0,0.79335,-0.60876,0,0,0.43633,0,0
0,0,0.75,0,0,0,0,0,0,0.796,-0.60529,0,0,0.43633,0,0
0,0,0.75,0,0,0,0,0,0,0.79864,-0.60182,0,0,0.43633,0,0
0,0,0.75,0,0,0,0,0,0,0.80125,-0.59832,0,0,0.43633,0,0
0,0,0.75,0,0,0,0,0,0,0.80386,-0.59482,0,0,0.43633,0,0
0,0,0.75,0,0,0,0,0,0,0.80644,-0.59131,0,0,0.43633,0,0
0,0,0.75,0,0,0,0,0,0,0.80902,-0.58779,0,0,0.43633,0,0
0,0,0.75,0,0,0,0,0,0,0.81157,-0.58425,0,0,0.43633,0,0
0,0,0.75,0,0,0,0,0,0,0.81412,-0.5807,0,0,0.43633,0,0
0,0,0.75,0,0,0,0,0,0,0.81664,-0.57715,0,0,0.43633,0,0
0,0,0.75,0,0,0,0,0,0,0.81915,-0.57358,0,0,0.43633,0,0
0,0,0.75,0,0,0,0,0,0,0.82165,-0.57,0,0,0.43633,0,0
0,0,0.75,0,0,0,0,0,0,0.82413,-0.56641,0,0,0.43633,0,0
0,0,0.75,0,0,0,0,0,0,0.82659,-0.5628,0,0,0.43633,0,0
0,0,0.75,0,0,0,0,0,0,0.82904,-0.55919,0,0,0.43633,0,0
0,0,0.75,0,0,0,0,0,0,0.83147,-0.55557,0,0,0.43633,0,0
0,0,0.75,0,0,0,0,0,0,0.83389,-0.55194,0,0,0.43633,0,0
0,0,0.75,0,0,0,0,0,0,0.83629,-0.54829,0,0,0.43633,0,0
0,0,0.75,0,0,0,0,0,0,0.83867,-0.54464,0,0,0.43633,0,0
0,0,0.75,0,0,0,0,0,0,0.84104,-0.54097,0,0,0.43633,0,0
0,0,0.75,0,0,0,0,0,0,0.84339,-0.5373,0,0,0.43633,0,0
0,0,0.75,0,0,0,0,0,0,0.84573,-0.53361,0,0,0.43633,0,0
0,0,0.75,0,0,0,0,0,0,0.84805,-0.52992,0,0,0.43633,0,0
0,0,0.75,0,0,0,0,0,0,0.85035,-0.52621,0,0,0.43633,0,0
0,0,0.75,0,0,0,0,0,0,0.85264,-0.5225,0,0,0.43633,0,0
0,0,0.75,0,0,0,0,0,0,0.85491,-0.51877,0,0,0.43633,0,0
0,0,0.75,0,0,0,0,0,0,0.85717,-0.51504,0,0,0.43633,0,0
0,0,0.75,0,0,0,0,0,0,0.85941,-0.51129,0,0,0.43633,0,0
0,0,0.75,0,0,0,0,0,0,0.86163,-0.50754,0,0,0.43633,0,0
0,0,0.75,0,0,0,0,0,0,0.86384,-0.50377,0,0,0.43633,0,0
0,0,0.75,0,0,0,0,0,0,0.86603,-0.5,0,0,0.43633,0,0
0,0,0.75,0,0,0,0,0,0,0.8682,-0.49622,0,0,0.43633,0,0
0,0,0.75,0,0,0,0,0,0,0.87036,-0.49242,0,0,0.43633,0,0
0,0,0.75,0,0,0,0,0,0,0.8725,-0.48862,0,0,0.43633,0,0
0,0,0.75,0,0,0,0,0,0,0.87462,-0.48481,0,0,0.43633,0,0
0,0,0.75,0,0,0,0,0,0,0.87673,-0.48099,0,0,0.43633,0,0
0,0,0.75,0,0,0,0,0,0,0.87882,-0.47716,0,0,0.43633,0,0
0,0,0.75,0,0,0,0,0,0,0.88089,-0.47332,0,0,0.43633,0,0
0,0,0.75,0,0,0,0,0,0,0.88295,-0.46947,0,0,0.43633,0,0
0,0,0.75,0,0,0,0,0,0,0.88499,-0.46561,0,0,0.43633,0,0
0,0,0.75,0,0,0,0,0,0,0.88701,-0.46175,0,0,0.43633,0,0
0,0,0.75,0,0,0,0,0,0,0.88902,-0.45787,0,0,0.43633,0,0
0,0,0.75,0,0,0,0,0,0,0.89101,-0.45399,0,0,0.43633,0,0
0,0,0.75,0,0,0,0,0,0,0.89298,-0.4501,0,0,0.43633,0,0
0,0,0.75,0,0,0,0,0,0,0.89493,-0.4462,0,0,0.43633,0,0
0,0,0.75,0,0,0,0,0,0,0.89687,-0.44229,0,0,0.43633,0,0
0,0,0.75,0,0,0,0,0,0,0.89879,-0.43837,0,0,0.43633,0,0
0,0,0.75,0,0,0,0,0,0,0.9007,-0.43445,0,0,0.43633,0,0
0,0,0.75,0,0,0,0,0,0,0.90259,-0.43051,0,0,0.43633,0,0
0,0,0.75,0,0,0,0,0,0,0.90446,-0.42657,0,0,0.43633,0,0
0,0,0.75,0,0,0,0,0,0,0.90631,-0.42262,0,0,0.43633,0,0
0,0,0.75,0,0,0,0,0,0,0.90814,-0.41866,0,0,0.43633,0,0
0,0,0.75,0,0,0,0,0,0,0.90996,-0.41469,0,0,0.43633,0,0
0,0,0.75,0,0,0,0,0,0,0.91176,-0.41072,0,0,0.43633,0,0
0,0,0.75,0,0,0,0,0,0,0.91355,-0.40674,0,0,0.43633,0,0
0,0,0.75,0,0,0,0,0,0,0.91531,-0.40275,0,0,0.43633,0,0
0,0,0.75,0,0,0,0,0,0,0.91706,-0.39875,0,0,0.43633,0,0
0,0,0.75,0,0,0,0,0,0,0.91879,-0.39474,0,0,0.43633,0,0
0,0,0.75,0,0,0,0,0,0,0.9205,-0.39073,0,0,0.43633,0,0
0,0,0.75,0,0,0,0,0,0,0.9222,-0.38671,0,0,0.43633,0,0
0,0,0.75,0,0,0,0,0,0,0.92388,-0.38268,0,0,0.43633,0,0
0,0,0.75,0,0,0,0,0,0,0.92554,-0.37865,0,0,0.43633,0,0
0,0,0.75,0,0,0,0,0,0,0.92718,-0.37461,0,0,0.43633,0,0
0,0,0.75,0,0,0,0,0,0,0.92881,-0.37056,0,0,0.43633,0,0
0,0,0.75,0,0,0,0,0,0,0.93042,-0.3665,0,0,0.43633,0,0
0,0,0.75,0,0,0,0,0,0,0.93201,-0.36244,0,0,0.43633,0,0
0,0,0.75,0,0,0,0,0,0,0.93358,-0.35837,0,0,0.43633,0,0
0,0,0.75,0,0,0,0,0,0,0.93514,-0.35429,0,0,0.43633,0,0
0,0,0.75,0,0,0,0,0,0,0.93667,-0.35021,0,0,0.43633,0,0
0,0,0.75,0,0,0,0,0,0,0.93819,-0.34612,0,0,0.43633,0,0
0,0,0.75,0,0,0,0,0,0,0.93969,-0.34202,0,0,0.43633,0,0
0,0,0.75,0,0,0,0,0,0,0.94118,-0.33792,0,0,0.43633,0,0
0,0,0.75,0,0,0,0,0,0,0.94264,-0.33381,0,0,0.43633,0,0
0,0,0.75,0,0,0,0,0,0,0.94409,-0.32969,0,0,0.43633,0,0
0,0,0.75,0,0,0,0,0,0,0.94552,-0.32557,0,0,0.43633,0,0
0,0,0.75,0,0,0,0,0,0,0.94693,-0.32144,0,0,0.43633,0,0
0,0,0.75,0,0,0,0,0,0,0.94832,-0.3173,0,0,0.43633,0,0
0,0,0.75,0,0,0,0,0,0,0.9497,-0.31316,0,0,0.43633,0,0
0,0,0.75,0,0,0,0,0,0,0.95106,-0.30902,0,0,0.43633,0,0
0,0,0.75,0,0,0,0,0,0,0.9524,-0.30486,0,0,0.43633,0,0
0,0,0.75,0,0,0,0,0,0,0.95372,-0.30071,0,0,0.43633,0,0
0,0,0.75,0,0,0,0,0,0,0.95502,-0.29654,0,0,0.43633,0,0
0,0,0.75,0,0,0,0,0,0,0.9563,-0.29237,0,0,0.43633,0,0
0,0,0.75,0,0,0,0,0,0,0.95757,-0.2882,0,0,0.43633,0,0
0,0,0.75,0,0,0,0,0,0,0.95882,-0.28402,0,0,0.43633,0,0
0,0,0.75,0,0,0,0,0,0,0.96005,-0.27983,0,0,0.43633,0,0
0,0,0.75,0,0,0,0,0,0,0.96126,-0.27564,0,0,0.43633,0,0
0,0,0.75,0,0,0,0,0,0,0.96246,-0.27144,0,0,0.43633,0,0
0,0,0.75,0,0,0,0,0,0,0.96363,-0.26724,0,0,0.43633,0,0
0,0,0.75,0,0,0,0,0,0,0.96479,-0.26303,0,0,0.43633,0,0
0,0,0.75,0,0,0,0,0,0,0.96593,-0.25882,0,0,0.43633,0,0
0,0,0.75,0,0,0,0,0,0,0.96705,-0.2546,0,0,0.43633,0,0
0,0,0.75,0,0,0,0,0,0,0.96815,-0.25038,0,0,0.43633,0,0
0,0,0.75,0,0,0,0,0,0,0.96923,-0.24615,0,0,0.43633,0,0
0,0,0.75,0,0,0,0,0,0,0.9703,-0.24192,0,0,0.43633,0,0
0,0,0.75,0,0,0,0,0,0,0.97134,-0.23769,0,0,0.43633,0,0
0,0,0.75,0,0,0,0,0,0,0.97237,-0.23345,0,0,0.43633,0,0
0,0,0.75,0,0,0,0,0,0,0.97338,-0.2292,0,0,0.43633,0,0
0,0,0.75,0,0,0,0,0,0,0.97437,-0.22495,0,0,0.43633,0,0
0,0,0.75,0,0,0,0,0,0,0.97534,-0.2207,0,0,0.43633,0,0
0,0,0.75,0,0,0,0,0,0,0.9763,-0.21644,0,0,0.43633,0,0
0,0,0.75,0,0,0,0,0,0,0.97723,-0.21218,0,0,0.43633,0,0
0,0,0.75,0,0,0,0,0,0,0.97815,-0.20791,0,0,0.43633,0,0
0,0,0.75,0,0,0,0,0,0,0.97905,-0.20364,0,0,0.43633,0,0
0,0,0.75,0,0,0,0,0,0,0.97992,-0.19937,0,0,0.43633,0,0
0,0,0.75,0,0,0,0,0,0,0.98079,-0.19509,0,0,0.43633,0,0
0,0,0.75,0,0,0,0,0,0,0.98163,-0.19081,0,0,0.43633,0,0
0,0,0.75,0,0,0,0,0,0,0.98245,-0.18652,0,0,0.43633,0,0
0,0,0.75,0,0,0,0,0,0,0.98325,-0.18224,0,0,0.43633,0,0
0,0,0.75,0,0,0,0,0,0,0.98404,-0.17794,0,0,0.43633,0,0
0,0,0.75,0,0,0,0,0,0,0.98481,-0.17365,0,0,0.43633,0,0
0,0,0.75,0,0,0,0,0,0,0.98556,-0.16935,0,0,0.43633,0,0
0,0,0.75,0,0,0,0,0,0,0.98629,-0.16505,0,0,0.43633,0,0
0,0,0.75,0,0,0,0,0,0,0.987,-0.16074,0,0,0.43633,0,0
0,0,0.75,0,0,0,0,0,0,0.98769,-0.15643,0,0,0.43633,0,0
0,0,0.75,0,0,0,0,0,0,0.98836,-0.15212,0,0,0.43633,0,0
0,0,0.75,0,0,0,0,0,0,0.98902,-0.14781,0,0,0.43633,0,0
0,0,0.75,0,0,0,0,0,0,0.98965,-0.14349,0,0,0.43633,0,0
0,0,0.75,0,0,0,0,0,0,0.99027,-0.13917,0,0,0.43633,0,0
0,0,0.75,0,0,0,0,0,0,0.99087,-0.13485,0,0,0.43633,0,0
0,0,0.75,0,0,0,0,0,0,0.99144,-0.13053,0,0,0.43633,0,0
0,0,0.75,0,0,0,0,0,0,0.992,-0.1262,0,0,0.43633,0,0
0,0,0.75,0,0,0,0,0,0,0.99255,-0.12187,0,0,0.43633,0,0
0,0,0.75,0,0,0,0,0,0,0.99307,-0.11754,0,0,0.43633,0,0
0,0,0.75,0,0,0,0,0,0,0.99357,-0.1132,0,0,0.43633,0,0
0,0,0.75,0,0,0,0,0,0,0.99406,-0.10887,0,0,0.43633,0,0
0,0,0.75,0,0,0,0,0,0,0.99452,-0.10453,0,0,0.43633,0,0
0,0,0.75,0,0,0,0,0,0,0.99497,-0.10019,0,0,0.43633,0,0
0,0,0.75,0,0,0,0,0,0,0.9954,-0.095846,0,0,0.43633,0,0
0,0,0.75,0,0,0,0,0,0,0.9958,-0.091502,0,0,0.43633,0,0
0,0,0.75,0,0,0,0,0,0,0.99619,-0.087156,0,0,0.43633,0,0
0,0,0.75,0,0,0,0,0,0,0.99657,-0.082808,0,0,0.43633,0,0
0,0,0.75,0,0,0,0,0,0,0.99692,-0.078459,0,0,0.43633,0,0
0,0,0.75,0,0,0,0,0,0,0.99725,-0.074108,0,0,0.43633,0,0
0,0,0.75,0,0,0,0,0,0,0.99756,-0.069756,0,0,0.43633,0,0
0,0,0.75,0,0,0,0,0,0,0.99786,-0.065403,0,0,0.43633,0,0
0,0,0.75,0,0,0,0,0,0,0.99813,-0.061049,0,0,0.43633,0,0
0,0,0.75,0,0,0,0,0,0,0.99839,-0.056693,0,0,0.43633,0,0
0,0,0.75,0,0,0,0,0,0,0.99863,-0.052336,0,0,0.43633,0,0
0,0,0.75,0,0,0,0,0,0,0.99885,-0.047978,0,0,0.43633,0,0
0,0,0.75,0,0,0,0,0,0,0.99905,-0.043619,0,0,0.43633,0,0
0,0,0.75,0,0,0,0,0,0,0.99923,-0.03926,0,0,0.43633,0,0
0,0,0.75,0,0,0,0,0,0,0.99939,-0.034899,0,0,0.43633,0,0
0,0,0.75,0,0,0,0,0,0,0.99953,-0.030539,0,0,0.43633,0,0
0,0,0.75,0,0,0,0,0,0,0.99966,-0.026177,0,0,0.43633,0,0
0,0,0.75,0,0,0,0,0,0,0.99976,-0.021815,0,0,0.43633,0,0
0,0,0.75,0,0,0,0,0,0,0.99985,-0.017452,0,0,0.43633,0,0
0,0,0.75,0,0,0,0,0,0,0.99991,-0.01309,0,0,0.43633,0,0
0,0,0.75,0,0,0,0,0,0,0.99996,-0.0087265,0,0,0.43633,0,0
0,0,0.75,0,0,0,0,0,0,0.99999,-0.0043633,0,0,0.43633,0,0
0,0,0.75,0,0,0,0,0,0,1,0,0,0,0.43633,0,0
