9.1849e-17,-1.4489,1.25,0,0,0,1,0,0,0,0,0,0
0.0075396,-1.4488,1.25,18.849,0.12711,0.034058,1,0,0,0,0,0,0
0.015078,-1.4487,1.25,-0.0030157,0.25416,0.068101,1,0,0,0,0,0,0
0.022614,-1.4484,1.2501,-0.006029,0.25399,0.068058,1,0,0,0,0,0,0
0.030146,-1.4481,1.2502,-0.0090376,0.25372,0.067984,1,0,0,0,0,0,0
0.037674,-1.4476,1.2503,-0.012039,0.25334,0.067882,1,0,0,0,0,0,0
0.045196,-1.4471,1.2505,-0.015031,0.25285,0.067751,1,0,0,0,0,0,0
0.05271,-1.4464,1.2506,-0.018012,0.25225,0.067591,1,0,0,0,0,0,0
0.060216,-1.4456,1.2508,-0.020978,0.25155,0.067403,1,0,0,0,0,0,0
0.067712,-1.4448,1.2511,-0.023928,0.25074,0.067186,1,0,0,0,0,0,0
0.075198,-1.4438,1.2513,-0.02686,0.24983,0.066941,1,0,0,0,0,0,0
0.082672,-1.4428,1.2516,-0.02977,0.24881,0.066669,1,0,0,0,0,0,0
0.090132,-1.4416,1.2519,-0.032658,0.24769,0.066369,1,0,0,0,0,0,0
0.097579,-1.4403,1.2523,-0.035521,0.24647,0.066042,1,0,0,0,0,0,0
0.10501,-1.439,1.2526,-0.038357,0.24515,0.065688,1,0,0,0,0,0,0
0.11242,-1.4375,1.253,-0.041163,0.24374,0.065309,1,0,0,0,0,0,0
0.11982,-1.436,1.2534,-0.043938,0.24222,0.064903,1,0,0,0,0,0,0
0.1272,-1.4343,1.2539,-0.04668,0.24062,0.064473,1,0,0,0,0,0,0
0.13456,-1.4326,1.2543,-0.049388,0.23892,0.064017,1,0,0,0,0,0,0
0.1419,-1.4308,1.2548,-0.052058,0.23713,0.063538,1,0,0,0,0,0,0
0.14921,-1.4288,1.2553,-0.05469,0.23525,0.063035,1,0,0,0,0,0,0
0.15651,-1.4268,1.2559,-0.057281,0.23329,0.062509,1,0,0,0,0,0,0
0.16377,-1.4247,1.2565,-0.059831,0.23124,0.061961,1,0,0,0,0,0,0
0.17102,-1.4225,1.257,-0.062337,0.22912,0.061392,1,0,0,0,0,0,0
0.17824,-1.4202,1.2577,-0.064799,0.22691,0.060801,1,0,0,0,0,0,0
0.18543,-1.4178,1.2583,-0.067214,0.22463,0.06019,1,0,0,0,0,0,0
0.19259,-1.4153,1.259,-0.069581,0.22228,0.059559,1,0,0,0,0,0,0
0.19973,-1.4128,1.2597,-0.0719,0.21986,0.05891,1,0,0,0,0,0,0
0.20683,-1.4101,1.2604,-0.074169,0.21736,0.058243,1,0,0,0,0,0,0
0.21391,-1.4074,1.2611,-0.076386,0.21481,0.057558,1,0,0,0,0,0,0
0.22095,-1.4045,1.2619,-0.078551,0.21219,0.056856,1,0,0,0,0,0,0
0.22796,-1.4016,1.2626,-0.080663,0.20951,0.056139,1,0,0,0,0,0,0
0.23494,-1.3987,1.2634,-0.082722,0.20678,0.055406,1,0,0,0,0,0,0
0.24188,-1.3956,1.2643,-0.084725,0.20399,0.05466,1,0,0,0,0,0,0
0.24879,-1.3924,1.2651,-0.086673,0.20116,0.053899,1,0,0,0,0,0,0
0.25567,-1.3892,1.266,-0.088565,0.19827,0.053126,1,0,0,0,0,0,0
0.2625,-1.3859,1.2669,-0.0904,0.19534,0.052341,1,0,0,0,0,0,0
0.2693,-1.3825,1.2678,-0.092178,0.19237,0.051545,1,0,0,0,0,0,0
0.27607,-1.379,1.2687,-0.093898,0.18936,0.050739,1,0,0,0,0,0,0
0.28279,-1.3755,1.2696,-0.095561,0.18631,0.049922,1,0,0,0,0,0,0
0.28948,-1.3719,1.2706,-0.097166,0.18323,0.049097,1,0,0,0,0,0,0
0.29612,-1.3682,1.2716,-0.098712,0.18013,0.048264,1,0,0,0,0,0,0
0.30273,-1.3645,1.2726,-0.1002,0.17699,0.047424,1,0,0,0,0,0,0
0.3093,-1.3606,1.2736,-0.10163,0.17383,0.046577,1,0,0,0,0,0,0
0.31582,-1.3568,1.2747,-0.103,0.17065,0.045725,1,0,0,0,0,0,0
0.3223,-1.3528,1.2757,-0.10431,0.16745,0.044867,1,0,0,0,0,0,0
0.32875,-1.3488,1.2768,-0.10557,0.16423,0.044005,1,0,0,0,0,0,0
0.33514,-1.3447,1.2779,-0.10676,0.161,0.043139,1,0,0,0,0,0,0
0.3415,-1.3405,1.279,-0.1079,0.15776,0.042271,1,0,0,0,0,0,0
0.34781,-1.3363,1.2801,-0.10899,0.15451,0.0414,1,0,0,0,0,0,0
0.35408,-1.332,1.2813,-0.11001,0.15125,0.040528,1,0,0,0,0,0,0
0.3603,-1.3277,1.2824,-0.11098,0.14799,0.039655,1,0,0,0,0,0,0
0.36648,-1.3233,1.2836,-0.11189,0.14473,0.038781,1,0,0,0,0,0,0
0.37261,-1.3189,1.2848,-0.11275,0.14148,0.037908,1,0,0,0,0,0,0
0.3787,-1.3144,1.286,-0.11355,0.13822,0.037037,1,0,0,0,0,0,0
0.38474,-1.3098,1.2872,-0.1143,0.13497,0.036166,1,0,0,0,0,0,0
0.39074,-1.3052,1.2885,-0.11499,0.13174,0.035298,1,0,0,0,0,0,0
0.39669,-1.3006,1.2897,-0.11563,0.12851,0.034433,1,0,0,0,0,0,0
0.40259,-1.2958,1.291,-0.11622,0.12529,0.033571,1,0,0,0,0,0,0
0.40845,-1.2911,1.2923,-0.11676,0.12209,0.032713,1,0,0,0,0,0,0
0.41426,-1.2863,1.2935,-0.11725,0.1189,0.03186,1,0,0,0,0,0,0
0.42002,-1.2814,1.2948,-0.11769,0.11573,0.031011,1,0,0,0,0,0,0
0.42573,-1.2765,1.2962,-0.11808,0.11259,0.030167,1,0,0,0,0,0,0
0.4314,-1.2716,1.2975,-0.11842,0.10946,0.029329,1,0,0,0,0,0,0
0.43702,-1.2666,1.2988,-0.11872,0.10636,0.028498,1,0,0,0,0,0,0
0.44259,-1.2616,1.3002,-0.11897,0.10328,0.027673,1,0,0,0,0,0,0
0.44812,-1.2565,1.3015,-0.11917,0.10022,0.026855,1,0,0,0,0,0,0
0.4536,-1.2514,1.3029,-0.11933,0.097199,0.026044,1,0,0,0,0,0,0
0.45903,-1.2463,1.3043,-0.11945,0.094202,0.025241,1,0,0,0,0,0,0
0.46441,-1.2411,1.3056,-0.11953,0.091236,0.024447,1,0,0,0,0,0,0
0.46974,-1.2359,1.307,-0.11956,0.088301,0.02366,1,0,0,0,0,0,0
0.47503,-1.2306,1.3085,-0.11956,0.085398,0.022882,1,0,0,0,0,0,0
0.48027,-1.2254,1.3099,-0.11952,0.082529,0.022113,1,0,0,0,0,0,0
0.48546,-1.22,1.3113,-0.11944,0.079694,0.021354,1,0,0,0,0,0,0
0.4906,-1.2147,1.3127,-0.11932,0.076894,0.020604,1,0,0,0,0,0,0
0.4957,-1.2093,1.3142,-0.11917,0.074131,0.019863,1,0,0,0,0,0,0
0.50074,-1.2039,1.3156,-0.11898,0.071404,0.019133,1,0,0,0,0,0,0
0.50574,-1.1985,1.3171,-0.11876,0.068715,0.018412,1,0,0,0,0,0,0
0.5107,-1.193,1.3185,-0.1185,0.066065,0.017702,1,0,0,0,0,0,0
0.5156,-1.1876,1.32,-0.11822,0.063453,0.017002,1,0,0,0,0,0,0
0.52046,-1.1821,1.3215,-0.1179,0.060881,0.016313,1,0,0,0,0,0,0
0.52527,-1.1765,1.323,-0.11756,0.058349,0.015634,1,0,0,0,0,0,0
0.53003,-1.171,1.3244,-0.11719,0.055857,0.014967,1,0,0,0,0,0,0
0.53475,-1.1654,1.3259,-0.11679,0.053406,0.01431,1,0,0,0,0,0,0
0.53942,-1.1598,1.3274,-0.11636,0.050996,0.013664,1,0,0,0,0,0,0
0.54405,-1.1542,1.3289,-0.11591,0.048628,0.01303,1,0,0,0,0,0,0
0.54863,-1.1486,1.3304,-0.11543,0.046301,0.012406,1,0,0,0,0,0,0
0.55316,-1.1429,1.332,-0.11493,0.044016,0.011794,1,0,0,0,0,0,0
0.55765,-1.1373,1.3335,-0.11441,0.041773,0.011193,1,0,0,0,0,0,0
0.56209,-1.1316,1.335,-0.11387,0.039572,0.010603,1,0,0,0,0,0,0
0.56648,-1.1259,1.3365,-0.11331,0.037413,0.010025,1,0,0,0,0,0,0
0.57083,-1.1202,1.3381,-0.11272,0.035296,0.0094575,1,0,0,0,0,0,0
0.57514,-1.1144,1.3396,-0.11212,0.033221,0.0089016,1,0,0,0,0,0,0
0.5794,-1.1087,1.3411,-0.1115,0.031189,0.008357,1,0,0,0,0,0,0
0.58362,-1.103,1.3427,-0.11087,0.029198,0.0078236,1,0,0,0,0,0,0
0.58779,-1.0972,1.3442,-0.11021,0.027249,0.0073014,1,0,0,0,0,0,0
0.59192,-1.0914,1.3458,-0.10955,0.025342,0.0067903,1,0,0,0,0,0,0
0.59601,-1.0857,1.3473,-0.10887,0.023476,0.0062904,1,0,0,0,0,0,0
0.60005,-1.0799,1.3489,-0.10817,0.021652,0.0058015,1,0,0,0,0,0,0
0.60405,-1.0741,1.3504,-0.10746,0.019868,0.0053237,1,0,0,0,0,0,0
0.608,-1.0683,1.352,-0.10674,0.018126,0.0048567,1,0,0,0,0,0,0
0.61192,-1.0625,1.3535,-0.10601,0.016423,0.0044006,1,0,0,0,0,0,0
0.61579,-1.0566,1.3551,-0.10527,0.014761,0.0039552,1,0,0,0,0,0,0
0.61962,-1.0508,1.3566,-0.10452,0.013139,0.0035205,1,0,0,0,0,0,0
0.62341,-1.045,1.3582,-0.10376,0.011556,0.0030964,1,0,0,0,0,0,0
0.62716,-1.0392,1.3598,-0.10299,0.010012,0.0026828,1,0,0,0,0,0,0
0.63086,-1.0333,1.3613,-0.10221,0.0085071,0.0022795,1,0,0,0,0,0,0
0.63453,-1.0275,1.3629,-0.10143,0.0070402,0.0018864,1,0,0,0,0,0,0
0.63816,-1.0217,1.3644,-0.10064,0.0056112,0.0015035,1,0,0,0,0,0,0
0.64174,-1.0158,1.366,-0.099838,0.0042196,0.0011306,1,0,0,0,0,0,0
0.64529,-1.01,1.3676,-0.099036,0.0028649,0.00076765,1,0,0,0,0,0,0
0.6488,-1.0042,1.3691,-0.098229,0.0015467,0.00041444,1,0,0,0,0,0,0
0.65226,-0.99832,1.3707,-0.097418,0.00026454,7.0883e-05,1,0,0,0,0,0,0
0.65569,-0.99248,1.3723,-0.096603,-0.00098212,-0.00026316,1,0,0,0,0,0,0
0.65908,-0.98664,1.3738,-0.095785,-0.0021938,-0.00058782,1,0,0,0,0,0,0
0.66244,-0.9808,1.3754,-0.094964,-0.0033709,-0.00090322,1,0,0,0,0,0,0
0.66575,-0.97497,1.377,-0.094141,-0.0045139,-0.0012095,1,0,0,0,0,0,0
0.66903,-0.96914,1.3785,-0.093316,-0.0056235,-0.0015068,1,0,0,0,0,0,0
0.67227,-0.9633,1.3801,-0.092489,-0.0067001,-0.0017953,1,0,0,0,0,0,0
0.67548,-0.95748,1.3816,-0.091662,-0.0077442,-0.002075,1,0,0,0,0,0,0
0.67865,-0.95165,1.3832,-0.090834,-0.0087563,-0.0023462,1,0,0,0,0,0,0
0.68178,-0.94583,1.3848,-0.090006,-0.0097371,-0.002609,1,0,0,0,0,0,0
0.68487,-0.94002,1.3863,-0.089179,-0.010687,-0.0028635,1,0,0,0,0,0,0
0.68794,-0.93421,1.3879,-0.088352,-0.011606,-0.0031099,1,0,0,0,0,0,0
0.69096,-0.9284,1.3894,-0.087526,-0.012496,-0.0033483,1,0,0,0,0,0,0
0.69395,-0.9226,1.391,-0.086701,-0.013356,-0.0035788,1,0,0,0,0,0,0
0.69691,-0.9168,1.3925,-0.085878,-0.014188,-0.0038017,1,0,0,0,0,0,0
0.69983,-0.91101,1.3941,-0.085057,-0.014991,-0.0040169,1,0,0,0,0,0,0
0.70272,-0.90523,1.3956,-0.084238,-0.015767,-0.0042248,1,0,0,0,0,0,0
0.70558,-0.89946,1.3972,-0.083422,-0.016516,-0.0044254,1,0,0,0,0,0,0
0.7084,-0.89369,1.3987,-0.082608,-0.017238,-0.0046188,1,0,0,0,0,0,0
0.71119,-0.88792,1.4003,-0.081798,-0.017933,-0.0048052,1,0,0,0,0,0,0
0.71395,-0.88217,1.4018,-0.080991,-0.018604,-0.0049848,1,0,0,0,0,0,0
0.71668,-0.87642,1.4034,-0.080187,-0.019249,-0.0051577,1,0,0,0,0,0,0
0.71937,-0.87068,1.4049,-0.079387,-0.019869,-0.0053239,1,0,0,0,0,0,0
0.72203,-0.86495,1.4064,-0.078592,-0.020466,-0.0054838,1,0,0,0,0,0,0
0.72466,-0.85923,1.408,-0.0778,-0.021039,-0.0056373,1,0,0,0,0,0,0
0.72727,-0.85352,1.4095,-0.077013,-0.021589,-0.0057846,1,0,0,0,0,0,0
0.72984,-0.84781,1.411,-0.07623,-0.022116,-0.0059259,1,0,0,0,0,0,0
0.73238,-0.84212,1.4126,-0.075453,-0.022621,-0.0060613,1,0,0,0,0,0,0
0.73489,-0.83643,1.4141,-0.07468,-0.023105,-0.0061909,1,0,0,0,0,0,0
0.73737,-0.83075,1.4156,-0.073912,-0.023568,-0.0063149,1,0,0,0,0,0,0
0.73982,-0.82508,1.4171,-0.073149,-0.02401,-0.0064333,1,0,0,0,0,0,0
0.74224,-0.81943,1.4186,-0.072392,-0.024431,-0.0065464,1,0,0,0,0,0,0
0.74463,-0.81378,1.4201,-0.07164,-0.024833,-0.0066541,1,0,0,0,0,0,0
0.747,-0.80814,1.4217,-0.070894,-0.025216,-0.0067567,1,0,0,0,0,0,0
0.74934,-0.80251,1.4232,-0.070153,-0.025581,-0.0068543,1,0,0,0,0,0,0
0.75165,-0.79689,1.4247,-0.069419,-0.025926,-0.0069469,1,0,0,0,0,0,0
0.75393,-0.79129,1.4262,-0.06869,-0.026254,-0.0070348,1,0,0,0,0,0,0
0.75618,-0.78569,1.4277,-0.067967,-0.026564,-0.0071179,1,0,0,0,0,0,0
0.75841,-0.78011,1.4292,-0.06725,-0.026858,-0.0071965,1,0,0,0,0,0,0
0.76061,-0.77453,1.4307,-0.06654,-0.027134,-0.0072707,1,0,0,0,0,0,0
0.76279,-0.76897,1.4322,-0.065836,-0.027395,-0.0073404,1,0,0,0,0,0,0
0.76494,-0.76342,1.4336,-0.065137,-0.027639,-0.007406,1,0,0,0,0,0,0
0.76706,-0.75787,1.4351,-0.064446,-0.027869,-0.0074674,1,0,0,0,0,0,0
0.76916,-0.75234,1.4366,-0.06376,-0.028083,-0.0075247,1,0,0,0,0,0,0
0.77123,-0.74683,1.4381,-0.063082,-0.028282,-0.0075782,1,0,0,0,0,0,0
0.77328,-0.74132,1.4396,-0.062409,-0.028467,-0.0076278,1,0,0,0,0,0,0
0.7753,-0.73582,1.441,-0.061743,-0.028639,-0.0076737,1,0,0,0,0,0,0
0.7773,-0.73034,1.4425,-0.061084,-0.028796,-0.0077159,1,0,0,0,0,0,0
0.77927,-0.72486,1.444,-0.060432,-0.028941,-0.0077546,1,0,0,0,0,0,0
0.78122,-0.7194,1.4454,-0.059785,-0.029072,-0.0077899,1,0,0,0,0,0,0
0.78315,-0.71395,1.4469,-0.059146,-0.029191,-0.0078218,1,0,0,0,0,0,0
0.78505,-0.70852,1.4484,-0.058513,-0.029298,-0.0078505,1,0,0,0,0,0,0
0.78693,-0.70309,1.4498,-0.057887,-0.029393,-0.0078759,1,0,0,0,0,0,0
0.78879,-0.69767,1.4513,-0.057268,-0.029477,-0.0078983,1,0,0,0,0,0,0
0.79062,-0.69227,1.4527,-0.056655,-0.029549,-0.0079177,1,0,0,0,0,0,0
0.79244,-0.68688,1.4542,-0.056049,-0.029611,-0.0079341,1,0,0,0,0,0,0
0.79423,-0.6815,1.4556,-0.055449,-0.029661,-0.0079477,1,0,0,0,0,0,0
0.79599,-0.67614,1.457,-0.054856,-0.029702,-0.0079585,1,0,0,0,0,0,0
0.79774,-0.67078,1.4585,-0.05427,-0.029732,-0.0079667,1,0,0,0,0,0,0
0.79946,-0.66544,1.4599,-0.053691,-0.029753,-0.0079722,1,0,0,0,0,0,0
0.80117,-0.66011,1.4613,-0.053118,-0.029764,-0.0079752,1,0,0,0,0,0,0
0.80285,-0.65479,1.4628,-0.052552,-0.029766,-0.0079758,1,0,0,0,0,0,0
0.80451,-0.64948,1.4642,-0.051992,-0.029759,-0.0079739,1,0,0,0,0,0,0
0.80615,-0.64418,1.4656,-0.051439,-0.029743,-0.0079697,1,0,0,0,0,0,0
0.80777,-0.6389,1.467,-0.050892,-0.029719,-0.0079633,1,0,0,0,0,0,0
0.80938,-0.63363,1.4684,-0.050352,-0.029687,-0.0079546,1,0,0,0,0,0,0
0.81096,-0.62837,1.4698,-0.049819,-0.029647,-0.0079439,1,0,0,0,0,0,0
0.81252,-0.62312,1.4712,-0.049292,-0.029599,-0.007931,1,0,0,0,0,0,0
0.81406,-0.61788,1.4726,-0.048771,-0.029544,-0.0079162,1,0,0,0,0,0,0
0.81558,-0.61266,1.474,-0.048257,-0.029481,-0.0078994,1,0,0,0,0,0,0
0.81708,-0.60745,1.4754,-0.047749,-0.029411,-0.0078807,1,0,0,0,0,0,0
0.81857,-0.60225,1.4768,-0.047247,-0.029335,-0.0078603,1,0,0,0,0,0,0
0.82003,-0.59706,1.4782,-0.046752,-0.029252,-0.007838,1,0,0,0,0,0,0
0.82148,-0.59188,1.4796,-0.046263,-0.029162,-0.007814,1,0,0,0,0,0,0
0.82291,-0.58671,1.481,-0.04578,-0.029067,-0.0077884,1,0,0,0,0,0,0
0.82432,-0.58156,1.4824,-0.045304,-0.028965,-0.0077611,1,0,0,0,0,0,0
0.82571,-0.57642,1.4837,-0.044833,-0.028857,-0.0077323,1,0,0,0,0,0,0
0.82709,-0.57128,1.4851,-0.044369,-0.028744,-0.007702,1,0,0,0,0,0,0
0.82844,-0.56616,1.4865,-0.043911,-0.028625,-0.0076702,1,0,0,0,0,0,0
0.82978,-0.56106,1.4879,-0.043458,-0.028501,-0.0076369,1,0,0,0,0,0,0
0.83111,-0.55596,1.4892,-0.043012,-0.028372,-0.0076024,1,0,0,0,0,0,0
0.83241,-0.55087,1.4906,-0.042572,-0.028238,-0.0075664,1,0,0,0,0,0,0
0.8337,-0.5458,1.492,-0.042137,-0.028099,-0.0075292,1,0,0,0,0,0,0
0.83497,-0.54074,1.4933,-0.041709,-0.027956,-0.0074908,1,0,0,0,0,0,0
0.83623,-0.53568,1.4947,-0.041286,-0.027808,-0.0074511,1,0,0,0,0,0,0
0.83747,-0.53064,1.496,-0.040869,-0.027656,-0.0074103,1,0,0,0,0,0,0
0.83869,-0.52561,1.4974,-0.040457,-0.027499,-0.0073684,1,0,0,0,0,0,0
0.8399,-0.52059,1.4987,-0.040051,-0.027339,-0.0073254,1,0,0,0,0,0,0
0.84109,-0.51558,1.5,-0.039651,-0.027174,-0.0072813,1,0,0,0,0,0,0
0.84227,-0.51059,1.5014,-0.039256,-0.027006,-0.0072362,1,0,0,0,0,0,0
0.84342,-0.5056,1.5027,-0.038867,-0.026834,-0.0071902,1,0,0,0,0,0,0
0.84457,-0.50062,1.5041,-0.038484,-0.026659,-0.0071432,1,0,0,0,0,0,0
0.8457,-0.49566,1.5054,-0.038105,-0.02648,-0.0070952,1,0,0,0,0,0,0
0.84681,-0.4907,1.5067,-0.037733,-0.026298,-0.0070464,1,0,0,0,0,0,0
0.84791,-0.48576,1.508,-0.037365,-0.026112,-0.0069968,1,0,0,0,0,0,0
0.849,-0.48082,1.5094,-0.037003,-0.025924,-0.0069463,1,0,0,0,0,0,0
0.85007,-0.4759,1.5107,-0.036645,-0.025733,-0.0068951,1,0,0,0,0,0,0
0.85112,-0.47099,1.512,-0.036293,-0.025539,-0.0068431,1,0,0,0,0,0,0
0.85216,-0.46608,1.5133,-0.035947,-0.025342,-0.0067903,1,0,0,0,0,0,0
0.85319,-0.46119,1.5146,-0.035605,-0.025142,-0.0067368,1,0,0,0,0,0,0
0.8542,-0.4563,1.5159,-0.035268,-0.02494,-0.0066827,1,0,0,0,0,0,0
0.8552,-0.45143,1.5172,-0.034936,-0.024736,-0.0066279,1,0,0,0,0,0,0
0.85619,-0.44657,1.5185,-0.034609,-0.024529,-0.0065725,1,0,0,0,0,0,0
0.85716,-0.44171,1.5198,-0.034287,-0.02432,-0.0065165,1,0,0,0,0,0,0
0.85811,-0.43687,1.5211,-0.03397,-0.024108,-0.0064598,1,0,0,0,0,0,0
0.85906,-0.43203,1.5224,-0.033658,-0.023895,-0.0064027,1,0,0,0,0,0,0
0.85999,-0.42721,1.5237,-0.03335,-0.02368,-0.006345,1,0,0,0,0,0,0
0.86091,-0.42239,1.525,-0.033047,-0.023462,-0.0062867,1,0,0,0,0,0,0
0.86181,-0.41758,1.5263,-0.032749,-0.023243,-0.006228,1,0,0,0,0,0,0
0.8627,-0.41279,1.5276,-0.032455,-0.023022,-0.0061688,1,0,0,0,0,0,0
0.86358,-0.408,1.5289,-0.032166,-0.0228,-0.0061091,1,0,0,0,0,0,0
0.86445,-0.40322,1.5302,-0.031882,-0.022575,-0.006049,1,0,0,0,0,0,0
0.8653,-0.39845,1.5314,-0.031601,-0.022349,-0.0059885,1,0,0,0,0,0,0
0.86614,-0.39369,1.5327,-0.031326,-0.022122,-0.0059275,1,0,0,0,0,0,0
0.86697,-0.38893,1.534,-0.031054,-0.021893,-0.0058662,1,0,0,0,0,0,0
0.86778,-0.38419,1.5353,-0.030787,-0.021663,-0.0058045,1,0,0,0,0,0,0
0.86859,-0.37945,1.5365,-0.030525,-0.021431,-0.0057425,1,0,0,0,0,0,0
0.86938,-0.37473,1.5378,-0.030266,-0.021198,-0.0056801,1,0,0,0,0,0,0
0.87016,-0.37001,1.5391,-0.030012,-0.020964,-0.0056174,1,0,0,0,0,0,0
0.87093,-0.3653,1.5403,-0.029762,-0.020729,-0.0055543,1,0,0,0,0,0,0
0.87168,-0.36059,1.5416,-0.029516,-0.020493,-0.005491,1,0,0,0,0,0,0
0.87243,-0.3559,1.5428,-0.029274,-0.020255,-0.0054274,1,0,0,0,0,0,0
0.87316,-0.35121,1.5441,-0.029036,-0.020017,-0.0053635,1,0,0,0,0,0,0
0.87388,-0.34654,1.5453,-0.028802,-0.019778,-0.0052994,1,0,0,0,0,0,0
0.87459,-0.34187,1.5466,-0.028572,-0.019537,-0.005235,1,0,0,0,0,0,0
0.87529,-0.3372,1.5478,-0.028346,-0.019296,-0.0051704,1,0,0,0,0,0,0
0.87597,-0.33255,1.5491,-0.028124,-0.019054,-0.0051055,1,0,0,0,0,0,0
0.87665,-0.3279,1.5503,-0.027906,-0.018811,-0.0050405,1,0,0,0,0,0,0
0.87731,-0.32326,1.5516,-0.027691,-0.018568,-0.0049752,1,0,0,0,0,0,0
0.87797,-0.31863,1.5528,-0.02748,-0.018323,-0.0049098,1,0,0,0,0,0,0
0.87861,-0.314,1.5541,-0.027273,-0.018079,-0.0048441,1,0,0,0,0,0,0
0.87924,-0.30938,1.5553,-0.02707,-0.017833,-0.0047783,1,0,0,0,0,0,0
0.87986,-0.30477,1.5565,-0.026871,-0.017587,-0.0047123,1,0,0,0,0,0,0
0.88047,-0.30017,1.5578,-0.026675,-0.01734,-0.0046462,1,0,0,0,0,0,0
0.88107,-0.29557,1.559,-0.026482,-0.017093,-0.00458,1,0,0,0,0,0,0
0.88166,-0.29098,1.5602,-0.026293,-0.016845,-0.0045135,1,0,0,0,0,0,0
0.88224,-0.28639,1.5615,-0.026108,-0.016596,-0.004447,1,0,0,0,0,0,0
0.88281,-0.28182,1.5627,-0.025926,-0.016348,-0.0043803,1,0,0,0,0,0,0
0.88337,-0.27724,1.5639,-0.025748,-0.016098,-0.0043135,1,0,0,0,0,0,0
0.88392,-0.27268,1.5651,-0.025573,-0.015849,-0.0042467,1,0,0,0,0,0,0
0.88446,-0.26812,1.5664,-0.025402,-0.015599,-0.0041797,1,0,0,0,0,0,0
0.88498,-0.26357,1.5676,-0.025234,-0.015348,-0.0041126,1,0,0,0,0,0,0
0.8855,-0.25902,1.5688,-0.025069,-0.015098,-0.0040454,1,0,0,0,0,0,0
0.88601,-0.25448,1.57,-0.024907,-0.014846,-0.0039781,1,0,0,0,0,0,0
0.88651,-0.24995,1.5712,-0.024749,-0.014595,-0.0039108,1,0,0,0,0,0,0
0.887,-0.24542,1.5724,-0.024594,-0.014344,-0.0038433,1,0,0,0,0,0,0
0.88747,-0.24089,1.5737,-0.024443,-0.014092,-0.0037758,1,0,0,0,0,0,0
0.88794,-0.23638,1.5749,-0.024294,-0.013839,-0.0037083,1,0,0,0,0,0,0
0.8884,-0.23186,1.5761,-0.024149,-0.013587,-0.0036407,1,0,0,0,0,0,0
0.88885,-0.22736,1.5773,-0.024007,-0.013335,-0.003573,1,0,0,0,0,0,0
0.88929,-0.22285,1.5785,-0.023868,-0.013082,-0.0035053,1,0,0,0,0,0,0
0.88972,-0.21836,1.5797,-0.023732,-0.012829,-0.0034375,1,0,0,0,0,0,0
0.89014,-0.21386,1.5809,-0.023599,-0.012576,-0.0033697,1,0,0,0,0,0,0
0.89055,-0.20938,1.5821,-0.023469,-0.012323,-0.0033018,1,0,0,0,0,0,0
0.89096,-0.2049,1.5833,-0.023342,-0.012069,-0.0032339,1,0,0,0,0,0,0
0.89135,-0.20042,1.5845,-0.023218,-0.011816,-0.003166,1,0,0,0,0,0,0
0.89173,-0.19595,1.5857,-0.023097,-0.011562,-0.003098,1,0,0,0,0,0,0
0.89211,-0.19148,1.5869,-0.022979,-0.011308,-0.0030301,1,0,0,0,0,0,0
0.89247,-0.18701,1.5881,-0.022864,-0.011055,-0.0029621,1,0,0,0,0,0,0
0.89283,-0.18255,1.5893,-0.022752,-0.010801,-0.002894,1,0,0,0,0,0,0
0.89317,-0.1781,1.5905,-0.022643,-0.010547,-0.002826,1,0,0,0,0,0,0
0.89351,-0.17365,1.5917,-0.022537,-0.010293,-0.0027579,1,0,0,0,0,0,0
0.89384,-0.1692,1.5929,-0.022433,-0.010039,-0.0026898,1,0,0,0,0,0,0
0.89416,-0.16476,1.5941,-0.022333,-0.0097844,-0.0026217,1,0,0,0,0,0,0
0.89447,-0.16032,1.5952,-0.022235,-0.0095303,-0.0025536,1,0,0,0,0,0,0
0.89478,-0.15588,1.5964,-0.02214,-0.0092761,-0.0024855,1,0,0,0,0,0,0
0.89507,-0.15145,1.5976,-0.022048,-0.0090218,-0.0024174,1,0,0,0,0,0,0
0.89535,-0.14702,1.5988,-0.021958,-0.0087676,-0.0023493,1,0,0,0,0,0,0
0.89563,-0.1426,1.6,-0.021871,-0.0085133,-0.0022811,1,0,0,0,0,0,0
0.8959,-0.13818,1.6012,-0.021787,-0.008259,-0.002213,1,0,0,0,0,0,0
0.89616,-0.13376,1.6024,-0.021706,-0.0080047,-0.0021448,1,0,0,0,0,0,0
0.89641,-0.12934,1.6035,-0.021627,-0.0077504,-0.0020767,1,0,0,0,0,0,0
0.89665,-0.12493,1.6047,-0.021552,-0.0074961,-0.0020086,1,0,0,0,0,0,0
0.89688,-0.12052,1.6059,-0.021478,-0.0072418,-0.0019404,1,0,0,0,0,0,0
0.89711,-0.11611,1.6071,-0.021408,-0.0069875,-0.0018723,1,0,0,0,0,0,0
0.89732,-0.11171,1.6083,-0.02134,-0.0067332,-0.0018041,1,0,0,0,0,0,0
0.89753,-0.10731,1.6094,-0.021274,-0.0064789,-0.001736,1,0,0,0,0,0,0
0.89773,-0.10291,1.6106,-0.021212,-0.0062246,-0.0016679,1,0,0,0,0,0,0
0.89792,-0.098512,1.6118,-0.021151,-0.0059704,-0.0015998,1,0,0,0,0,0,0
0.8981,-0.094118,1.613,-0.021094,-0.0057161,-0.0015316,1,0,0,0,0,0,0
0.89827,-0.089726,1.6142,-0.021039,-0.0054619,-0.0014635,1,0,0,0,0,0,0
0.89844,-0.085336,1.6153,-0.020986,-0.0052077,-0.0013954,1,0,0,0,0,0,0
0.89859,-0.080947,1.6165,-0.020937,-0.0049535,-0.0013273,1,0,0,0,0,0,0
0.89874,-0.076561,1.6177,-0.020889,-0.0046993,-0.0012592,1,0,0,0,0,0,0
0.89888,-0.072177,1.6189,-0.020845,-0.0044452,-0.0011911,1,0,0,0,0,0,0
0.89901,-0.067794,1.62,-0.020802,-0.004191,-0.001123,1,0,0,0,0,0,0
0.89914,-0.063413,1.6212,-0.020763,-0.0039369,-0.0010549,1,0,0,0,0,0,0
0.89925,-0.059033,1.6224,-0.020725,-0.0036828,-0.00098681,1,0,0,0,0,0,0
0.89936,-0.054655,1.6236,-0.020691,-0.0034288,-0.00091873,1,0,0,0,0,0,0
0.89946,-0.050278,1.6247,-0.020659,-0.0031747,-0.00085066,1,0,0,0,0,0,0
0.89955,-0.045902,1.6259,-0.020629,-0.0029207,-0.00078259,1,0,0,0,0,0,0
0.89963,-0.041527,1.6271,-0.020602,-0.0026666,-0.00071452,1,0,0,0,0,0,0
0.8997,-0.037153,1.6282,-0.020577,-0.0024126,-0.00064646,1,0,0,0,0,0,0
0.89977,-0.03278,1.6294,-0.020555,-0.0021586,-0.0005784,1,0,0,0,0,0,0
0.89983,-0.028408,1.6306,-0.020535,-0.0019046,-0.00051034,1,0,0,0,0,0,0
0.89988,-0.024036,1.6318,-0.020518,-0.0016507,-0.00044229,1,0,0,0,0,0,0
0.89992,-0.019665,1.6329,-0.020503,-0.0013967,-0.00037424,1,0,0,0,0,0,0
0.89995,-0.015295,1.6341,-0.020491,-0.0011427,-0.0003062,1,0,0,0,0,0,0
0.89997,-0.010925,1.6353,-0.020481,-0.00088879,-0.00023815,1,0,0,0,0,0,0
0.89999,-0.0065547,1.6364,-0.020474,-0.00063484,-0.00017011,1,0,0,0,0,0,0
0.9,-0.0021849,1.6376,-0.020469,-0.0003809,-0.00010206,1,0,0,0,0,0,0
0.9,0.0021849,1.6388,-0.020466,-0.00012697,-3.4021e-05,1,0,0,0,0,0,0
0.89999,0.0065547,1.64,-0.020466,0.00012697,3.4021e-05,1,0,0,0,0,0,0
0.89997,0.010925,1.6411,-0.020469,0.0003809,0.00010206,1,0,0,0,0,0,0
0.89995,0.015295,1.6423,-0.020474,0.00063484,0.00017011,1,0,0,0,0,0,0
0.89992,0.019665,1.6435,-0.020481,0.00088879,0.00023815,1,0,0,0,0,0,0
0.89988,0.024036,1.6446,-0.020491,0.0011427,0.0003062,1,0,0,0,0,0,0
0.89983,0.028408,1.6458,-0.020503,0.0013967,0.00037424,1,0,0,0,0,0,0
0.89977,0.03278,1.647,-0.020518,0.0016507,0.00044229,1,0,0,0,0,0,0
0.8997,0.037153,1.6482,-0.020535,0.0019046,0.00051034,1,0,0,0,0,0,0
0.89963,0.041527,1.6493,-0.020555,0.0021586,0.0005784,1,0,0,0,0,0,0
0.89955,0.045902,1.6505,-0.020577,0.0024126,0.00064646,1,0,0,0,0,0,0
0.89946,0.050278,1.6517,-0.020602,0.0026666,0.00071452,1,0,0,0,0,0,0
0.89936,0.054655,1.6528,-0.020629,0.0029207,0.00078259,1,0,0,0,0,0,0
0.89925,0.059033,1.654,-0.020659,0.0031747,0.00085066,1,0,0,0,0,0,0
0.89914,0.063413,1.6552,-0.020691,0.0034288,0.00091873,1,0,0,0,0,0,0
0.89901,0.067794,1.6564,-0.020725,0.0036828,0.00098681,1,0,0,0,0,0,0
0.89888,0.072177,1.6575,-0.020763,0.0039369,0.0010549,1,0,0,0,0,0,0
0.89874,0.076561,1.6587,-0.020802,0.004191,0.001123,1,0,0,0,0,0,0
0.89859,0.080947,1.6599,-0.020845,0.0044452,0.0011911,1,0,0,0,0,0,0
0.89844,0.085336,1.6611,-0.020889,0.0046993,0.0012592,1,0,0,0,0,0,0
0.89827,0.089726,1.6622,-0.020937,0.0049535,0.0013273,1,0,0,0,0,0,0
0.8981,0.094118,1.6634,-0.020986,0.0052077,0.0013954,1,0,0,0,0,0,0
0.89792,0.098512,1.6646,-0.021039,0.0054619,0.0014635,1,0,0,0,0,0,0
0.89773,0.10291,1.6658,-0.021094,0.0057161,0.0015316,1,0,0,0,0,0,0
0.89753,0.10731,1.667,-0.021151,0.0059704,0.0015998,1,0,0,0,0,0,0
0.89732,0.11171,1.6681,-0.021212,0.0062246,0.0016679,1,0,0,0,0,0,0
0.89711,0.11611,1.6693,-0.021274,0.0064789,0.001736,1,0,0,0,0,0,0
0.89688,0.12052,1.6705,-0.02134,0.0067332,0.0018041,1,0,0,0,0,0,0
0.89665,0.12493,1.6717,-0.021408,0.0069875,0.0018723,1,0,0,0,0,0,0
0.89641,0.12934,1.6729,-0.021478,0.0072418,0.0019404,1,0,0,0,0,0,0
0.89616,0.13376,1.674,-0.021552,0.0074961,0.0020086,1,0,0,0,0,0,0
0.8959,0.13818,1.6752,-0.021627,0.0077504,0.0020767,1,0,0,0,0,0,0
0.89563,0.1426,1.6764,-0.021706,0.0080047,0.0021448,1,0,0,0,0,0,0
0.89535,0.14702,1.6776,-0.021787,0.008259,0.002213,1,0,0,0,0,0,0
0.89507,0.15145,1.6788,-0.021871,0.0085133,0.0022811,1,0,0,0,0,0,0
0.89478,0.15588,1.68,-0.021958,0.0087676,0.0023493,1,0,0,0,0,0,0
0.89447,0.16032,1.6812,-0.022048,0.0090218,0.0024174,1,0,0,0,0,0,0
0.89416,0.16476,1.6823,-0.02214,0.0092761,0.0024855,1,0,0,0,0,0,0
0.89384,0.1692,1.6835,-0.022235,0.0095303,0.0025536,1,0,0,0,0,0,0
0.89351,0.17365,1.6847,-0.022333,0.0097844,0.0026217,1,0,0,0,0,0,0
0.89317,0.1781,1.6859,-0.022433,0.010039,0.0026898,1,0,0,0,0,0,0
0.89283,0.18255,1.6871,-0.022537,0.010293,0.0027579,1,0,0,0,0,0,0
0.89247,0.18701,1.6883,-0.022643,0.010547,0.002826,1,0,0,0,0,0,0
0.89211,0.19148,1.6895,-0.022752,0.010801,0.002894,1,0,0,0,0,0,0
0.89173,0.19595,1.6907,-0.022864,0.011055,0.0029621,1,0,0,0,0,0,0
0.89135,0.20042,1.6919,-0.022979,0.011308,0.0030301,1,0,0,0,0,0,0
0.89096,0.2049,1.6931,-0.023097,0.011562,0.003098,1,0,0,0,0,0,0
0.89055,0.20938,1.6943,-0.023218,0.011816,0.003166,1,0,0,0,0,0,0
0.89014,0.21386,1.6955,-0.023342,0.012069,0.0032339,1,0,0,0,0,0,0
0.88972,0.21836,1.6967,-0.023469,0.012323,0.0033018,1,0,0,0,0,0,0
0.88929,0.22285,1.6979,-0.023599,0.012576,0.0033697,1,0,0,0,0,0,0
0.88885,0.22736,1.6991,-0.023732,0.012829,0.0034375,1,0,0,0,0,0,0
0.8884,0.23186,1.7003,-0.023868,0.013082,0.0035053,1,0,0,0,0,0,0
0.88794,0.23638,1.7015,-0.024007,0.013335,0.003573,1,0,0,0,0,0,0
0.88747,0.24089,1.7027,-0.024149,0.013587,0.0036407,1,0,0,0,0,0,0
0.887,0.24542,1.704,-0.024294,0.013839,0.0037083,1,0,0,0,0,0,0
0.88651,0.24995,1.7052,-0.024443,0.014092,0.0037758,1,0,0,0,0,0,0
0.88601,0.25448,1.7064,-0.024594,0.014344,0.0038433,1,0,0,0,0,0,0
0.8855,0.25902,1.7076,-0.024749,0.014595,0.0039108,1,0,0,0,0,0,0
0.88498,0.26357,1.7088,-0.024907,0.014846,0.0039781,1,0,0,0,0,0,0
0.88446,0.26812,1.71,-0.025069,0.015098,0.0040454,1,0,0,0,0,0,0
0.88392,0.27268,1.7113,-0.025234,0.015348,0.0041126,1,0,0,0,0,0,0
0.88337,0.27724,1.7125,-0.025402,0.015599,0.0041797,1,0,0,0,0,0,0
0.88281,0.28182,1.7137,-0.025573,0.015849,0.0042467,1,0,0,0,0,0,0
0.88224,0.28639,1.7149,-0.025748,0.016098,0.0043135,1,0,0,0,0,0,0
0.88166,0.29098,1.7162,-0.025926,0.016348,0.0043803,1,0,0,0,0,0,0
0.88107,0.29557,1.7174,-0.026108,0.016596,0.004447,1,0,0,0,0,0,0
0.88047,0.30017,1.7186,-0.026293,0.016845,0.0045135,1,0,0,0,0,0,0
0.87986,0.30477,1.7199,-0.026482,0.017093,0.00458,1,0,0,0,0,0,0
0.87924,0.30938,1.7211,-0.026675,0.01734,0.0046462,1,0,0,0,0,0,0
0.87861,0.314,1.7223,-0.026871,0.017587,0.0047123,1,0,0,0,0,0,0
0.87797,0.31863,1.7236,-0.02707,0.017833,0.0047783,1,0,0,0,0,0,0
0.87731,0.32326,1.7248,-0.027273,0.018079,0.0048441,1,0,0,0,0,0,0
0.87665,0.3279,1.7261,-0.02748,0.018323,0.0049098,1,0,0,0,0,0,0
0.87597,0.33255,1.7273,-0.027691,0.018568,0.0049752,1,0,0,0,0,0,0
0.87529,0.3372,1.7286,-0.027906,0.018811,0.0050405,1,0,0,0,0,0,0
0.87459,0.34187,1.7298,-0.028124,0.019054,0.0051055,1,0,0,0,0,0,0
0.87388,0.34654,1.7311,-0.028346,0.019296,0.0051704,1,0,0,0,0,0,0
0.87316,0.35121,1.7323,-0.028572,0.019537,0.005235,1,0,0,0,0,0,0
0.87243,0.3559,1.7336,-0.028802,0.019778,0.0052994,1,0,0,0,0,0,0
0.87168,0.36059,1.7348,-0.029036,0.020017,0.0053635,1,0,0,0,0,0,0
0.87093,0.3653,1.7361,-0.029274,0.020255,0.0054274,1,0,0,0,0,0,0
0.87016,0.37001,1.7373,-0.029516,0.020493,0.005491,1,0,0,0,0,0,0
0.86938,0.37473,1.7386,-0.029762,0.020729,0.0055543,1,0,0,0,0,0,0
0.86859,0.37945,1.7399,-0.030012,0.020964,0.0056174,1,0,0,0,0,0,0
0.86778,0.38419,1.7411,-0.030266,0.021198,0.0056801,1,0,0,0,0,0,0
0.86697,0.38893,1.7424,-0.030525,0.021431,0.0057425,1,0,0,0,0,0,0
0.86614,0.39369,1.7437,-0.030787,0.021663,0.0058045,1,0,0,0,0,0,0
0.8653,0.39845,1.745,-0.031054,0.021893,0.0058662,1,0,0,0,0,0,0
0.86445,0.40322,1.7462,-0.031326,0.022122,0.0059275,1,0,0,0,0,0,0
0.86358,0.408,1.7475,-0.031601,0.022349,0.0059885,1,0,0,0,0,0,0
0.8627,0.41279,1.7488,-0.031882,0.022575,0.006049,1,0,0,0,0,0,0
0.86181,0.41758,1.7501,-0.032166,0.0228,0.0061091,1,0,0,0,0,0,0
0.86091,0.42239,1.7514,-0.032455,0.023022,0.0061688,1,0,0,0,0,0,0
0.85999,0.42721,1.7527,-0.032749,0.023243,0.006228,1,0,0,0,0,0,0
0.85906,0.43203,1.754,-0.033047,0.023462,0.0062867,1,0,0,0,0,0,0
0.85811,0.43687,1.7553,-0.03335,0.02368,0.006345,1,0,0,0,0,0,0
0.85716,0.44171,1.7566,-0.033658,0.023895,0.0064027,1,0,0,0,0,0,0
0.85619,0.44657,1.7579,-0.03397,0.024108,0.0064598,1,0,0,0,0,0,0
0.8552,0.45143,1.7592,-0.034287,0.02432,0.0065165,1,0,0,0,0,0,0
0.8542,0.4563,1.7605,-0.034609,0.024529,0.0065725,1,0,0,0,0,0,0
0.85319,0.46119,1.7618,-0.034936,0.024736,0.0066279,1,0,0,0,0,0,0
0.85216,0.46608,1.7631,-0.035268,0.02494,0.0066827,1,0,0,0,0,0,0
0.85112,0.47099,1.7644,-0.035605,0.025142,0.0067368,1,0,0,0,0,0,0
0.85007,0.4759,1.7657,-0.035947,0.025342,0.0067903,1,0,0,0,0,0,0
0.849,0.48082,1.767,-0.036293,0.025539,0.0068431,1,0,0,0,0,0,0
0.84791,0.48576,1.7684,-0.036645,0.025733,0.0068951,1,0,0,0,0,0,0
0.84681,0.4907,1.7697,-0.037003,0.025924,0.0069463,1,0,0,0,0,0,0
0.8457,0.49566,1.771,-0.037365,0.026112,0.0069968,1,0,0,0,0,0,0
0.84457,0.50062,1.7723,-0.037733,0.026298,0.0070464,1,0,0,0,0,0,0
0.84342,0.5056,1.7737,-0.038105,0.02648,0.0070952,1,0,0,0,0,0,0
0.84227,0.51059,1.775,-0.038484,0.026659,0.0071432,1,0,0,0,0,0,0
0.84109,0.51558,1.7764,-0.038867,0.026834,0.0071902,1,0,0,0,0,0,0
0.8399,0.52059,1.7777,-0.039256,0.027006,0.0072362,1,0,0,0,0,0,0
0.83869,0.52561,1.779,-0.039651,0.027174,0.0072813,1,0,0,0,0,0,0
0.83747,0.53064,1.7804,-0.040051,0.027339,0.0073254,1,0,0,0,0,0,0
0.83623,0.53568,1.7817,-0.040457,0.027499,0.0073684,1,0,0,0,0,0,0
0.83497,0.54074,1.7831,-0.040869,0.027656,0.0074103,1,0,0,0,0,0,0
0.8337,0.5458,1.7844,-0.041286,0.027808,0.0074511,1,0,0,0,0,0,0
0.83241,0.55087,1.7858,-0.041709,0.027956,0.0074908,1,0,0,0,0,0,0
0.83111,0.55596,1.7872,-0.042137,0.028099,0.0075292,1,0,0,0,0,0,0
0.82978,0.56106,1.7885,-0.042572,0.028238,0.0075664,1,0,0,0,0,0,0
0.82844,0.56616,1.7899,-0.043012,0.028372,0.0076024,1,0,0,0,0,0,0
0.82709,0.57128,1.7913,-0.043458,0.028501,0.0076369,1,0,0,0,0,0,0
0.82571,0.57642,1.7927,-0.043911,0.028625,0.0076702,1,0,0,0,0,0,0
0.82432,0.58156,1.794,-0.044369,0.028744,0.007702,1,0,0,0,0,0,0
0.82291,0.58671,1.7954,-0.044833,0.028857,0.0077323,1,0,0,0,0,0,0
0.82148,0.59188,1.7968,-0.045304,0.028965,0.0077611,1,0,0,0,0,0,0
0.82003,0.59706,1.7982,-0.04578,0.029067,0.0077884,1,0,0,0,0,0,0
0.81857,0.60225,1.7996,-0.046263,0.029162,0.007814,1,0,0,0,0,0,0
0.81708,0.60745,1.801,-0.046752,0.029252,0.007838,1,0,0,0,0,0,0
0.81558,0.61266,1.8024,-0.047247,0.029335,0.0078603,1,0,0,0,0,0,0
0.81406,0.61788,1.8038,-0.047749,0.029411,0.0078807,1,0,0,0,0,0,0
0.81252,0.62312,1.8052,-0.048257,0.029481,0.0078994,1,0,0,0,0,0,0
0.81096,0.62837,1.8066,-0.048771,0.029544,0.0079162,1,0,0,0,0,0,0
0.80938,0.63363,1.808,-0.049292,0.029599,0.007931,1,0,0,0,0,0,0
0.80777,0.6389,1.8094,-0.049819,0.029647,0.0079439,1,0,0,0,0,0,0
0.80615,0.64418,1.8108,-0.050352,0.029687,0.0079546,1,0,0,0,0,0,0
0.80451,0.64948,1.8122,-0.050892,0.029719,0.0079633,1,0,0,0,0,0,0
0.80285,0.65479,1.8136,-0.051439,0.029743,0.0079697,1,0,0,0,0,0,0
0.80117,0.66011,1.8151,-0.051992,0.029759,0.0079739,1,0,0,0,0,0,0
0.79946,0.66544,1.8165,-0.052552,0.029766,0.0079758,1,0,0,0,0,0,0
0.79774,0.67078,1.8179,-0.053118,0.029764,0.0079752,1,0,0,0,0,0,0
0.79599,0.67614,1.8194,-0.053691,0.029753,0.0079722,1,0,0,0,0,0,0
0.79423,0.6815,1.8208,-0.05427,0.029732,0.0079667,1,0,0,0,0,0,0
0.79244,0.68688,1.8222,-0.054856,0.029702,0.0079585,1,0,0,0,0,0,0
0.79062,0.69227,1.8237,-0.055449,0.029661,0.0079477,1,0,0,0,0,0,0
0.78879,0.69767,1.8251,-0.056049,0.029611,0.0079341,1,0,0,0,0,0,0
0.78693,0.70309,1.8266,-0.056655,0.029549,0.0079177,1,0,0,0,0,0,0
0.78505,0.70852,1.828,-0.057268,0.029477,0.0078983,1,0,0,0,0,0,0
0.78315,0.71395,1.8295,-0.057887,0.029393,0.0078759,1,0,0,0,0,0,0
0.78122,0.7194,1.831,-0.058513,0.029298,0.0078505,1,0,0,0,0,0,0
0.77927,0.72486,1.8324,-0.059146,0.029191,0.0078218,1,0,0,0,0,0,0
0.7773,0.73034,1.8339,-0.059785,0.029072,0.0077899,1,0,0,0,0,0,0
0.7753,0.73582,1.8354,-0.060432,0.028941,0.0077546,1,0,0,0,0,0,0
0.77328,0.74132,1.8368,-0.061084,0.028796,0.0077159,1,0,0,0,0,0,0
0.77123,0.74683,1.8383,-0.061743,0.028639,0.0076737,1,0,0,0,0,0,0
0.76916,0.75234,1.8398,-0.062409,0.028467,0.0076278,1,0,0,0,0,0,0
0.76706,0.75787,1.8413,-0.063082,0.028282,0.0075782,1,0,0,0,0,0,0
0.76494,0.76342,1.8428,-0.06376,0.028083,0.0075247,1,0,0,0,0,0,0
0.76279,0.76897,1.8442,-0.064446,0.027869,0.0074674,1,0,0,0,0,0,0
0.76061,0.77453,1.8457,-0.065137,0.027639,0.007406,1,0,0,0,0,0,0
0.75841,0.78011,1.8472,-0.065836,0.027395,0.0073404,1,0,0,0,0,0,0
0.75618,0.78569,1.8487,-0.06654,0.027134,0.0072707,1,0,0,0,0,0,0
0.75393,0.79129,1.8502,-0.06725,0.026858,0.0071965,1,0,0,0,0,0,0
0.75165,0.79689,1.8517,-0.067967,0.026564,0.0071179,1,0,0,0,0,0,0
0.74934,0.80251,1.8532,-0.06869,0.026254,0.0070348,1,0,0,0,0,0,0
0.747,0.80814,1.8547,-0.069419,0.025926,0.0069469,1,0,0,0,0,0,0
0.74463,0.81378,1.8563,-0.070153,0.025581,0.0068543,1,0,0,0,0,0,0
0.74224,0.81943,1.8578,-0.070894,0.025216,0.0067567,1,0,0,0,0,0,0
0.73982,0.82508,1.8593,-0.07164,0.024833,0.0066541,1,0,0,0,0,0,0
0.73737,0.83075,1.8608,-0.072392,0.024431,0.0065464,1,0,0,0,0,0,0
0.73489,0.83643,1.8623,-0.073149,0.02401,0.0064333,1,0,0,0,0,0,0
0.73238,0.84212,1.8638,-0.073912,0.023568,0.0063149,1,0,0,0,0,0,0
0.72984,0.84781,1.8654,-0.07468,0.023105,0.0061909,1,0,0,0,0,0,0
0.72727,0.85352,1.8669,-0.075453,0.022621,0.0060613,1,0,0,0,0,0,0
0.72466,0.85923,1.8684,-0.07623,0.022116,0.0059259,1,0,0,0,0,0,0
0.72203,0.86495,1.87,-0.077013,0.021589,0.0057846,1,0,0,0,0,0,0
0.71937,0.87068,1.8715,-0.0778,0.021039,0.0056373,1,0,0,0,0,0,0
0.71668,0.87642,1.873,-0.078592,0.020466,0.0054838,1,0,0,0,0,0,0
0.71395,0.88217,1.8746,-0.079387,0.019869,0.0053239,1,0,0,0,0,0,0
0.71119,0.88792,1.8761,-0.080187,0.019249,0.0051577,1,0,0,0,0,0,0
0.7084,0.89369,1.8777,-0.080991,0.018604,0.0049848,1,0,0,0,0,0,0
0.70558,0.89946,1.8792,-0.081798,0.017933,0.0048052,1,0,0,0,0,0,0
0.70272,0.90523,1.8808,-0.082608,0.017238,0.0046188,1,0,0,0,0,0,0
0.69983,0.91101,1.8823,-0.083422,0.016516,0.0044254,1,0,0,0,0,0,0
0.69691,0.9168,1.8839,-0.084238,0.015767,0.0042248,1,0,0,0,0,0,0
0.69395,0.9226,1.8854,-0.085057,0.014991,0.0040169,1,0,0,0,0,0,0
0.69096,0.9284,1.887,-0.085878,0.014188,0.0038017,1,0,0,0,0,0,0
0.68794,0.93421,1.8885,-0.086701,0.013356,0.0035788,1,0,0,0,0,0,0
0.68487,0.94002,1.8901,-0.087526,0.012496,0.0033483,1,0,0,0,0,0,0
0.68178,0.94583,1.8916,-0.088352,0.011606,0.0031099,1,0,0,0,0,0,0
0.67865,0.95165,1.8932,-0.089179,0.010687,0.0028635,1,0,0,0,0,0,0
0.67548,0.95748,1.8948,-0.090006,0.0097371,0.002609,1,0,0,0,0,0,0
0.67227,0.9633,1.8963,-0.090834,0.0087563,0.0023462,1,0,0,0,0,0,0
0.66903,0.96914,1.8979,-0.091662,0.0077442,0.002075,1,0,0,0,0,0,0
0.66575,0.97497,1.8994,-0.092489,0.0067001,0.0017953,1,0,0,0,0,0,0
0.66244,0.9808,1.901,-0.093316,0.0056235,0.0015068,1,0,0,0,0,0,0
0.65908,0.98664,1.9026,-0.094141,0.0045139,0.0012095,1,0,0,0,0,0,0
0.65569,0.99248,1.9041,-0.094964,0.0033709,0.00090322,1,0,0,0,0,0,0
0.65226,0.99832,1.9057,-0.095785,0.0021938,0.00058782,1,0,0,0,0,0,0
0.6488,1.0042,1.9073,-0.096603,0.00098212,0.00026316,1,0,0,0,0,0,0
0.64529,1.01,1.9088,-0.097418,-0.00026454,-7.0883e-05,1,0,0,0,0,0,0
0.64174,1.0158,1.9104,-0.098229,-0.0015467,-0.00041444,1,0,0,0,0,0,0
0.63816,1.0217,1.912,-0.099036,-0.0028649,-0.00076765,1,0,0,0,0,0,0
0.63453,1.0275,1.9135,-0.099838,-0.0042196,-0.0011306,1,0,0,0,0,0,0
0.63086,1.0333,1.9151,-0.10064,-0.0056112,-0.0015035,1,0,0,0,0,0,0
0.62716,1.0392,1.9166,-0.10143,-0.0070402,-0.0018864,1,0,0,0,0,0,0
0.62341,1.045,1.9182,-0.10221,-0.0085071,-0.0022795,1,0,0,0,0,0,0
0.61962,1.0508,1.9198,-0.10299,-0.010012,-0.0026828,1,0,0,0,0,0,0
0.61579,1.0566,1.9213,-0.10376,-0.011556,-0.0030964,1,0,0,0,0,0,0
0.61192,1.0625,1.9229,-0.10452,-0.013139,-0.0035205,1,0,0,0,0,0,0
0.608,1.0683,1.9244,-0.10527,-0.014761,-0.0039552,1,0,0,0,0,0,0
0.60405,1.0741,1.926,-0.10601,-0.016423,-0.0044006,1,0,0,0,0,0,0
0.60005,1.0799,1.9275,-0.10674,-0.018126,-0.0048567,1,0,0,0,0,0,0
0.59601,1.0857,1.9291,-0.10746,-0.019868,-0.0053237,1,0,0,0,0,0,0
0.59192,1.0914,1.9306,-0.10817,-0.021652,-0.0058015,1,0,0,0,0,0,0
0.58779,1.0972,1.9322,-0.10887,-0.023476,-0.0062904,1,0,0,0,0,0,0
0.58362,1.103,1.9337,-0.10955,-0.025342,-0.0067903,1,0,0,0,0,0,0
0.5794,1.1087,1.9353,-0.11021,-0.027249,-0.0073014,1,0,0,0,0,0,0
0.57514,1.1144,1.9368,-0.11087,-0.029198,-0.0078236,1,0,0,0,0,0,0
0.57083,1.1202,1.9383,-0.1115,-0.031189,-0.008357,1,0,0,0,0,0,0
0.56648,1.1259,1.9399,-0.11212,-0.033221,-0.0089016,1,0,0,0,0,0,0
0.56209,1.1316,1.9414,-0.11272,-0.035296,-0.0094575,1,0,0,0,0,0,0
0.55765,1.1373,1.9429,-0.11331,-0.037413,-0.010025,1,0,0,0,0,0,0
0.55316,1.1429,1.9444,-0.11387,-0.039572,-0.010603,1,0,0,0,0,0,0
0.54863,1.1486,1.946,-0.11441,-0.041773,-0.011193,1,0,0,0,0,0,0
0.54405,1.1542,1.9475,-0.11493,-0.044016,-0.011794,1,0,0,0,0,0,0
0.53942,1.1598,1.949,-0.11543,-0.046301,-0.012406,1,0,0,0,0,0,0
0.53475,1.1654,1.9505,-0.11591,-0.048628,-0.01303,1,0,0,0,0,0,0
0.53003,1.171,1.952,-0.11636,-0.050996,-0.013664,1,0,0,0,0,0,0
0.52527,1.1765,1.9534,-0.11679,-0.053406,-0.01431,1,0,0,0,0,0,0
0.52046,1.1821,1.9549,-0.11719,-0.055857,-0.014967,1,0,0,0,0,0,0
0.5156,1.1876,1.9564,-0.11756,-0.058349,-0.015634,1,0,0,0,0,0,0
0.5107,1.193,1.9579,-0.1179,-0.060881,-0.016313,1,0,0,0,0,0,0
0.50574,1.1985,1.9593,-0.11822,-0.063453,-0.017002,1,0,0,0,0,0,0
0.50074,1.2039,1.9608,-0.1185,-0.066065,-0.017702,1,0,0,0,0,0,0
0.4957,1.2093,1.9622,-0.11876,-0.068715,-0.018412,1,0,0,0,0,0,0
0.4906,1.2147,1.9637,-0.11898,-0.071404,-0.019133,1,0,0,0,0,0,0
0.48546,1.22,1.9651,-0.11917,-0.074131,-0.019863,1,0,0,0,0,0,0
0.48027,1.2254,1.9665,-0.11932,-0.076894,-0.020604,1,0,0,0,0,0,0
0.47503,1.2306,1.9679,-0.11944,-0.079694,-0.021354,1,0,0,0,0,0,0
0.46974,1.2359,1.9694,-0.11952,-0.082529,-0.022113,1,0,0,0,0,0,0
0.46441,1.2411,1.9708,-0.11956,-0.085398,-0.022882,1,0,0,0,0,0,0
0.45903,1.2463,1.9721,-0.11956,-0.088301,-0.02366,1,0,0,0,0,0,0
0.4536,1.2514,1.9735,-0.11953,-0.091236,-0.024447,1,0,0,0,0,0,0
0.44812,1.2565,1.9749,-0.11945,-0.094202,-0.025241,1,0,0,0,0,0,0
0.44259,1.2616,1.9762,-0.11933,-0.097199,-0.026044,1,0,0,0,0,0,0
0.43702,1.2666,1.9776,-0.11917,-0.10022,-0.026855,1,0,0,0,0,0,0
0.4314,1.2716,1.9789,-0.11897,-0.10328,-0.027673,1,0,0,0,0,0,0
0.42573,1.2765,1.9802,-0.11872,-0.10636,-0.028498,1,0,0,0,0,0,0
0.42002,1.2814,1.9816,-0.11842,-0.10946,-0.029329,1,0,0,0,0,0,0
0.41426,1.2863,1.9829,-0.11808,-0.11259,-0.030167,1,0,0,0,0,0,0
0.40845,1.2911,1.9841,-0.11769,-0.11573,-0.031011,1,0,0,0,0,0,0
0.40259,1.2958,1.9854,-0.11725,-0.1189,-0.03186,1,0,0,0,0,0,0
0.39669,1.3006,1.9867,-0.11676,-0.12209,-0.032713,1,0,0,0,0,0,0
0.39074,1.3052,1.9879,-0.11622,-0.12529,-0.033571,1,0,0,0,0,0,0
0.38474,1.3098,1.9892,-0.11563,-0.12851,-0.034433,1,0,0,0,0,0,0
0.3787,1.3144,1.9904,-0.11499,-0.13174,-0.035298,1,0,0,0,0,0,0
0.37261,1.3189,1.9916,-0.1143,-0.13497,-0.036166,1,0,0,0,0,0,0
0.36648,1.3233,1.9928,-0.11355,-0.13822,-0.037037,1,0,0,0,0,0,0
0.3603,1.3277,1.994,-0.11275,-0.14148,-0.037908,1,0,0,0,0,0,0
0.35408,1.332,1.9951,-0.11189,-0.14473,-0.038781,1,0,0,0,0,0,0
0.34781,1.3363,1.9963,-0.11098,-0.14799,-0.039655,1,0,0,0,0,0,0
0.3415,1.3405,1.9974,-0.11001,-0.15125,-0.040528,1,0,0,0,0,0,0
0.33514,1.3447,1.9985,-0.10899,-0.15451,-0.0414,1,0,0,0,0,0,0
0.32875,1.3488,1.9996,-0.1079,-0.15776,-0.042271,1,0,0,0,0,0,0
0.3223,1.3528,2.0007,-0.10676,-0.161,-0.043139,1,0,0,0,0,0,0
0.31582,1.3568,2.0017,-0.10557,-0.16423,-0.044005,1,0,0,0,0,0,0
0.3093,1.3606,2.0028,-0.10431,-0.16745,-0.044867,1,0,0,0,0,0,0
0.30273,1.3645,2.0038,-0.103,-0.17065,-0.045725,1,0,0,0,0,0,0
0.29612,1.3682,2.0048,-0.10163,-0.17383,-0.046577,1,0,0,0,0,0,0
0.28948,1.3719,2.0058,-0.1002,-0.17699,-0.047424,1,0,0,0,0,0,0
0.28279,1.3755,2.0068,-0.098712,-0.18013,-0.048264,1,0,0,0,0,0,0
0.27607,1.379,2.0077,-0.097166,-0.18323,-0.049097,1,0,0,0,0,0,0
0.2693,1.3825,2.0086,-0.095561,-0.18631,-0.049922,1,0,0,0,0,0,0
0.2625,1.3859,2.0095,-0.093898,-0.18936,-0.050739,1,0,0,0,0,0,0
0.25567,1.3892,2.0104,-0.092178,-0.19237,-0.051545,1,0,0,0,0,0,0
0.24879,1.3924,2.0113,-0.0904,-0.19534,-0.052341,1,0,0,0,0,0,0
0.24188,1.3956,2.0121,-0.088565,-0.19827,-0.053126,1,0,0,0,0,0,0
0.23494,1.3987,2.013,-0.086673,-0.20116,-0.053899,1,0,0,0,0,0,0
0.22796,1.4016,2.0138,-0.084725,-0.20399,-0.05466,1,0,0,0,0,0,0
0.22095,1.4045,2.0145,-0.082722,-0.20678,-0.055406,1,0,0,0,0,0,0
0.21391,1.4074,2.0153,-0.080663,-0.20951,-0.056139,1,0,0,0,0,0,0
0.20683,1.4101,2.016,-0.078551,-0.21219,-0.056856,1,0,0,0,0,0,0
0.19973,1.4128,2.0167,-0.076386,-0.21481,-0.057558,1,0,0,0,0,0,0
0.19259,1.4153,2.0174,-0.074169,-0.21736,-0.058243,1,0,0,0,0,0,0
0.18543,1.4178,2.0181,-0.0719,-0.21986,-0.05891,1,0,0,0,0,0,0
0.17824,1.4202,2.0187,-0.069581,-0.22228,-0.059559,1,0,0,0,0,0,0
0.17102,1.4225,2.0194,-0.067214,-0.22463,-0.06019,1,0,0,0,0,0,0
0.16377,1.4247,2.0199,-0.064799,-0.22691,-0.060801,1,0,0,0,0,0,0
0.15651,1.4268,2.0205,-0.062337,-0.22912,-0.061392,1,0,0,0,0,0,0
0.14921,1.4288,2.0211,-0.059831,-0.23124,-0.061961,1,0,0,0,0,0,0
0.1419,1.4308,2.0216,-0.057281,-0.23329,-0.062509,1,0,0,0,0,0,0
0.13456,1.4326,2.0221,-0.05469,-0.23525,-0.063035,1,0,0,0,0,0,0
0.1272,1.4343,2.0225,-0.052058,-0.23713,-0.063538,1,0,0,0,0,0,0
0.11982,1.436,2.023,-0.049388,-0.23892,-0.064017,1,0,0,0,0,0,0
0.11242,1.4375,2.0234,-0.04668,-0.24062,-0.064473,1,0,0,0,0,0,0
0.10501,1.439,2.0238,-0.043938,-0.24222,-0.064903,1,0,0,0,0,0,0
0.097579,1.4403,2.0241,-0.041163,-0.24374,-0.065309,1,0,0,0,0,0,0
0.090132,1.4416,2.0245,-0.038357,-0.24515,-0.065688,1,0,0,0,0,0,0
0.082672,1.4428,2.0248,-0.035521,-0.24647,-0.066042,1,0,0,0,0,0,0
0.075198,1.4438,2.0251,-0.032658,-0.24769,-0.066369,1,0,0,0,0,0,0
0.067712,1.4448,2.0253,-0.02977,-0.24881,-0.066669,1,0,0,0,0,0,0
0.060216,1.4456,2.0256,-0.02686,-0.24983,-0.066941,1,0,0,0,0,0,0
0.05271,1.4464,2.0258,-0.023928,-0.25074,-0.067186,1,0,0,0,0,0,0
0.045196,1.4471,2.0259,-0.020978,-0.25155,-0.067403,1,0,0,0,0,0,0
0.037674,1.4476,2.0261,-0.018012,-0.25225,-0.067591,1,0,0,0,0,0,0
0.030146,1.4481,2.0262,-0.015031,-0.25285,-0.067751,1,0,0,0,0,0,0
0.022614,1.4484,2.0263,-0.012039,-0.25334,-0.067882,1,0,0,0,0,0,0
0.015078,1.4487,2.0264,-0.0090376,-0.25372,-0.067984,1,0,0,0,0,0,0
0.0075396,1.4488,2.0264,-0.006029,-0.25399,-0.068058,1,0,0,0,0,0,0
9.1849e-17,1.4489,2.0264,-0.0030157,-0.25416,-0.068101,1,0,0,0,0,0,0
-0.0075396,1.4488,2.0264,1.6681e-12,-0.25421,-0.068116,1,0,0,0,0,0,0
-0.015078,1.4487,2.0264,0.0030157,-0.25416,-0.068101,1,0,0,0,0,0,0
-0.022614,1.4484,2.0263,0.006029,-0.25399,-0.068058,1,0,0,0,0,0,0
-0.030146,1.4481,2.0262,0.0090376,-0.25372,-0.067984,1,0,0,0,0,0,0
-0.037674,1.4476,2.0261,0.012039,-0.25334,-0.067882,1,0,0,0,0,0,0
-0.045196,1.4471,2.0259,0.015031,-0.25285,-0.067751,1,0,0,0,0,0,0
-0.05271,1.4464,2.0258,0.018012,-0.25225,-0.067591,1,0,0,0,0,0,0
-0.060216,1.4456,2.0256,0.020978,-0.25155,-0.067403,1,0,0,0,0,0,0
-0.067712,1.4448,2.0253,0.023928,-0.25074,-0.067186,1,0,0,0,0,0,0
-0.075198,1.4438,2.0251,0.02686,-0.24983,-0.066941,1,0,0,0,0,0,0
-0.082672,1.4428,2.0248,0.02977,-0.24881,-0.066669,1,0,0,0,0,0,0
-0.090132,1.4416,2.0245,0.032658,-0.24769,-0.066369,1,0,0,0,0,0,0
-0.097579,1.4403,2.0241,0.035521,-0.24647,-0.066042,1,0,0,0,0,0,0
-0.10501,1.439,2.0238,0.038357,-0.24515,-0.065688,1,0,0,0,0,0,0
-0.11242,1.4375,2.0234,0.041163,-0.24374,-0.065309,1,0,0,0,0,0,0
-0.11982,1.436,2.023,0.043938,-0.24222,-0.064903,1,0,0,0,0,0,0
-0.1272,1.4343,2.0225,0.04668,-0.24062,-0.064473,1,0,0,0,0,0,0
-0.13456,1.4326,2.0221,0.049388,-0.23892,-0.064017,1,0,0,0,0,0,0
-0.1419,1.4308,2.0216,0.052058,-0.23713,-0.063538,1,0,0,0,0,0,0
-0.14921,1.4288,2.0211,0.05469,-0.23525,-0.063035,1,0,0,0,0,0,0
-0.15651,1.4268,2.0205,0.057281,-0.23329,-0.062509,1,0,0,0,0,0,0
-0.16377,1.4247,2.0199,0.059831,-0.23124,-0.061961,1,0,0,0,0,0,0
-0.17102,1.4225,2.0194,0.062337,-0.22912,-0.061392,1,0,0,0,0,0,0
-0.17824,1.4202,2.0187,0.064799,-0.22691,-0.060801,1,0,0,0,0,0,0
-0.18543,1.4178,2.0181,0.067214,-0.22463,-0.06019,1,0,0,0,0,0,0
-0.19259,1.4153,2.0174,0.069581,-0.22228,-0.059559,1,0,0,0,0,0,0
-0.19973,1.4128,2.0167,0.0719,-0.21986,-0.05891,1,0,0,0,0,0,0
-0.20683,1.4101,2.016,0.074169,-0.21736,-0.058243,1,0,0,0,0,0,0
-0.21391,1.4074,2.0153,0.076386,-0.21481,-0.057558,1,0,0,0,0,0,0
-0.22095,1.4045,2.0145,0.078551,-0.21219,-0.056856,1,0,0,0,0,0,0
-0.22796,1.4016,2.0138,0.080663,-0.20951,-0.056139,1,0,0,0,0,0,0
-0.23494,1.3987,2.013,0.082722,-0.20678,-0.055406,1,0,0,0,0,0,0
-0.24188,1.3956,2.0121,0.084725,-0.20399,-0.05466,1,0,0,0,0,0,0
-0.24879,1.3924,2.0113,0.086673,-0.20116,-0.053899,1,0,0,0,0,0,0
-0.25567,1.3892,2.0104,0.088565,-0.19827,-0.053126,1,0,0,0,0,0,0
-0.2625,1.3859,2.0095,0.0904,-0.19534,-0.052341,1,0,0,0,0,0,0
-0.2693,1.3825,2.0086,0.092178,-0.19237,-0.051545,1,0,0,0,0,0,0
-0.27607,1.379,2.0077,0.093898,-0.18936,-0.050739,1,0,0,0,0,0,0
-0.28279,1.3755,2.0068,0.095561,-0.18631,-0.049922,1,0,0,0,0,0,0
-0.28948,1.3719,2.0058,0.097166,-0.18323,-0.049097,1,0,0,0,0,0,0
-0.29612,1.3682,2.0048,0.098712,-0.18013,-0.048264,1,0,0,0,0,0,0
-0.30273,1.3645,2.0038,0.1002,-0.17699,-0.047424,1,0,0,0,0,0,0
-0.3093,1.3606,2.0028,0.10163,-0.17383,-0.046577,1,0,0,0,0,0,0
-0.31582,1.3568,2.0017,0.103,-0.17065,-0.045725,1,0,0,0,0,0,0
-0.3223,1.3528,2.0007,0.10431,-0.16745,-0.044867,1,0,0,0,0,0,0
-0.32875,1.3488,1.9996,0.10557,-0.16423,-0.044005,1,0,0,0,0,0,0
-0.33514,1.3447,1.9985,0.10676,-0.161,-0.043139,1,0,0,0,0,0,0
-0.3415,1.3405,1.9974,0.1079,-0.15776,-0.042271,1,0,0,0,0,0,0
-0.34781,1.3363,1.9963,0.10899,-0.15451,-0.0414,1,0,0,0,0,0,0
-0.35408,1.332,1.9951,0.11001,-0.15125,-0.040528,1,0,0,0,0,0,0
-0.3603,1.3277,1.994,0.11098,-0.14799,-0.039655,1,0,0,0,0,0,0
-0.36648,1.3233,1.9928,0.11189,-0.14473,-0.038781,1,0,0,0,0,0,0
-0.37261,1.3189,1.9916,0.11275,-0.14148,-0.037908,1,0,0,0,0,0,0
-0.3787,1.3144,1.9904,0.11355,-0.13822,-0.037037,1,0,0,0,0,0,0
-0.38474,1.3098,1.9892,0.1143,-0.13497,-0.036166,1,0,0,0,0,0,0
-0.39074,1.3052,1.9879,0.11499,-0.13174,-0.035298,1,0,0,0,0,0,0
-0.39669,1.3006,1.9867,0.11563,-0.12851,-0.034433,1,0,0,0,0,0,0
-0.40259,1.2958,1.9854,0.11622,-0.12529,-0.033571,1,0,0,0,0,0,0
-0.40845,1.2911,1.9841,0.11676,-0.12209,-0.032713,1,0,0,0,0,0,0
-0.41426,1.2863,1.9829,0.11725,-0.1189,-0.03186,1,0,0,0,0,0,0
-0.42002,1.2814,1.9816,0.11769,-0.11573,-0.031011,1,0,0,0,0,0,0
-0.42573,1.2765,1.9802,0.11808,-0.11259,-0.030167,1,0,0,0,0,0,0
-0.4314,1.2716,1.9789,0.11842,-0.10946,-0.029329,1,0,0,0,0,0,0
-0.43702,1.2666,1.9776,0.11872,-0.10636,-0.028498,1,0,0,0,0,0,0
-0.44259,1.2616,1.9762,0.11897,-0.10328,-0.027673,1,0,0,0,0,0,0
-0.44812,1.2565,1.9749,0.11917,-0.10022,-0.026855,1,0,0,0,0,0,0
-0.4536,1.2514,1.9735,0.11933,-0.097199,-0.026044,1,0,0,0,0,0,0
-0.45903,1.2463,1.9721,0.11945,-0.094202,-0.025241,1,0,0,0,0,0,0
-0.46441,1.2411,1.9708,0.11953,-0.091236,-0.024447,1,0,0,0,0,0,0
-0.46974,1.2359,1.9694,0.11956,-0.088301,-0.02366,1,0,0,0,0,0,0
-0.47503,1.2306,1.9679,0.11956,-0.085398,-0.022882,1,0,0,0,0,0,0
-0.48027,1.2254,1.9665,0.11952,-0.082529,-0.022113,1,0,0,0,0,0,0
-0.48546,1.22,1.9651,0.11944,-0.079694,-0.021354,1,0,0,0,0,0,0
-0.4906,1.2147,1.9637,0.11932,-0.076894,-0.020604,1,0,0,0,0,0,0
-0.4957,1.2093,1.9622,0.11917,-0.074131,-0.019863,1,0,0,0,0,0,0
-0.50074,1.2039,1.9608,0.11898,-0.071404,-0.019133,1,0,0,0,0,0,0
-0.50574,1.1985,1.9593,0.11876,-0.068715,-0.018412,1,0,0,0,0,0,0
-0.5107,1.193,1.9579,0.1185,-0.066065,-0.017702,1,0,0,0,0,0,0
-0.5156,1.1876,1.9564,0.11822,-0.063453,-0.017002,1,0,0,0,0,0,0
-0.52046,1.1821,1.9549,0.1179,-0.060881,-0.016313,1,0,0,0,0,0,0
-0.52527,1.1765,1.9534,0.11756,-0.058349,-0.015634,1,0,0,0,0,0,0
-0.53003,1.171,1.952,0.11719,-0.055857,-0.014967,1,0,0,0,0,0,0
-0.53475,1.1654,1.9505,0.11679,-0.053406,-0.01431,1,0,0,0,0,0,0
-0.53942,1.1598,1.949,0.11636,-0.050996,-0.013664,1,0,0,0,0,0,0
-0.54405,1.1542,1.9475,0.11591,-0.048628,-0.01303,1,0,0,0,0,0,0
-0.54863,1.1486,1.946,0.11543,-0.046301,-0.012406,1,0,0,0,0,0,0
-0.55316,1.1429,1.9444,0.11493,-0.044016,-0.011794,1,0,0,0,0,0,0
-0.55765,1.1373,1.9429,0.11441,-0.041773,-0.011193,1,0,0,0,0,0,0
-0.56209,1.1316,1.9414,0.11387,-0.039572,-0.010603,1,0,0,0,0,0,0
-0.56648,1.1259,1.9399,0.11331,-0.037413,-0.010025,1,0,0,0,0,0,0
-0.57083,1.1202,1.9383,0.11272,-0.035296,-0.0094575,1,0,0,0,0,0,0
-0.57514,1.1144,1.9368,0.11212,-0.033221,-0.0089016,1,0,0,0,0,0,0
-0.5794,1.1087,1.9353,0.1115,-0.031189,-0.008357,1,0,0,0,0,0,0
-0.58362,1.103,1.9337,0.11087,-0.029198,-0.0078236,1,0,0,0,0,0,0
-0.58779,1.0972,1.9322,0.11021,-0.027249,-0.0073014,1,0,0,0,0,0,0
-0.59192,1.0914,1.9306,0.10955,-0.025342,-0.0067903,1,0,0,0,0,0,0
-0.59601,1.0857,1.9291,0.10887,-0.023476,-0.0062904,1,0,0,0,0,0,0
-0.60005,1.0799,1.9275,0.10817,-0.021652,-0.0058015,1,0,0,0,0,0,0
-0.60405,1.0741,1.926,0.10746,-0.019868,-0.0053237,1,0,0,0,0,0,0
-0.608,1.0683,1.9244,0.10674,-0.018126,-0.0048567,1,0,0,0,0,0,0
-0.61192,1.0625,1.9229,0.10601,-0.016423,-0.0044006,1,0,0,0,0,0,0
-0.61579,1.0566,1.9213,0.10527,-0.014761,-0.0039552,1,0,0,0,0,0,0
-0.61962,1.0508,1.9198,0.10452,-0.013139,-0.0035205,1,0,0,0,0,0,0
-0.62341,1.045,1.9182,0.10376,-0.011556,-0.0030964,1,0,0,0,0,0,0
-0.62716,1.0392,1.9166,0.10299,-0.010012,-0.0026828,1,0,0,0,0,0,0
-0.63086,1.0333,1.9151,0.10221,-0.0085071,-0.0022795,1,0,0,0,0,0,0
-0.63453,1.0275,1.9135,0.10143,-0.0070402,-0.0018864,1,0,0,0,0,0,0
-0.63816,1.0217,1.912,0.10064,-0.0056112,-0.0015035,1,0,0,0,0,0,0
-0.64174,1.0158,1.9104,0.099838,-0.0042196,-0.0011306,1,0,0,0,0,0,0
-0.64529,1.01,1.9088,0.099036,-0.0028649,-0.00076765,1,0,0,0,0,0,0
-0.6488,1.0042,1.9073,0.098229,-0.0015467,-0.00041444,1,0,0,0,0,0,0
-0.65226,0.99832,1.9057,0.097418,-0.00026454,-7.0883e-05,1,0,0,0,0,0,0
-0.65569,0.99248,1.9041,0.096603,0.00098212,0.00026316,1,0,0,0,0,0,0
-0.65908,0.98664,1.9026,0.095785,0.0021938,0.00058782,1,0,0,0,0,0,0
-0.66244,0.9808,1.901,0.094964,0.0033709,0.00090322,1,0,0,0,0,0,0
-0.66575,0.97497,1.8994,0.094141,0.0045139,0.0012095,1,0,0,0,0,0,0
-0.66903,0.96914,1.8979,0.093316,0.0056235,0.0015068,1,0,0,0,0,0,0
-0.67227,0.9633,1.8963,0.092489,0.0067001,0.0017953,1,0,0,0,0,0,0
-0.67548,0.95748,1.8948,0.091662,0.0077442,0.002075,1,0,0,0,0,0,0
-0.67865,0.95165,1.8932,0.090834,0.0087563,0.0023462,1,0,0,0,0,0,0
-0.68178,0.94583,1.8916,0.090006,0.0097371,0.002609,1,0,0,0,0,0,0
-0.68487,0.94002,1.8901,0.089179,0.010687,0.0028635,1,0,0,0,0,0,0
-0.68794,0.93421,1.8885,0.088352,0.011606,0.0031099,1,0,0,0,0,0,0
-0.69096,0.9284,1.887,0.087526,0.012496,0.0033483,1,0,0,0,0,0,0
-0.69395,0.9226,1.8854,0.086701,0.013356,0.0035788,1,0,0,0,0,0,0
-0.69691,0.9168,1.8839,0.085878,0.014188,0.0038017,1,0,0,0,0,0,0
-0.69983,0.91101,1.8823,0.085057,0.014991,0.0040169,1,0,0,0,0,0,0
-0.70272,0.90523,1.8808,0.084238,0.015767,0.0042248,1,0,0,0,0,0,0
-0.70558,0.89946,1.8792,0.083422,0.016516,0.0044254,1,0,0,0,0,0,0
-0.7084,0.89369,1.8777,0.082608,0.017238,0.0046188,1,0,0,0,0,0,0
-0.71119,0.88792,1.8761,0.081798,0.017933,0.0048052,1,0,0,0,0,0,0
-0.71395,0.88217,1.8746,0.080991,0.018604,0.0049848,1,0,0,0,0,0,0
-0.71668,0.87642,1.873,0.080187,0.019249,0.0051577,1,0,0,0,0,0,0
-0.71937,0.87068,1.8715,0.079387,0.019869,0.0053239,1,0,0,0,0,0,0
-0.72203,0.86495,1.87,0.078592,0.020466,0.0054838,1,0,0,0,0,0,0
-0.72466,0.85923,1.8684,0.0778,0.021039,0.0056373,1,0,0,0,0,0,0
-0.72727,0.85352,1.8669,0.077013,0.021589,0.0057846,1,0,0,0,0,0,0
-0.72984,0.84781,1.8654,0.07623,0.022116,0.0059259,1,0,0,0,0,0,0
-0.73238,0.84212,1.8638,0.075453,0.022621,0.0060613,1,0,0,0,0,0,0
-0.73489,0.83643,1.8623,0.07468,0.023105,0.0061909,1,0,0,0,0,0,0
-0.73737,0.83075,1.8608,0.073912,0.023568,0.0063149,1,0,0,0,0,0,0
-0.73982,0.82508,1.8593,0.073149,0.02401,0.0064333,1,0,0,0,0,0,0
-0.74224,0.81943,1.8578,0.072392,0.024431,0.0065464,1,0,0,0,0,0,0
-0.74463,0.81378,1.8563,0.07164,0.024833,0.0066541,1,0,0,0,0,0,0
-0.747,0.80814,1.8547,0.070894,0.025216,0.0067567,1,0,0,0,0,0,0
-0.74934,0.80251,1.8532,0.070153,0.025581,0.0068543,1,0,0,0,0,0,0
-0.75165,0.79689,1.8517,0.069419,0.025926,0.0069469,1,0,0,0,0,0,0
-0.75393,0.79129,1.8502,0.06869,0.026254,0.0070348,1,0,0,0,0,0,0
-0.75618,0.78569,1.8487,0.067967,0.026564,0.0071179,1,0,0,0,0,0,0
-0.75841,0.78011,1.8472,0.06725,0.026858,0.0071965,1,0,0,0,0,0,0
-0.76061,0.77453,1.8457,0.06654,0.027134,0.0072707,1,0,0,0,0,0,0
-0.76279,0.76897,1.8442,0.065836,0.027395,0.0073404,1,0,0,0,0,0,0
-0.76494,0.76342,1.8428,0.065137,0.027639,0.007406,1,0,0,0,0,0,0
-0.76706,0.75787,1.8413,0.064446,0.027869,0.0074674,1,0,0,0,0,0,0
-0.76916,0.75234,1.8398,0.06376,0.028083,0.0075247,1,0,0,0,0,0,0
-0.77123,0.74683,1.8383,0.063082,0.028282,0.0075782,1,0,0,0,0,0,0
-0.77328,0.74132,1.8368,0.062409,0.028467,0.0076278,1,0,0,0,0,0,0
-0.7753,0.73582,1.8354,0.061743,0.028639,0.0076737,1,0,0,0,0,0,0
-0.7773,0.73034,1.8339,0.061084,0.028796,0.0077159,1,0,0,0,0,0,0
-0.77927,0.72486,1.8324,0.060432,0.028941,0.0077546,1,0,0,0,0,0,0
-0.78122,0.7194,1.831,0.059785,0.029072,0.0077899,1,0,0,0,0,0,0
-0.78315,0.71395,1.8295,0.059146,0.029191,0.0078218,1,0,0,0,0,0,0
-0.78505,0.70852,1.828,0.058513,0.029298,0.0078505,1,0,0,0,0,0,0
-0.78693,0.70309,1.8266,0.057887,0.029393,0.0078759,1,0,0,0,0,0,0
-0.78879,0.69767,1.8251,0.057268,0.029477,0.0078983,1,0,0,0,0,0,0
-0.79062,0.69227,1.8237,0.056655,0.029549,0.0079177,1,0,0,0,0,0,0
-0.79244,0.68688,1.8222,0.056049,0.029611,0.0079341,1,0,0,0,0,0,0
-0.79423,0.6815,1.8208,0.055449,0.029661,0.0079477,1,0,0,0,0,0,0
-0.79599,0.67614,1.8194,0.054856,0.029702,0.0079585,1,0,0,0,0,0,0
-0.79774,0.67078,1.8179,0.05427,0.029732,0.0079667,1,0,0,0,0,0,0
-0.79946,0.66544,1.8165,0.053691,0.029753,0.0079722,1,0,0,0,0,0,0
-0.80117,0.66011,1.8151,0.053118,0.029764,0.0079752,1,0,0,0,0,0,0
-0.80285,0.65479,1.8136,0.052552,0.029766,0.0079758,1,0,0,0,0,0,0
-0.80451,0.64948,1.8122,0.051992,0.029759,0.0079739,1,0,0,0,0,0,0
-0.80615,0.64418,1.8108,0.051439,0.029743,0.0079697,1,0,0,0,0,0,0
-0.80777,0.6389,1.8094,0.050892,0.029719,0.0079633,1,0,0,0,0,0,0
-0.80938,0.63363,1.808,0.050352,0.029687,0.0079546,1,0,0,0,0,0,0
-0.81096,0.62837,1.8066,0.049819,0.029647,0.0079439,1,0,0,0,0,0,0
-0.81252,0.62312,1.8052,0.049292,0.029599,0.007931,1,0,0,0,0,0,0
-0.81406,0.61788,1.8038,0.048771,0.029544,0.0079162,1,0,0,0,0,0,0
-0.81558,0.61266,1.8024,0.048257,0.029481,0.0078994,1,0,0,0,0,0,0
-0.81708,0.60745,1.801,0.047749,0.029411,0.0078807,1,0,0,0,0,0,0
-0.81857,0.60225,1.7996,0.047247,0.029335,0.0078603,1,0,0,0,0,0,0
-0.82003,0.59706,1.7982,0.046752,0.029252,0.007838,1,0,0,0,0,0,0
-0.82148,0.59188,1.7968,0.046263,0.029162,0.007814,1,0,0,0,0,0,0
-0.82291,0.58671,1.7954,0.04578,0.029067,0.0077884,1,0,0,0,0,0,0
-0.82432,0.58156,1.794,0.045304,0.028965,0.0077611,1,0,0,0,0,0,0
-0.82571,0.57642,1.7927,0.044833,0.028857,0.0077323,1,0,0,0,0,0,0
-0.82709,0.57128,1.7913,0.044369,0.028744,0.007702,1,0,0,0,0,0,0
-0.82844,0.56616,1.7899,0.043911,0.028625,0.0076702,1,0,0,0,0,0,0
-0.82978,0.56106,1.7885,0.043458,0.028501,0.0076369,1,0,0,0,0,0,0
-0.83111,0.55596,1.7872,0.043012,0.028372,0.0076024,1,0,0,0,0,0,0
-0.83241,0.55087,1.7858,0.042572,0.028238,0.0075664,1,0,0,0,0,0,0
-0.8337,0.5458,1.7844,0.042137,0.028099,0.0075292,1,0,0,0,0,0,0
-0.83497,0.54074,1.7831,0.041709,0.027956,0.0074908,1,0,0,0,0,0,0
-0.83623,0.53568,1.7817,0.041286,0.027808,0.0074511,1,0,0,0,0,0,0
-0.83747,0.53064,1.7804,0.040869,0.027656,0.0074103,1,0,0,0,0,0,0
-0.83869,0.52561,1.779,0.040457,0.027499,0.0073684,1,0,0,0,0,0,0
-0.8399,0.52059,1.7777,0.040051,0.027339,0.0073254,1,0,0,0,0,0,0
-0.84109,0.51558,1.7764,0.039651,0.027174,0.0072813,1,0,0,0,0,0,0
-0.84227,0.51059,1.775,0.039256,0.027006,0.0072362,1,0,0,0,0,0,0
-0.84342,0.5056,1.7737,0.038867,0.026834,0.0071902,1,0,0,0,0,0,0
-0.84457,0.50062,1.7723,0.038484,0.026659,0.0071432,1,0,0,0,0,0,0
-0.8457,0.49566,1.771,0.038105,0.02648,0.0070952,1,0,0,0,0,0,0
-0.84681,0.4907,1.7697,0.037733,0.026298,0.0070464,1,0,0,0,0,0,0
-0.84791,0.48576,1.7684,0.037365,0.026112,0.0069968,1,0,0,0,0,0,0
-0.849,0.48082,1.767,0.037003,0.025924,0.0069463,1,0,0,0,0,0,0
-0.85007,0.4759,1.7657,0.036645,0.025733,0.0068951,1,0,0,0,0,0,0
-0.85112,0.47099,1.7644,0.036293,0.025539,0.0068431,1,0,0,0,0,0,0
-0.85216,0.46608,1.7631,0.035947,0.025342,0.0067903,1,0,0,0,0,0,0
-0.85319,0.46119,1.7618,0.035605,0.025142,0.0067368,1,0,0,0,0,0,0
-0.8542,0.4563,1.7605,0.035268,0.02494,0.0066827,1,0,0,0,0,0,0
-0.8552,0.45143,1.7592,0.034936,0.024736,0.0066279,1,0,0,0,0,0,0
-0.85619,0.44657,1.7579,0.034609,0.024529,0.0065725,1,0,0,0,0,0,0
-0.85716,0.44171,1.7566,0.034287,0.02432,0.0065165,1,0,0,0,0,0,0
-0.85811,0.43687,1.7553,0.03397,0.024108,0.0064598,1,0,0,0,0,0,0
-0.85906,0.43203,1.754,0.033658,0.023895,0.0064027,1,0,0,0,0,0,0
-0.85999,0.42721,1.7527,0.03335,0.02368,0.006345,1,0,0,0,0,0,0
-0.86091,0.42239,1.7514,0.033047,0.023462,0.0062867,1,0,0,0,0,0,0
-0.86181,0.41758,1.7501,0.032749,0.023243,0.006228,1,0,0,0,0,0,0
-0.8627,0.41279,1.7488,0.032455,0.023022,0.0061688,1,0,0,0,0,0,0
-0.86358,0.408,1.7475,0.032166,0.0228,0.0061091,1,0,0,0,0,0,0
-0.86445,0.40322,1.7462,0.031882,0.022575,0.006049,1,0,0,0,0,0,0
-0.8653,0.39845,1.745,0.031601,0.022349,0.0059885,1,0,0,0,0,0,0
-0.86614,0.39369,1.7437,0.031326,0.022122,0.0059275,1,0,0,0,0,0,0
-0.86697,0.38893,1.7424,0.031054,0.021893,0.0058662,1,0,0,0,0,0,0
-0.86778,0.38419,1.7411,0.030787,0.021663,0.0058045,1,0,0,0,0,0,0
-0.86859,0.37945,1.7399,0.030525,0.021431,0.0057425,1,0,0,0,0,0,0
-0.86938,0.37473,1.7386,0.030266,0.021198,0.0056801,1,0,0,0,0,0,0
-0.87016,0.37001,1.7373,0.030012,0.020964,0.0056174,1,0,0,0,0,0,0
-0.87093,0.3653,1.7361,0.029762,0.020729,0.0055543,1,0,0,0,0,0,0
-0.87168,0.36059,1.7348,0.029516,0.020493,0.005491,1,0,0,0,0,0,0
-0.87243,0.3559,1.7336,0.029274,0.020255,0.0054274,1,0,0,0,0,0,0
-0.87316,0.35121,1.7323,0.029036,0.020017,0.0053635,1,0,0,0,0,0,0
-0.87388,0.34654,1.7311,0.028802,0.019778,0.0052994,1,0,0,0,0,0,0
-0.87459,0.34187,1.7298,0.028572,0.019537,0.005235,1,0,0,0,0,0,0
-0.87529,0.3372,1.7286,0.028346,0.019296,0.0051704,1,0,0,0,0,0,0
-0.87597,0.33255,1.7273,0.028124,0.019054,0.0051055,1,0,0,0,0,0,0
-0.87665,0.3279,1.7261,0.027906,0.018811,0.0050405,1,0,0,0,0,0,0
-0.87731,0.32326,1.7248,0.027691,0.018568,0.0049752,1,0,0,0,0,0,0
-0.87797,0.31863,1.7236,0.02748,0.018323,0.0049098,1,0,0,0,0,0,0
-0.87861,0.314,1.7223,0.027273,0.018079,0.0048441,1,0,0,0,0,0,0
-0.87924,0.30938,1.7211,0.02707,0.017833,0.0047783,1,0,0,0,0,0,0
-0.87986,0.30477,1.7199,0.026871,0.017587,0.0047123,1,0,0,0,0,0,0
-0.88047,0.30017,1.7186,0.026675,0.01734,0.0046462,1,0,0,0,0,0,0
-0.88107,0.29557,1.7174,0.026482,0.017093,0.00458,1,0,0,0,0,0,0
-0.88166,0.29098,1.7162,0.026293,0.016845,0.0045135,1,0,0,0,0,0,0
-0.88224,0.28639,1.7149,0.026108,0.016596,0.004447,1,0,0,0,0,0,0
-0.88281,0.28182,1.7137,0.025926,0.016348,0.0043803,1,0,0,0,0,0,0
-0.88337,0.27724,1.7125,0.025748,0.016098,0.0043135,1,0,0,0,0,0,0
-0.88392,0.27268,1.7113,0.025573,0.015849,0.0042467,1,0,0,0,0,0,0
-0.88446,0.26812,1.71,0.025402,0.015599,0.0041797,1,0,0,0,0,0,0
-0.88498,0.26357,1.7088,0.025234,0.015348,0.0041126,1,0,0,0,0,0,0
-0.8855,0.25902,1.7076,0.025069,0.015098,0.0040454,1,0,0,0,0,0,0
-0.88601,0.25448,1.7064,0.024907,0.014846,0.0039781,1,0,0,0,0,0,0
-0.88651,0.24995,1.7052,0.024749,0.014595,0.0039108,1,0,0,0,0,0,0
-0.887,0.24542,1.704,0.024594,0.014344,0.0038433,1,0,0,0,0,0,0
-0.88747,0.24089,1.7027,0.024443,0.014092,0.0037758,1,0,0,0,0,0,0
-0.88794,0.23638,1.7015,0.024294,0.013839,0.0037083,1,0,0,0,0,0,0
-0.8884,0.23186,1.7003,0.024149,0.013587,0.0036407,1,0,0,0,0,0,0
-0.88885,0.22736,1.6991,0.024007,0.013335,0.003573,1,0,0,0,0,0,0
-0.88929,0.22285,1.6979,0.023868,0.013082,0.0035053,1,0,0,0,0,0,0
-0.88972,0.21836,1.6967,0.023732,0.012829,0.0034375,1,0,0,0,0,0,0
-0.89014,0.21386,1.6955,0.023599,0.012576,0.0033697,1,0,0,0,0,0,0
-0.89055,0.20938,1.6943,0.023469,0.012323,0.0033018,1,0,0,0,0,0,0
-0.89096,0.2049,1.6931,0.023342,0.012069,0.0032339,1,0,0,0,0,0,0
-0.89135,0.20042,1.6919,0.023218,0.011816,0.003166,1,0,0,0,0,0,0
-0.89173,0.19595,1.6907,0.023097,0.011562,0.003098,1,0,0,0,0,0,0
-0.89211,0.19148,1.6895,0.022979,0.011308,0.0030301,1,0,0,0,0,0,0
-0.89247,0.18701,1.6883,0.022864,0.011055,0.0029621,1,0,0,0,0,0,0
-0.89283,0.18255,1.6871,0.022752,0.010801,0.002894,1,0,0,0,0,0,0
-0.89317,0.1781,1.6859,0.022643,0.010547,0.002826,1,0,0,0,0,0,0
-0.89351,0.17365,1.6847,0.022537,0.010293,0.0027579,1,0,0,0,0,0,0
-0.89384,0.1692,1.6835,0.022433,0.010039,0.0026898,1,0,0,0,0,0,0
-0.89416,0.16476,1.6823,0.022333,0.0097844,0.0026217,1,0,0,0,0,0,0
-0.89447,0.16032,1.6812,0.022235,0.0095303,0.0025536,1,0,0,0,0,0,0
-0.89478,0.15588,1.68,0.02214,0.0092761,0.0024855,1,0,0,0,0,0,0
-0.89507,0.15145,1.6788,0.022048,0.0090218,0.0024174,1,0,0,0,0,0,0
-0.89535,0.14702,1.6776,0.021958,0.0087676,0.0023493,1,0,0,0,0,0,0
-0.89563,0.1426,1.6764,0.021871,0.0085133,0.0022811,1,0,0,0,0,0,0
-0.8959,0.13818,1.6752,0.021787,0.008259,0.002213,1,0,0,0,0,0,0
-0.89616,0.13376,1.674,0.021706,0.0080047,0.0021448,1,0,0,0,0,0,0
-0.89641,0.12934,1.6729,0.021627,0.0077504,0.0020767,1,0,0,0,0,0,0
-0.89665,0.12493,1.6717,0.021552,0.0074961,0.0020086,1,0,0,0,0,0,0
-0.89688,0.12052,1.6705,0.021478,0.0072418,0.0019404,1,0,0,0,0,0,0
-0.89711,0.11611,1.6693,0.021408,0.0069875,0.0018723,1,0,0,0,0,0,0
-0.89732,0.11171,1.6681,0.02134,0.0067332,0.0018041,1,0,0,0,0,0,0
-0.89753,0.10731,1.667,0.021274,0.0064789,0.001736,1,0,0,0,0,0,0
-0.89773,0.10291,1.6658,0.021212,0.0062246,0.0016679,1,0,0,0,0,0,0
-0.89792,0.098512,1.6646,0.021151,0.0059704,0.0015998,1,0,0,0,0,0,0
-0.8981,0.094118,1.6634,0.021094,0.0057161,0.0015316,1,0,0,0,0,0,0
-0.89827,0.089726,1.6622,0.021039,0.0054619,0.0014635,1,0,0,0,0,0,0
-0.89844,0.085336,1.6611,0.020986,0.0052077,0.0013954,1,0,0,0,0,0,0
-0.89859,0.080947,1.6599,0.020937,0.0049535,0.0013273,1,0,0,0,0,0,0
-0.89874,0.076561,1.6587,0.020889,0.0046993,0.0012592,1,0,0,0,0,0,0
-0.89888,0.072177,1.6575,0.020845,0.0044452,0.0011911,1,0,0,0,0,0,0
-0.89901,0.067794,1.6564,0.020802,0.004191,0.001123,1,0,0,0,0,0,0
-0.89914,0.063413,1.6552,0.020763,0.0039369,0.0010549,1,0,0,0,0,0,0
-0.89925,0.059033,1.654,0.020725,0.0036828,0.00098681,1,0,0,0,0,0,0
-0.89936,0.054655,1.6528,0.020691,0.0034288,0.00091873,1,0,0,0,0,0,0
-0.89946,0.050278,1.6517,0.020659,0.0031747,0.00085066,1,0,0,0,0,0,0
-0.89955,0.045902,1.6505,0.020629,0.0029207,0.00078259,1,0,0,0,0,0,0
-0.89963,0.041527,1.6493,0.020602,0.0026666,0.00071452,1,0,0,0,0,0,0
-0.8997,0.037153,1.6482,0.020577,0.0024126,0.00064646,1,0,0,0,0,0,0
-0.89977,0.03278,1.647,0.020555,0.0021586,0.0005784,1,0,0,0,0,0,0
-0.89983,0.028408,1.6458,0.020535,0.0019046,0.00051034,1,0,0,0,0,0,0
-0.89988,0.024036,1.6446,0.020518,0.0016507,0.00044229,1,0,0,0,0,0,0
-0.89992,0.019665,1.6435,0.020503,0.0013967,0.00037424,1,0,0,0,0,0,0
-0.89995,0.015295,1.6423,0.020491,0.0011427,0.0003062,1,0,0,0,0,0,0
-0.89997,0.010925,1.6411,0.020481,0.00088879,0.00023815,1,0,0,0,0,0,0
-0.89999,0.0065547,1.64,0.020474,0.00063484,0.00017011,1,0,0,0,0,0,0
-0.9,0.0021849,1.6388,0.020469,0.0003809,0.00010206,1,0,0,0,0,0,0
-0.9,-0.0021849,1.6376,0.020466,0.00012697,3.4021e-05,1,0,0,0,0,0,0
-0.89999,-0.0065547,1.6364,0.020466,-0.00012697,-3.4021e-05,1,0,0,0,0,0,0
-0.89997,-0.010925,1.6353,0.020469,-0.0003809,-0.00010206,1,0,0,0,0,0,0
-0.89995,-0.015295,1.6341,0.020474,-0.00063484,-0.00017011,1,0,0,0,0,0,0
-0.89992,-0.019665,1.6329,0.020481,-0.00088879,-0.00023815,1,0,0,0,0,0,0
-0.89988,-0.024036,1.6318,0.020491,-0.0011427,-0.0003062,1,0,0,0,0,0,0
-0.89983,-0.028408,1.6306,0.020503,-0.0013967,-0.00037424,1,0,0,0,0,0,0
-0.89977,-0.03278,1.6294,0.020518,-0.0016507,-0.00044229,1,0,0,0,0,0,0
-0.8997,-0.037153,1.6282,0.020535,-0.0019046,-0.00051034,1,0,0,0,0,0,0
-0.89963,-0.041527,1.6271,0.020555,-0.0021586,-0.0005784,1,0,0,0,0,0,0
-0.89955,-0.045902,1.6259,0.020577,-0.0024126,-0.00064646,1,0,0,0,0,0,0
-0.89946,-0.050278,1.6247,0.020602,-0.0026666,-0.00071452,1,0,0,0,0,0,0
-0.89936,-0.054655,1.6236,0.020629,-0.0029207,-0.00078259,1,0,0,0,0,0,0
-0.89925,-0.059033,1.6224,0.020659,-0.0031747,-0.00085066,1,0,0,0,0,0,0
-0.89914,-0.063413,1.6212,0.020691,-0.0034288,-0.00091873,1,0,0,0,0,0,0
-0.89901,-0.067794,1.62,0.020725,-0.0036828,-0.00098681,1,0,0,0,0,0,0
-0.89888,-0.072177,1.6189,0.020763,-0.0039369,-0.0010549,1,0,0,0,0,0,0
-0.89874,-0.076561,1.6177,0.020802,-0.004191,-0.001123,1,0,0,0,0,0,0
-0.89859,-0.080947,1.6165,0.020845,-0.0044452,-0.0011911,1,0,0,0,0,0,0
-0.89844,-0.085336,1.6153,0.020889,-0.0046993,-0.0012592,1,0,0,0,0,0,0
-0.89827,-0.089726,1.6142,0.020937,-0.0049535,-0.0013273,1,0,0,0,0,0,0
-0.8981,-0.094118,1.613,0.020986,-0.0052077,-0.0013954,1,0,0,0,0,0,0
-0.89792,-0.098512,1.6118,0.021039,-0.0054619,-0.0014635,1,0,0,0,0,0,0
-0.89773,-0.10291,1.6106,0.021094,-0.0057161,-0.0015316,1,0,0,0,0,0,0
-0.89753,-0.10731,1.6094,0.021151,-0.0059704,-0.0015998,1,0,0,0,0,0,0
-0.89732,-0.11171,1.6083,0.021212,-0.0062246,-0.0016679,1,0,0,0,0,0,0
-0.89711,-0.11611,1.6071,0.021274,-0.0064789,-0.001736,1,0,0,0,0,0,0
-0.89688,-0.12052,1.6059,0.02134,-0.0067332,-0.0018041,1,0,0,0,0,0,0
-0.89665,-0.12493,1.6047,0.021408,-0.0069875,-0.0018723,1,0,0,0,0,0,0
-0.89641,-0.12934,1.6035,0.021478,-0.0072418,-0.0019404,1,0,0,0,0,0,0
-0.89616,-0.13376,1.6024,0.021552,-0.0074961,-0.0020086,1,0,0,0,0,0,0
-0.8959,-0.13818,1.6012,0.021627,-0.0077504,-0.0020767,1,0,0,0,0,0,0
-0.89563,-0.1426,1.6,0.021706,-0.0080047,-0.0021448,1,0,0,0,0,0,0
-0.89535,-0.14702,1.5988,0.021787,-0.008259,-0.002213,1,0,0,0,0,0,0
-0.89507,-0.15145,1.5976,0.021871,-0.0085133,-0.0022811,1,0,0,0,0,0,0
-0.89478,-0.15588,1.5964,0.021958,-0.0087676,-0.0023493,1,0,0,0,0,0,0
-0.89447,-0.16032,1.5952,0.022048,-0.0090218,-0.0024174,1,0,0,0,0,0,0
-0.89416,-0.16476,1.5941,0.02214,-0.0092761,-0.0024855,1,0,0,0,0,0,0
-0.89384,-0.1692,1.5929,0.022235,-0.0095303,-0.0025536,1,0,0,0,0,0,0
-0.89351,-0.17365,1.5917,0.022333,-0.0097844,-0.0026217,1,0,0,0,0,0,0
-0.89317,-0.1781,1.5905,0.022433,-0.010039,-0.0026898,1,0,0,0,0,0,0
-0.89283,-0.18255,1.5893,0.022537,-0.010293,-0.0027579,1,0,0,0,0,0,0
-0.89247,-0.18701,1.5881,0.022643,-0.010547,-0.002826,1,0,0,0,0,0,0
-0.89211,-0.19148,1.5869,0.022752,-0.010801,-0.002894,1,0,0,0,0,0,0
-0.89173,-0.19595,1.5857,0.022864,-0.011055,-0.0029621,1,0,0,0,0,0,0
-0.89135,-0.20042,1.5845,0.022979,-0.011308,-0.0030301,1,0,0,0,0,0,0
-0.89096,-0.2049,1.5833,0.023097,-0.011562,-0.003098,1,0,0,0,0,0,0
-0.89055,-0.20938,1.5821,0.023218,-0.011816,-0.003166,1,0,0,0,0,0,0
-0.89014,-0.21386,1.5809,0.023342,-0.012069,-0.0032339,1,0,0,0,0,0,0
-0.88972,-0.21836,1.5797,0.023469,-0.012323,-0.0033018,1,0,0,0,0,0,0
-0.88929,-0.22285,1.5785,0.023599,-0.012576,-0.0033697,1,0,0,0,0,0,0
-0.88885,-0.22736,1.5773,0.023732,-0.012829,-0.0034375,1,0,0,0,0,0,0
-0.8884,-0.23186,1.5761,0.023868,-0.013082,-0.0035053,1,0,0,0,0,0,0
-0.88794,-0.23638,1.5749,0.024007,-0.013335,-0.003573,1,0,0,0,0,0,0
-0.88747,-0.24089,1.5737,0.024149,-0.013587,-0.0036407,1,0,0,0,0,0,0
-0.887,-0.24542,1.5724,0.024294,-0.013839,-0.0037083,1,0,0,0,0,0,0
-0.88651,-0.24995,1.5712,0.024443,-0.014092,-0.0037758,1,0,0,0,0,0,0
-0.88601,-0.25448,1.57,0.024594,-0.014344,-0.0038433,1,0,0,0,0,0,0
-0.8855,-0.25902,1.5688,0.024749,-0.014595,-0.0039108,1,0,0,0,0,0,0
-0.88498,-0.26357,1.5676,0.024907,-0.014846,-0.0039781,1,0,0,0,0,0,0
-0.88446,-0.26812,1.5664,0.025069,-0.015098,-0.0040454,1,0,0,0,0,0,0
-0.88392,-0.27268,1.5651,0.025234,-0.015348,-0.0041126,1,0,0,0,0,0,0
-0.88337,-0.27724,1.5639,0.025402,-0.015599,-0.0041797,1,0,0,0,0,0,0
-0.88281,-0.28182,1.5627,0.025573,-0.015849,-0.0042467,1,0,0,0,0,0,0
-0.88224,-0.28639,1.5615,0.025748,-0.016098,-0.0043135,1,0,0,0,0,0,0
-0.88166,-0.29098,1.5602,0.025926,-0.016348,-0.0043803,1,0,0,0,0,0,0
-0.88107,-0.29557,1.559,0.026108,-0.016596,-0.004447,1,0,0,0,0,0,0
-0.88047,-0.30017,1.5578,0.026293,-0.016845,-0.0045135,1,0,0,0,0,0,0
-0.87986,-0.30477,1.5565,0.026482,-0.017093,-0.00458,1,0,0,0,0,0,0
-0.87924,-0.30938,1.5553,0.026675,-0.01734,-0.0046462,1,0,0,0,0,0,0
-0.87861,-0.314,1.5541,0.026871,-0.017587,-0.0047123,1,0,0,0,0,0,0
-0.87797,-0.31863,1.5528,0.02707,-0.017833,-0.0047783,1,0,0,0,0,0,0
-0.87731,-0.32326,1.5516,0.027273,-0.018079,-0.0048441,1,0,0,0,0,0,0
-0.87665,-0.3279,1.5503,0.02748,-0.018323,-0.0049098,1,0,0,0,0,0,0
-0.87597,-0.33255,1.5491,0.027691,-0.018568,-0.0049752,1,0,0,0,0,0,0
-0.87529,-0.3372,1.5478,0.027906,-0.018811,-0.0050405,1,0,0,0,0,0,0
-0.87459,-0.34187,1.5466,0.028124,-0.019054,-0.0051055,1,0,0,0,0,0,0
-0.87388,-0.34654,1.5453,0.028346,-0.019296,-0.0051704,1,0,0,0,0,0,0
-0.87316,-0.35121,1.5441,0.028572,-0.019537,-0.005235,1,0,0,0,0,0,0
-0.87243,-0.3559,1.5428,0.028802,-0.019778,-0.0052994,1,0,0,0,0,0,0
-0.87168,-0.36059,1.5416,0.029036,-0.020017,-0.0053635,1,0,0,0,0,0,0
-0.87093,-0.3653,1.5403,0.029274,-0.020255,-0.0054274,1,0,0,0,0,0,0
-0.87016,-0.37001,1.5391,0.029516,-0.020493,-0.005491,1,0,0,0,0,0,0
-0.86938,-0.37473,1.5378,0.029762,-0.020729,-0.0055543,1,0,0,0,0,0,0
-0.86859,-0.37945,1.5365,0.030012,-0.020964,-0.0056174,1,0,0,0,0,0,0
-0.86778,-0.38419,1.5353,0.030266,-0.021198,-0.0056801,1,0,0,0,0,0,0
-0.86697,-0.38893,1.534,0.030525,-0.021431,-0.0057425,1,0,0,0,0,0,0
-0.86614,-0.39369,1.5327,0.030787,-0.021663,-0.0058045,1,0,0,0,0,0,0
-0.8653,-0.39845,1.5314,0.031054,-0.021893,-0.0058662,1,0,0,0,0,0,0
-0.86445,-0.40322,1.5302,0.031326,-0.022122,-0.0059275,1,0,0,0,0,0,0
-0.86358,-0.408,1.5289,0.031601,-0.022349,-0.0059885,1,0,0,0,0,0,0
-0.8627,-0.41279,1.5276,0.031882,-0.022575,-0.006049,1,0,0,0,0,0,0
-0.86181,-0.41758,1.5263,0.032166,-0.0228,-0.0061091,1,0,0,0,0,0,0
-0.86091,-0.42239,1.525,0.032455,-0.023022,-0.0061688,1,0,0,0,0,0,0
-0.85999,-0.42721,1.5237,0.032749,-0.023243,-0.006228,1,0,0,0,0,0,0
-0.85906,-0.43203,1.5224,0.033047,-0.023462,-0.0062867,1,0,0,0,0,0,0
-0.85811,-0.43687,1.5211,0.03335,-0.02368,-0.006345,1,0,0,0,0,0,0
-0.85716,-0.44171,1.5198,0.033658,-0.023895,-0.0064027,1,0,0,0,0,0,0
-0.85619,-0.44657,1.5185,0.03397,-0.024108,-0.0064598,1,0,0,0,0,0,0
-0.8552,-0.45143,1.5172,0.034287,-0.02432,-0.0065165,1,0,0,0,0,0,0
-0.8542,-0.4563,1.5159,0.034609,-0.024529,-0.0065725,1,0,0,0,0,0,0
-0.85319,-0.46119,1.5146,0.034936,-0.024736,-0.0066279,1,0,0,0,0,0,0
-0.85216,-0.46608,1.5133,0.035268,-0.02494,-0.0066827,1,0,0,0,0,0,0
-0.85112,-0.47099,1.512,0.035605,-0.025142,-0.0067368,1,0,0,0,0,0,0
-0.85007,-0.4759,1.5107,0.035947,-0.025342,-0.0067903,1,0,0,0,0,0,0
-0.849,-0.48082,1.5094,0.036293,-0.025539,-0.0068431,1,0,0,0,0,0,0
-0.84791,-0.48576,1.508,0.036645,-0.025733,-0.0068951,1,0,0,0,0,0,0
-0.84681,-0.4907,1.5067,0.037003,-0.025924,-0.0069463,1,0,0,0,0,0,0
-0.8457,-0.49566,1.5054,0.037365,-0.026112,-0.0069968,1,0,0,0,0,0,0
-0.84457,-0.50062,1.5041,0.037733,-0.026298,-0.0070464,1,0,0,0,0,0,0
-0.84342,-0.5056,1.5027,0.038105,-0.02648,-0.0070952,1,0,0,0,0,0,0
-0.84227,-0.51059,1.5014,0.038484,-0.026659,-0.0071432,1,0,0,0,0,0,0
-0.84109,-0.51558,1.5,0.038867,-0.026834,-0.0071902,1,0,0,0,0,0,0
-0.8399,-0.52059,1.4987,0.039256,-0.027006,-0.0072362,1,0,0,0,0,0,0
-0.83869,-0.52561,1.4974,0.039651,-0.027174,-0.0072813,1,0,0,0,0,0,0
-0.83747,-0.53064,1.496,0.040051,-0.027339,-0.0073254,1,0,0,0,0,0,0
-0.83623,-0.53568,1.4947,0.040457,-0.027499,-0.0073684,1,0,0,0,0,0,0
-0.83497,-0.54074,1.4933,0.040869,-0.027656,-0.0074103,1,0,0,0,0,0,0
-0.8337,-0.5458,1.492,0.041286,-0.027808,-0.0074511,1,0,0,0,0,0,0
-0.83241,-0.55087,1.4906,0.041709,-0.027956,-0.0074908,1,0,0,0,0,0,0
-0.83111,-0.55596,1.4892,0.042137,-0.028099,-0.0075292,1,0,0,0,0,0,0
-0.82978,-0.56106,1.4879,0.042572,-0.028238,-0.0075664,1,0,0,0,0,0,0
-0.82844,-0.56616,1.4865,0.043012,-0.028372,-0.0076024,1,0,0,0,0,0,0
-0.82709,-0.57128,1.4851,0.043458,-0.028501,-0.0076369,1,0,0,0,0,0,0
-0.82571,-0.57642,1.4837,0.043911,-0.028625,-0.0076702,1,0,0,0,0,0,0
-0.82432,-0.58156,1.4824,0.044369,-0.028744,-0.007702,1,0,0,0,0,0,0
-0.82291,-0.58671,1.481,0.044833,-0.028857,-0.0077323,1,0,0,0,0,0,0
-0.82148,-0.59188,1.4796,0.045304,-0.028965,-0.0077611,1,0,0,0,0,0,0
-0.82003,-0.59706,1.4782,0.04578,-0.029067,-0.0077884,1,0,0,0,0,0,0
-0.81857,-0.60225,1.4768,0.046263,-0.029162,-0.007814,1,0,0,0,0,0,0
-0.81708,-0.60745,1.4754,0.046752,-0.029252,-0.007838,1,0,0,0,0,0,0
-0.81558,-0.61266,1.474,0.047247,-0.029335,-0.0078603,1,0,0,0,0,0,0
-0.81406,-0.61788,1.4726,0.047749,-0.029411,-0.0078807,1,0,0,0,0,0,0
-0.81252,-0.62312,1.4712,0.048257,-0.029481,-0.0078994,1,0,0,0,0,0,0
-0.81096,-0.62837,1.4698,0.048771,-0.029544,-0.0079162,1,0,0,0,0,0,0
-0.80938,-0.63363,1.4684,0.049292,-0.029599,-0.007931,1,0,0,0,0,0,0
-0.80777,-0.6389,1.467,0.049819,-0.029647,-0.0079439,1,0,0,0,0,0,0
-0.80615,-0.64418,1.4656,0.050352,-0.029687,-0.0079546,1,0,0,0,0,0,0
-0.80451,-0.64948,1.4642,0.050892,-0.029719,-0.0079633,1,0,0,0,0,0,0
-0.80285,-0.65479,1.4628,0.051439,-0.029743,-0.0079697,1,0,0,0,0,0,0
-0.80117,-0.66011,1.4613,0.051992,-0.029759,-0.0079739,1,0,0,0,0,0,0
-0.79946,-0.66544,1.4599,0.052552,-0.029766,-0.0079758,1,0,0,0,0,0,0
-0.79774,-0.67078,1.4585,0.053118,-0.029764,-0.0079752,1,0,0,0,0,0,0
-0.79599,-0.67614,1.457,0.053691,-0.029753,-0.0079722,1,0,0,0,0,0,0
-0.79423,-0.6815,1.4556,0.05427,-0.029732,-0.0079667,1,0,0,0,0,0,0
-0.79244,-0.68688,1.4542,0.054856,-0.029702,-0.0079585,1,0,0,0,0,0,0
-0.79062,-0.69227,1.4527,0.055449,-0.029661,-0.0079477,1,0,0,0,0,0,0
-0.78879,-0.69767,1.4513,0.056049,-0.029611,-0.0079341,1,0,0,0,0,0,0
-0.78693,-0.70309,1.4498,0.056655,-0.029549,-0.0079177,1,0,0,0,0,0,0
-0.78505,-0.70852,1.4484,0.057268,-0.029477,-0.0078983,1,0,0,0,0,0,0
-0.78315,-0.71395,1.4469,0.057887,-0.029393,-0.0078759,1,0,0,0,0,0,0
-0.78122,-0.7194,1.4454,0.058513,-0.029298,-0.0078505,1,0,0,0,0,0,0
-0.77927,-0.72486,1.444,0.059146,-0.029191,-0.0078218,1,0,0,0,0,0,0
-0.7773,-0.73034,1.4425,0.059785,-0.029072,-0.0077899,1,0,0,0,0,0,0
-0.7753,-0.73582,1.441,0.060432,-0.028941,-0.0077546,1,0,0,0,0,0,0
-0.77328,-0.74132,1.4396,0.061084,-0.028796,-0.0077159,1,0,0,0,0,0,0
-0.77123,-0.74683,1.4381,0.061743,-0.028639,-0.0076737,1,0,0,0,0,0,0
-0.76916,-0.75234,1.4366,0.062409,-0.028467,-0.0076278,1,0,0,0,0,0,0
-0.76706,-0.75787,1.4351,0.063082,-0.028282,-0.0075782,1,0,0,0,0,0,0
-0.76494,-0.76342,1.4336,0.06376,-0.028083,-0.0075247,1,0,0,0,0,0,0
-0.76279,-0.76897,1.4322,0.064446,-0.027869,-0.0074674,1,0,0,0,0,0,0
-0.76061,-0.77453,1.4307,0.065137,-0.027639,-0.007406,1,0,0,0,0,0,0
-0.75841,-0.78011,1.4292,0.065836,-0.027395,-0.0073404,1,0,0,0,0,0,0
-0.75618,-0.78569,1.4277,0.06654,-0.027134,-0.0072707,1,0,0,0,0,0,0
-0.75393,-0.79129,1.4262,0.06725,-0.026858,-0.0071965,1,0,0,0,0,0,0
-0.75165,-0.79689,1.4247,0.067967,-0.026564,-0.0071179,1,0,0,0,0,0,0
-0.74934,-0.80251,1.4232,0.06869,-0.026254,-0.0070348,1,0,0,0,0,0,0
-0.747,-0.80814,1.4217,0.069419,-0.025926,-0.0069469,1,0,0,0,0,0,0
-0.74463,-0.81378,1.4201,0.070153,-0.025581,-0.0068543,1,0,0,0,0,0,0
-0.74224,-0.81943,1.4186,0.070894,-0.025216,-0.0067567,1,0,0,0,0,0,0
-0.73982,-0.82508,1.4171,0.07164,-0.024833,-0.0066541,1,0,0,0,0,0,0
-0.73737,-0.83075,1.4156,0.072392,-0.024431,-0.0065464,1,0,0,0,0,0,0
-0.73489,-0.83643,1.4141,0.073149,-0.02401,-0.0064333,1,0,0,0,0,0,0
-0.73238,-0.84212,1.4126,0.073912,-0.023568,-0.0063149,1,0,0,0,0,0,0
-0.72984,-0.84781,1.411,0.07468,-0.023105,-0.0061909,1,0,0,0,0,0,0
-0.72727,-0.85352,1.4095,0.075453,-0.022621,-0.0060613,1,0,0,0,0,0,0
-0.72466,-0.85923,1.408,0.07623,-0.022116,-0.0059259,1,0,0,0,0,0,0
-0.72203,-0.86495,1.4064,0.077013,-0.021589,-0.0057846,1,0,0,0,0,0,0
-0.71937,-0.87068,1.4049,0.0778,-0.021039,-0.0056373,1,0,0,0,0,0,0
-0.71668,-0.87642,1.4034,0.078592,-0.020466,-0.0054838,1,0,0,0,0,0,0
-0.71395,-0.88217,1.4018,0.079387,-0.019869,-0.0053239,1,0,0,0,0,0,0
-0.71119,-0.88792,1.4003,0.080187,-0.019249,-0.0051577,1,0,0,0,0,0,0
-0.7084,-0.89369,1.3987,0.080991,-0.018604,-0.0049848,1,0,0,0,0,0,0
-0.70558,-0.89946,1.3972,0.081798,-0.017933,-0.0048052,1,0,0,0,0,0,0
-0.70272,-0.90523,1.3956,0.082608,-0.017238,-0.0046188,1,0,0,0,0,0,0
-0.69983,-0.91101,1.3941,0.083422,-0.016516,-0.0044254,1,0,0,0,0,0,0
-0.69691,-0.9168,1.3925,0.084238,-0.015767,-0.0042248,1,0,0,0,0,0,0
-0.69395,-0.9226,1.391,0.085057,-0.014991,-0.0040169,1,0,0,0,0,0,0
-0.69096,-0.9284,1.3894,0.085878,-0.014188,-0.0038017,1,0,0,0,0,0,0
-0.68794,-0.93421,1.3879,0.086701,-0.013356,-0.0035788,1,0,0,0,0,0,0
-0.68487,-0.94002,1.3863,0.087526,-0.012496,-0.0033483,1,0,0,0,0,0,0
-0.68178,-0.94583,1.3848,0.088352,-0.011606,-0.0031099,1,0,0,0,0,0,0
-0.67865,-0.95165,1.3832,0.089179,-0.010687,-0.0028635,1,0,0,0,0,0,0
-0.67548,-0.95748,1.3816,0.090006,-0.0097371,-0.002609,1,0,0,0,0,0,0
-0.67227,-0.9633,1.3801,0.090834,-0.0087563,-0.0023462,1,0,0,0,0,0,0
-0.66903,-0.96914,1.3785,0.091662,-0.0077442,-0.002075,1,0,0,0,0,0,0
-0.66575,-0.97497,1.377,0.092489,-0.0067001,-0.0017953,1,0,0,0,0,0,0
-0.66244,-0.9808,1.3754,0.093316,-0.0056235,-0.0015068,1,0,0,0,0,0,0
-0.65908,-0.98664,1.3738,0.094141,-0.0045139,-0.0012095,1,0,0,0,0,0,0
-0.65569,-0.99248,1.3723,0.094964,-0.0033709,-0.00090322,1,0,0,0,0,0,0
-0.65226,-0.99832,1.3707,0.095785,-0.0021938,-0.00058782,1,0,0,0,0,0,0
-0.6488,-1.0042,1.3691,0.096603,-0.00098212,-0.00026316,1,0,0,0,0,0,0
-0.64529,-1.01,1.3676,0.097418,0.00026454,7.0883e-05,1,0,0,0,0,0,0
-0.64174,-1.0158,1.366,0.098229,0.0015467,0.00041444,1,0,0,0,0,0,0
-0.63816,-1.0217,1.3644,0.099036,0.0028649,0.00076765,1,0,0,0,0,0,0
-0.63453,-1.0275,1.3629,0.099838,0.0042196,0.0011306,1,0,0,0,0,0,0
-0.63086,-1.0333,1.3613,0.10064,0.0056112,0.0015035,1,0,0,0,0,0,0
-0.62716,-1.0392,1.3598,0.10143,0.0070402,0.0018864,1,0,0,0,0,0,0
-0.62341,-1.045,1.3582,0.10221,0.0085071,0.0022795,1,0,0,0,0,0,0
-0.61962,-1.0508,1.3566,0.10299,0.010012,0.0026828,1,0,0,0,0,0,0
-0.61579,-1.0566,1.3551,0.10376,0.011556,0.0030964,1,0,0,0,0,0,0
-0.61192,-1.0625,1.3535,0.10452,0.013139,0.0035205,1,0,0,0,0,0,0
-0.608,-1.0683,1.352,0.10527,0.014761,0.0039552,1,0,0,0,0,0,0
-0.60405,-1.0741,1.3504,0.10601,0.016423,0.0044006,1,0,0,0,0,0,0
-0.60005,-1.0799,1.3489,0.10674,0.018126,0.0048567,1,0,0,0,0,0,0
-0.59601,-1.0857,1.3473,0.10746,0.019868,0.0053237,1,0,0,0,0,0,0
-0.59192,-1.0914,1.3458,0.10817,0.021652,0.0058015,1,0,0,0,0,0,0
-0.58779,-1.0972,1.3442,0.10887,0.023476,0.0062904,1,0,0,0,0,0,0
-0.58362,-1.103,1.3427,0.10955,0.025342,0.0067903,1,0,0,0,0,0,0
-0.5794,-1.1087,1.3411,0.11021,0.027249,0.0073014,1,0,0,0,0,0,0
-0.57514,-1.1144,1.3396,0.11087,0.029198,0.0078236,1,0,0,0,0,0,0
-0.57083,-1.1202,1.3381,0.1115,0.031189,0.008357,1,0,0,0,0,0,0
-0.56648,-1.1259,1.3365,0.11212,0.033221,0.0089016,1,0,0,0,0,0,0
-0.56209,-1.1316,1.335,0.11272,0.035296,0.0094575,1,0,0,0,0,0,0
-0.55765,-1.1373,1.3335,0.11331,0.037413,0.010025,1,0,0,0,0,0,0
-0.55316,-1.1429,1.332,0.11387,0.039572,0.010603,1,0,0,0,0,0,0
-0.54863,-1.1486,1.3304,0.11441,0.041773,0.011193,1,0,0,0,0,0,0
-0.54405,-1.1542,1.3289,0.11493,0.044016,0.011794,1,0,0,0,0,0,0
-0.53942,-1.1598,1.3274,0.11543,0.046301,0.012406,1,0,0,0,0,0,0
-0.53475,-1.1654,1.3259,0.11591,0.048628,0.01303,1,0,0,0,0,0,0
-0.53003,-1.171,1.3244,0.11636,0.050996,0.013664,1,0,0,0,0,0,0
-0.52527,-1.1765,1.323,0.11679,0.053406,0.01431,1,0,0,0,0,0,0
-0.52046,-1.1821,1.3215,0.11719,0.055857,0.014967,1,0,0,0,0,0,0
-0.5156,-1.1876,1.32,0.11756,0.058349,0.015634,1,0,0,0,0,0,0
-0.5107,-1.193,1.3185,0.1179,0.060881,0.016313,1,0,0,0,0,0,0
-0.50574,-1.1985,1.3171,0.11822,0.063453,0.017002,1,0,0,0,0,0,0
-0.50074,-1.2039,1.3156,0.1185,0.066065,0.017702,1,0,0,0,0,0,0
-0.4957,-1.2093,1.3142,0.11876,0.068715,0.018412,1,0,0,0,0,0,0
-0.4906,-1.2147,1.3127,0.11898,0.071404,0.019133,1,0,0,0,0,0,0
-0.48546,-1.22,1.3113,0.11917,0.074131,0.019863,1,0,0,0,0,0,0
-0.48027,-1.2254,1.3099,0.11932,0.076894,0.020604,1,0,0,0,0,0,0
-0.47503,-1.2306,1.3085,0.11944,0.079694,0.021354,1,0,0,0,0,0,0
-0.46974,-1.2359,1.307,0.11952,0.082529,0.022113,1,0,0,0,0,0,0
-0.46441,-1.2411,1.3056,0.11956,0.085398,0.022882,1,0,0,0,0,0,0
-0.45903,-1.2463,1.3043,0.11956,0.088301,0.02366,1,0,0,0,0,0,0
-0.4536,-1.2514,1.3029,0.11953,0.091236,0.024447,1,0,0,0,0,0,0
-0.44812,-1.2565,1.3015,0.11945,0.094202,0.025241,1,0,0,0,0,0,0
-0.44259,-1.2616,1.3002,0.11933,0.097199,0.026044,1,0,0,0,0,0,0
-0.43702,-1.2666,1.2988,0.11917,0.10022,0.026855,1,0,0,0,0,0,0
-0.4314,-1.2716,1.2975,0.11897,0.10328,0.027673,1,0,0,0,0,0,0
-0.42573,-1.2765,1.2962,0.11872,0.10636,0.028498,1,0,0,0,0,0,0
-0.42002,-1.2814,1.2948,0.11842,0.10946,0.029329,1,0,0,0,0,0,0
-0.41426,-1.2863,1.2935,0.11808,0.11259,0.030167,1,0,0,0,0,0,0
-0.40845,-1.2911,1.2923,0.11769,0.11573,0.031011,1,0,0,0,0,0,0
-0.40259,-1.2958,1.291,0.11725,0.1189,0.03186,1,0,0,0,0,0,0
-0.39669,-1.3006,1.2897,0.11676,0.12209,0.032713,1,0,0,0,0,0,0
-0.39074,-1.3052,1.2885,0.11622,0.12529,0.033571,1,0,0,0,0,0,0
-0.38474,-1.3098,1.2872,0.11563,0.12851,0.034433,1,0,0,0,0,0,0
-0.3787,-1.3144,1.286,0.11499,0.13174,0.035298,1,0,0,0,0,0,0
-0.37261,-1.3189,1.2848,0.1143,0.13497,0.036166,1,0,0,0,0,0,0
-0.36648,-1.3233,1.2836,0.11355,0.13822,0.037037,1,0,0,0,0,0,0
-0.3603,-1.3277,1.2824,0.11275,0.14148,0.037908,1,0,0,0,0,0,0
-0.35408,-1.332,1.2813,0.11189,0.14473,0.038781,1,0,0,0,0,0,0
-0.34781,-1.3363,1.2801,0.11098,0.14799,0.039655,1,0,0,0,0,0,0
-0.3415,-1.3405,1.279,0.11001,0.15125,0.040528,1,0,0,0,0,0,0
-0.33514,-1.3447,1.2779,0.10899,0.15451,0.0414,1,0,0,0,0,0,0
-0.32875,-1.3488,1.2768,0.1079,0.15776,0.042271,1,0,0,0,0,0,0
-0.3223,-1.3528,1.2757,0.10676,0.161,0.043139,1,0,0,0,0,0,0
-0.31582,-1.3568,1.2747,0.10557,0.16423,0.044005,1,0,0,0,0,0,0
-0.3093,-1.3606,1.2736,0.10431,0.16745,0.044867,1,0,0,0,0,0,0
-0.30273,-1.3645,1.2726,0.103,0.17065,0.045725,1,0,0,0,0,0,0
-0.29612,-1.3682,1.2716,0.10163,0.17383,0.046577,1,0,0,0,0,0,0
-0.28948,-1.3719,1.2706,0.1002,0.17699,0.047424,1,0,0,0,0,0,0
-0.28279,-1.3755,1.2696,0.098712,0.18013,0.048264,1,0,0,0,0,0,0
-0.27607,-1.379,1.2687,0.097166,0.18323,0.049097,1,0,0,0,0,0,0
-0.2693,-1.3825,1.2678,0.095561,0.18631,0.049922,1,0,0,0,0,0,0
-0.2625,-1.3859,1.2669,0.093898,0.18936,0.050739,1,0,0,0,0,0,0
-0.25567,-1.3892,1.266,0.092178,0.19237,0.051545,1,0,0,0,0,0,0
-0.24879,-1.3924,1.2651,0.0904,0.19534,0.052341,1,0,0,0,0,0,0
-0.24188,-1.3956,1.2643,0.088565,0.19827,0.053126,1,0,0,0,0,0,0
-0.23494,-1.3987,1.2634,0.086673,0.20116,0.053899,1,0,0,0,0,0,0
-0.22796,-1.4016,1.2626,0.084725,0.20399,0.05466,1,0,0,0,0,0,0
-0.22095,-1.4045,1.2619,0.082722,0.20678,0.055406,1,0,0,0,0,0,0
-0.21391,-1.4074,1.2611,0.080663,0.20951,0.056139,1,0,0,0,0,0,0
-0.20683,-1.4101,1.2604,0.078551,0.21219,0.056856,1,0,0,0,0,0,0
-0.19973,-1.4128,1.2597,0.076386,0.21481,0.057558,1,0,0,0,0,0,0
-0.19259,-1.4153,1.259,0.074169,0.21736,0.058243,1,0,0,0,0,0,0
-0.18543,-1.4178,1.2583,0.0719,0.21986,0.05891,1,0,0,0,0,0,0
-0.17824,-1.4202,1.2577,0.069581,0.22228,0.059559,1,0,0,0,0,0,0
-0.17102,-1.4225,1.257,0.067214,0.22463,0.06019,1,0,0,0,0,0,0
-0.16377,-1.4247,1.2565,0.064799,0.22691,0.060801,1,0,0,0,0,0,0
-0.15651,-1.4268,1.2559,0.062337,0.22912,0.061392,1,0,0,0,0,0,0
-0.14921,-1.4288,1.2553,0.059831,0.23124,0.061961,1,0,0,0,0,0,0
-0.1419,-1.4308,1.2548,0.057281,0.23329,0.062509,1,0,0,0,0,0,0
-0.13456,-1.4326,1.2543,0.05469,0.23525,0.063035,1,0,0,0,0,0,0
-0.1272,-1.4343,1.2539,0.052058,0.23713,0.063538,1,0,0,0,0,0,0
-0.11982,-1.436,1.2534,0.049388,0.23892,0.064017,1,0,0,0,0,0,0
-0.11242,-1.4375,1.253,0.04668,0.24062,0.064473,1,0,0,0,0,0,0
-0.10501,-1.439,1.2526,0.043938,0.24222,0.064903,1,0,0,0,0,0,0
-0.097579,-1.4403,1.2523,0.041163,0.24374,0.065309,1,0,0,0,0,0,0
-0.090132,-1.4416,1.2519,0.038357,0.24515,0.065688,1,0,0,0,0,0,0
-0.082672,-1.4428,1.2516,0.035521,0.24647,0.066042,1,0,0,0,0,0,0
-0.075198,-1.4438,1.2513,0.032658,0.24769,0.066369,1,0,0,0,0,0,0
-0.067712,-1.4448,1.2511,0.02977,0.24881,0.066669,1,0,0,0,0,0,0
-0.060216,-1.4456,1.2508,0.02686,0.24983,0.066941,1,0,0,0,0,0,0
-0.05271,-1.4464,1.2506,0.023928,0.25074,0.067186,1,0,0,0,0,0,0
-0.045196,-1.4471,1.2505,0.020978,0.25155,0.067403,1,0,0,0,0,0,0
-0.037674,-1.4476,1.2503,0.018012,0.25225,0.067591,1,0,0,0,0,0,0
-0.030146,-1.4481,1.2502,0.015031,0.25285,0.067751,1,0,0,0,0,0,0
-0.022614,-1.4484,1.2501,0.012039,0.25334,0.067882,1,0,0,0,0,0,0
-0.015078,-1.4487,1.25,0.0090376,0.25372,0.067984,1,0,0,0,0,0,0
-0.0075396,-1.4488,1.25,0.006029,0.25399,0.068058,1,0,0,0,0,0,0
-2.7555e-16,-1.4489,1.25,0.0030157,0.25416,0.068101,1,0,0,0,0,0,0
