0,0,1,0,0,0,0,0,0,1,0,0,0,0,0,0
0.0025848,0,1,0.12924,0,0,6.4621,0,0,1,0,0,0,0,0,0
0.0053384,0,1,0.13768,0,0,0.42188,0,0,1,0,0,0,0,0,0
0.0082564,0,1,0.1459,0,0,0.41091,0,0,1,0,0,0,0,0,0
0.011334,0,1,0.1539,0,0,0.39995,0,0,1,0,0,0,0,0,0
0.014568,0,1,0.16168,0,0,0.38898,0,0,1,0,0,0,0,0,0
0.017953,0,1,0.16924,0,0,0.37802,0,0,1,0,0,0,0,0,0
0.021484,0,1,0.17658,0,0,0.36705,0,0,1,0,0,0,0,0,0
0.025158,0,1,0.1837,0,0,0.35609,0,0,1,0,0,0,0,0,0
0.02897,0,1,0.1906,0,0,0.34512,0,0,1,0,0,0,0,0,0
0.032916,0,1,0.19729,0,0,0.33416,0,0,1,0,0,0,0,0,0
0.036991,0,1,0.20375,0,0,0.3232,0,0,1,0,0,0,0,0,0
0.041191,0,1,0.20999,0,0,0.31223,0,0,1,0,0,0,0,0,0
0.045511,0,1,0.21602,0,0,0.30127,0,0,1,0,0,0,0,0,0
0.049948,0,1,0.22183,0,0,0.2903,0,0,1,0,0,0,0,0,0
0.054496,0,1,0.22741,0,0,0.27934,0,0,1,0,0,0,0,0,0
0.059152,0,1,0.23278,0,0,0.26837,0,0,1,0,0,0,0,0,0
0.06391,0,1,0.23793,0,0,0.25741,0,0,1,0,0,0,0,0,0
0.068767,0,1,0.24286,0,0,0.24644,0,0,1,0,0,0,0,0,0
0.073719,0,1,0.24757,0,0,0.23548,0,0,1,0,0,0,0,0,0
0.07876,0,1,0.25206,0,0,0.22452,0,0,1,0,0,0,0,0,0
0.083886,0,1,0.25633,0,0,0.21355,0,0,1,0,0,0,0,0,0
0.089094,0,1,0.26038,0,0,0.20259,0,0,1,0,0,0,0,0,0
0.094378,0,1,0.26421,0,0,0.19162,0,0,1,0,0,0,0,0,0
0.099735,0,1,0.26783,0,0,0.18066,0,0,1,0,0,0,0,0,0
0.10516,0,1,0.27122,0,0,0.16969,0,0,1,0,0,0,0,0,0
0.11065,0,1,0.27439,0,0,0.15873,0,0,1,0,0,0,0,0,0
0.11619,0,1,0.27735,0,0,0.14776,0,0,1,0,0,0,0,0,0
0.1218,0,1,0.28008,0,0,0.1368,0,0,1,0,0,0,0,0,0
0.12745,0,1,0.2826,0,0,0.12583,0,0,1,0,0,0,0,0,0
0.13315,0,1,0.2849,0,0,0.11487,0,0,1,0,0,0,0,0,0
0.13889,0,1,0.28698,0,0,0.10391,0,0,1,0,0,0,0,0,0
0.14466,0,1,0.28884,0,0,0.092941,0,0,1,0,0,0,0,0,0
0.15047,0,1,0.29048,0,0,0.081976,0,0,1,0,0,0,0,0,0
0.15631,0,1,0.2919,0,0,0.071012,0,0,1,0,0,0,0,0,0
0.16217,0,1,0.2931,0,0,0.060047,0,0,1,0,0,0,0,0,0
0.16805,0,1,0.29408,0,0,0.049083,0,0,1,0,0,0,0,0,0
0.17395,0,1,0.29484,0,0,0.038118,0,0,1,0,0,0,0,0,0
0.17986,0,1,0.29538,0,0,0.027153,0,0,1,0,0,0,0,0,0
0.18577,0,1,0.29571,0,0,0.016189,0,0,1,0,0,0,0,0,0
0.19169,0,1,0.29581,0,0,0.0052244,0,0,1,0,0,0,0,0,0
0.1976,0,1,0.2957,0,0,-0.0057401,0,0,1,0,0,0,0,0,0
0.20351,0,1,0.29536,0,0,-0.016705,0,0,1,0,0,0,0,0,0
0.2094,0,1,0.29481,0,0,-0.027669,0,0,1,0,0,0,0,0,0
0.21529,0,1,0.29404,0,0,-0.038634,0,0,1,0,0,0,0,0,0
0.22115,0,1,0.29304,0,0,-0.049598,0,0,1,0,0,0,0,0,0
0.22698,0,1,0.29183,0,0,-0.060563,0,0,1,0,0,0,0,0,0
0.23279,0,1,0.2904,0,0,-0.071527,0,0,1,0,0,0,0,0,0
0.23857,0,1,0.28875,0,0,-0.082492,0,0,1,0,0,0,0,0,0
0.2443,0,1,0.28688,0,0,-0.093456,0,0,1,0,0,0,0,0,0
0.25,0,1,0.2848,0,0,-0.10442,0,0,1,0,0,0,0,0,0
0.25565,0,1,0.28253,0,0,-0.11308,0,0,1,0,0,0,0,0,0
0.26126,0,1,0.28028,0,0,-0.1125,0,0,1,0,0,0,0,0,0
0.26682,0,1,0.27809,0,0,-0.10962,0,0,1,0,0,0,0,0,0
0.27234,0,1,0.27596,0,0,-0.10674,0,0,1,0,0,0,0,0,0
0.27781,0,1,0.27388,0,0,-0.10386,0,0,1,0,0,0,0,0,0
0.28325,0,1,0.27186,0,0,-0.10098,0,0,1,0,0,0,0,0,0
0.28865,0,1,0.2699,0,0,-0.098095,0,0,1,0,0,0,0,0,0
0.29401,0,1,0.26799,0,0,-0.095213,0,0,1,0,0,0,0,0,0
0.29933,0,1,0.26615,0,0,-0.092332,0,0,1,0,0,0,0,0,0
0.30462,0,1,0.26436,0,0,-0.08945,0,0,1,0,0,0,0,0,0
0.30987,0,1,0.26263,0,0,-0.086568,0,0,1,0,0,0,0,0,0
0.31509,0,1,0.26095,0,0,-0.083687,0,0,1,0,0,0,0,0,0
0.32028,0,1,0.25934,0,0,-0.080805,0,0,1,0,0,0,0,0,0
0.32543,0,1,0.25778,0,0,-0.077923,0,0,1,0,0,0,0,0,0
0.33056,0,1,0.25628,0,0,-0.075041,0,0,1,0,0,0,0,0,0
0.33566,0,1,0.25483,0,0,-0.07216,0,0,1,0,0,0,0,0,0
0.34073,0,1,0.25345,0,0,-0.069278,0,0,1,0,0,0,0,0,0
0.34577,0,1,0.25212,0,0,-0.066396,0,0,1,0,0,0,0,0,0
0.35078,0,1,0.25085,0,0,-0.063514,0,0,1,0,0,0,0,0,0
0.35578,0,1,0.24964,0,0,-0.060633,0,0,1,0,0,0,0,0,0
0.36075,0,1,0.24848,0,0,-0.057751,0,0,1,0,0,0,0,0,0
0.36569,0,1,0.24739,0,0,-0.054869,0,0,1,0,0,0,0,0,0
0.37062,0,1,0.24635,0,0,-0.051988,0,0,1,0,0,0,0,0,0
0.37553,0,1,0.24536,0,0,-0.049106,0,0,1,0,0,0,0,0,0
0.38042,0,1,0.24444,0,0,-0.046224,0,0,1,0,0,0,0,0,0
0.38529,0,1,0.24357,0,0,-0.043342,0,0,1,0,0,0,0,0,0
0.39014,0,1,0.24276,0,0,-0.040461,0,0,1,0,0,0,0,0,0
0.39498,0,1,0.24201,0,0,-0.037579,0,0,1,0,0,0,0,0,0
0.39981,0,1,0.24132,0,0,-0.034697,0,0,1,0,0,0,0,0,0
0.40462,0,1,0.24068,0,0,-0.031816,0,0,1,0,0,0,0,0,0
0.40943,0,1,0.2401,0,0,-0.028934,0,0,1,0,0,0,0,0,0
0.41422,0,1,0.23958,0,0,-0.026052,0,0,1,0,0,0,0,0,0
0.419,0,1,0.23912,0,0,-0.02317,0,0,1,0,0,0,0,0,0
0.42378,0,1,0.23871,0,0,-0.020289,0,0,1,0,0,0,0,0,0
0.42854,0,1,0.23836,0,0,-0.017407,0,0,1,0,0,0,0,0,0
0.4333,0,1,0.23807,0,0,-0.014525,0,0,1,0,0,0,0,0,0
0.43806,0,1,0.23784,0,0,-0.011643,0,0,1,0,0,0,0,0,0
0.44281,0,1,0.23767,0,0,-0.0087617,0,0,1,0,0,0,0,0,0
0.44756,0,1,0.23755,0,0,-0.00588,0,0,1,0,0,0,0,0,0
0.45231,0,1,0.23749,0,0,-0.0029983,0,0,1,0,0,0,0,0,0
0.45706,0,1,0.23749,0,0,-0.00011658,0,0,1,0,0,0,0,0,0
0.46182,0,1,0.23754,0,0,0.0027651,0,0,1,0,0,0,0,0,0
0.46657,0,1,0.23765,0,0,0.0056469,0,0,1,0,0,0,0,0,0
0.47132,0,1,0.23782,0,0,0.0085286,0,0,1,0,0,0,0,0,0
0.47609,0,1,0.23805,0,0,0.01141,0,0,1,0,0,0,0,0,0
0.48085,0,1,0.23834,0,0,0.014292,0,0,1,0,0,0,0,0,0
0.48563,0,1,0.23868,0,0,0.017174,0,0,1,0,0,0,0,0,0
0.49041,0,1,0.23908,0,0,0.020055,0,0,1,0,0,0,0,0,0
0.4952,0,1,0.23954,0,0,0.022937,0,0,1,0,0,0,0,0,0
0.5,0,1,0.24006,0,0,0.025819,0,0,1,0,0,0,0,0,0
0.50481,0,1,0.24062,0,0,0.028127,0,0,1,0,0,0,0,0,0
0.50964,0,1,0.24118,0,0,0.028138,0,0,1,0,0,0,0,0,0
0.51447,0,1,0.24174,0,0,0.027576,0,0,1,0,0,0,0,0,0
0.51932,0,1,0.24228,0,0,0.027014,0,0,1,0,0,0,0,0,0
0.52417,0,1,0.2428,0,0,0.026451,0,0,1,0,0,0,0,0,0
0.52904,0,1,0.24332,0,0,0.025889,0,0,1,0,0,0,0,0,0
0.53392,0,1,0.24383,0,0,0.025327,0,0,1,0,0,0,0,0,0
0.5388,0,1,0.24432,0,0,0.024764,0,0,1,0,0,0,0,0,0
0.5437,0,1,0.24481,0,0,0.024202,0,0,1,0,0,0,0,0,0
0.5486,0,1,0.24528,0,0,0.023639,0,0,1,0,0,0,0,0,0
0.55352,0,1,0.24574,0,0,0.023077,0,0,1,0,0,0,0,0,0
0.55844,0,1,0.24619,0,0,0.022515,0,0,1,0,0,0,0,0,0
0.56338,0,1,0.24663,0,0,0.021952,0,0,1,0,0,0,0,0,0
0.56832,0,1,0.24706,0,0,0.02139,0,0,1,0,0,0,0,0,0
0.57327,0,1,0.24748,0,0,0.020828,0,0,1,0,0,0,0,0,0
0.57822,0,1,0.24788,0,0,0.020265,0,0,1,0,0,0,0,0,0
0.58319,0,1,0.24828,0,0,0.019703,0,0,1,0,0,0,0,0,0
0.58816,0,1,0.24866,0,0,0.019141,0,0,1,0,0,0,0,0,0
0.59314,0,1,0.24903,0,0,0.018578,0,0,1,0,0,0,0,0,0
0.59813,0,1,0.24939,0,0,0.018016,0,0,1,0,0,0,0,0,0
0.60313,0,1,0.24974,0,0,0.017454,0,0,1,0,0,0,0,0,0
0.60813,0,1,0.25008,0,0,0.016891,0,0,1,0,0,0,0,0,0
0.61313,0,1,0.2504,0,0,0.016329,0,0,1,0,0,0,0,0,0
0.61815,0,1,0.25072,0,0,0.015766,0,0,1,0,0,0,0,0,0
0.62317,0,1,0.25102,0,0,0.015204,0,0,1,0,0,0,0,0,0
0.6282,0,1,0.25132,0,0,0.014642,0,0,1,0,0,0,0,0,0
0.63323,0,1,0.2516,0,0,0.014079,0,0,1,0,0,0,0,0,0
0.63827,0,1,0.25187,0,0,0.013517,0,0,1,0,0,0,0,0,0
0.64331,0,1,0.25213,0,0,0.012955,0,0,1,0,0,0,0,0,0
0.64836,0,1,0.25237,0,0,0.012392,0,0,1,0,0,0,0,0,0
0.65341,0,1,0.25261,0,0,0.01183,0,0,1,0,0,0,0,0,0
0.65846,0,1,0.25284,0,0,0.011268,0,0,1,0,0,0,0,0,0
0.66353,0,1,0.25305,0,0,0.010705,0,0,1,0,0,0,0,0,0
0.66859,0,1,0.25325,0,0,0.010143,0,0,1,0,0,0,0,0,0
0.67366,0,1,0.25345,0,0,0.0095806,0,0,1,0,0,0,0,0,0
0.67873,0,1,0.25363,0,0,0.0090182,0,0,1,0,0,0,0,0,0
0.68381,0,1,0.25379,0,0,0.0084559,0,0,1,0,0,0,0,0,0
0.68889,0,1,0.25395,0,0,0.0078935,0,0,1,0,0,0,0,0,0
0.69397,0,1,0.2541,0,0,0.0073312,0,0,1,0,0,0,0,0,0
0.69905,0,1,0.25423,0,0,0.0067688,0,0,1,0,0,0,0,0,0
0.70414,0,1,0.25436,0,0,0.0062065,0,0,1,0,0,0,0,0,0
0.70923,0,1,0.25447,0,0,0.0056441,0,0,1,0,0,0,0,0,0
0.71432,0,1,0.25457,0,0,0.0050818,0,0,1,0,0,0,0,0,0
0.71941,0,1,0.25466,0,0,0.0045194,0,0,1,0,0,0,0,0,0
0.72451,0,1,0.25474,0,0,0.003957,0,0,1,0,0,0,0,0,0
0.72961,0,1,0.25481,0,0,0.0033947,0,0,1,0,0,0,0,0,0
0.7347,0,1,0.25487,0,0,0.0028323,0,0,1,0,0,0,0,0,0
0.7398,0,1,0.25491,0,0,0.00227,0,0,1,0,0,0,0,0,0
0.7449,0,1,0.25495,0,0,0.0017076,0,0,1,0,0,0,0,0,0
0.75,0,1,0.25497,0,0,0.0011453,0,0,1,0,0,0,0,0,0
0.7551,0,1,0.25498,0,0,0.00057126,0,0,1,0,0,0,0,0,0
0.7602,0,1,0.25498,0,0,-4.9386e-05,0,0,1,0,0,0,0,0,0
0.7653,0,1,0.25497,0,0,-0.00068169,0,0,1,0,0,0,0,0,0
0.7704,0,1,0.25494,0,0,-0.001314,0,0,1,0,0,0,0,0,0
0.7755,0,1,0.2549,0,0,-0.0019463,0,0,1,0,0,0,0,0,0
0.78059,0,1,0.25485,0,0,-0.0025786,0,0,1,0,0,0,0,0,0
0.78569,0,1,0.25479,0,0,-0.0032109,0,0,1,0,0,0,0,0,0
0.79078,0,1,0.25471,0,0,-0.0038432,0,0,1,0,0,0,0,0,0
0.79587,0,1,0.25462,0,0,-0.0044755,0,0,1,0,0,0,0,0,0
0.80097,0,1,0.25452,0,0,-0.0051078,0,0,1,0,0,0,0,0,0
0.80605,0,1,0.2544,0,0,-0.0057401,0,0,1,0,0,0,0,0,0
0.81114,0,1,0.25428,0,0,-0.0063724,0,0,1,0,0,0,0,0,0
0.81622,0,1,0.25413,0,0,-0.0070047,0,0,1,0,0,0,0,0,0
0.8213,0,1,0.25398,0,0,-0.007637,0,0,1,0,0,0,0,0,0
0.82638,0,1,0.25382,0,0,-0.0082693,0,0,1,0,0,0,0,0,0
0.83145,0,1,0.25364,0,0,-0.0089017,0,0,1,0,0,0,0,0,0
0.83652,0,1,0.25345,0,0,-0.009534,0,0,1,0,0,0,0,0,0
0.84158,0,1,0.25324,0,0,-0.010166,0,0,1,0,0,0,0,0,0
0.84664,0,1,0.25303,0,0,-0.010799,0,0,1,0,0,0,0,0,0
0.8517,0,1,0.2528,0,0,-0.011431,0,0,1,0,0,0,0,0,0
0.85675,0,1,0.25256,0,0,-0.012063,0,0,1,0,0,0,0,0,0
0.8618,0,1,0.25231,0,0,-0.012695,0,0,1,0,0,0,0,0,0
0.86684,0,1,0.25204,0,0,-0.013328,0,0,1,0,0,0,0,0,0
0.87187,0,1,0.25176,0,0,-0.01396,0,0,1,0,0,0,0,0,0
0.8769,0,1,0.25147,0,0,-0.014592,0,0,1,0,0,0,0,0,0
0.88193,0,1,0.25116,0,0,-0.015225,0,0,1,0,0,0,0,0,0
0.88694,0,1,0.25085,0,0,-0.015857,0,0,1,0,0,0,0,0,0
0.89195,0,1,0.25052,0,0,-0.016489,0,0,1,0,0,0,0,0,0
0.89696,0,1,0.25017,0,0,-0.017122,0,0,1,0,0,0,0,0,0
0.90195,0,1,0.24982,0,0,-0.017754,0,0,1,0,0,0,0,0,0
0.90694,0,1,0.24945,0,0,-0.018386,0,0,1,0,0,0,0,0,0
0.91192,0,1,0.24907,0,0,-0.019019,0,0,1,0,0,0,0,0,0
0.9169,0,1,0.24868,0,0,-0.019651,0,0,1,0,0,0,0,0,0
0.92186,0,1,0.24827,0,0,-0.020283,0,0,1,0,0,0,0,0,0
0.92682,0,1,0.24785,0,0,-0.020915,0,0,1,0,0,0,0,0,0
0.93177,0,1,0.24742,0,0,-0.021548,0,0,1,0,0,0,0,0,0
0.93671,0,1,0.24698,0,0,-0.02218,0,0,1,0,0,0,0,0,0
0.94164,0,1,0.24652,0,0,-0.022812,0,0,1,0,0,0,0,0,0
0.94656,0,1,0.24605,0,0,-0.023445,0,0,1,0,0,0,0,0,0
0.95147,0,1,0.24557,0,0,-0.024077,0,0,1,0,0,0,0,0,0
0.95637,0,1,0.24508,0,0,-0.024709,0,0,1,0,0,0,0,0,0
0.96126,0,1,0.24457,0,0,-0.025342,0,0,1,0,0,0,0,0,0
0.96614,0,1,0.24405,0,0,-0.025974,0,0,1,0,0,0,0,0,0
0.97102,0,1,0.24352,0,0,-0.026606,0,0,1,0,0,0,0,0,0
0.97587,0,1,0.24297,0,0,-0.027238,0,0,1,0,0,0,0,0,0
0.98072,0,1,0.24242,0,0,-0.027871,0,0,1,0,0,0,0,0,0
0.98556,0,1,0.24185,0,0,-0.028503,0,0,1,0,0,0,0,0,0
0.99039,0,1,0.24126,0,0,-0.029135,0,0,1,0,0,0,0,0,0
0.9952,0,1,0.24067,0,0,-0.029768,0,0,1,0,0,0,0,0,0
1,0,1,0.24006,0,0,-0.0304,0,0,1,0,0,0,0,0,0
1.0048,0,1,0.23945,0,0,-0.030412,0,0,1,0,0,0,0,0,0
1.0096,0,1,0.23889,0,0,-0.027941,0,0,1,0,0,0,0,0,0
1.0143,0,1,0.2384,0,0,-0.024849,0,0,1,0,0,0,0,0,0
1.0191,0,1,0.23796,0,0,-0.021758,0,0,1,0,0,0,0,0,0
1.0238,0,1,0.23759,0,0,-0.018666,0,0,1,0,0,0,0,0,0
1.0286,0,1,0.23728,0,0,-0.015574,0,0,1,0,0,0,0,0,0
1.0333,0,1,0.23703,0,0,-0.012483,0,0,1,0,0,0,0,0,0
1.0381,0,1,0.23684,0,0,-0.0093913,0,0,1,0,0,0,0,0,0
1.0428,0,1,0.23671,0,0,-0.0062997,0,0,1,0,0,0,0,0,0
1.0475,0,1,0.23665,0,0,-0.0032082,0,0,1,0,0,0,0,0,0
1.0523,0,1,0.23665,0,0,-0.00011658,0,0,1,0,0,0,0,0,0
1.057,0,1,0.23671,0,0,0.002975,0,0,1,0,0,0,0,0,0
1.0617,0,1,0.23683,0,0,0.0060666,0,0,1,0,0,0,0,0,0
1.0665,0,1,0.23701,0,0,0.0091581,0,0,1,0,0,0,0,0,0
1.0712,0,1,0.23726,0,0,0.01225,0,0,1,0,0,0,0,0,0
1.076,0,1,0.23756,0,0,0.015341,0,0,1,0,0,0,0,0,0
1.0807,0,1,0.23793,0,0,0.018433,0,0,1,0,0,0,0,0,0
1.0855,0,1,0.23836,0,0,0.021524,0,0,1,0,0,0,0,0,0
1.0903,0,1,0.23885,0,0,0.024616,0,0,1,0,0,0,0,0,0
1.0951,0,1,0.23941,0,0,0.027708,0,0,1,0,0,0,0,0,0
1.0999,0,1,0.24002,0,0,0.030799,0,0,1,0,0,0,0,0,0
1.1047,0,1,0.2407,0,0,0.033891,0,0,1,0,0,0,0,0,0
1.1095,0,1,0.24144,0,0,0.036982,0,0,1,0,0,0,0,0,0
1.1144,0,1,0.24224,0,0,0.040074,0,0,1,0,0,0,0,0,0
1.1192,0,1,0.24311,0,0,0.043165,0,0,1,0,0,0,0,0,0
1.1241,0,1,0.24403,0,0,0.046257,0,0,1,0,0,0,0,0,0
1.129,0,1,0.24502,0,0,0.049349,0,0,1,0,0,0,0,0,0
1.1339,0,1,0.24607,0,0,0.05244,0,0,1,0,0,0,0,0,0
1.1389,0,1,0.24718,0,0,0.055532,0,0,1,0,0,0,0,0,0
1.1438,0,1,0.24835,0,0,0.058623,0,0,1,0,0,0,0,0,0
1.1488,0,1,0.24959,0,0,0.061715,0,0,1,0,0,0,0,0,0
1.1538,0,1,0.25088,0,0,0.064806,0,0,1,0,0,0,0,0,0
1.1589,0,1,0.25224,0,0,0.067898,0,0,1,0,0,0,0,0,0
1.164,0,1,0.25366,0,0,0.07099,0,0,1,0,0,0,0,0,0
1.1691,0,1,0.25514,0,0,0.074081,0,0,1,0,0,0,0,0,0
1.1742,0,1,0.25668,0,0,0.077173,0,0,1,0,0,0,0,0,0
1.1794,0,1,0.25829,0,0,0.080264,0,0,1,0,0,0,0,0,0
1.1846,0,1,0.25996,0,0,0.083356,0,0,1,0,0,0,0,0,0
1.1898,0,1,0.26169,0,0,0.086447,0,0,1,0,0,0,0,0,0
1.1951,0,1,0.26348,0,0,0.089539,0,0,1,0,0,0,0,0,0
1.2004,0,1,0.26533,0,0,0.092631,0,0,1,0,0,0,0,0,0
1.2057,0,1,0.26724,0,0,0.095722,0,0,1,0,0,0,0,0,0
1.2111,0,1,0.26922,0,0,0.098814,0,0,1,0,0,0,0,0,0
1.2165,0,1,0.27126,0,0,0.10191,0,0,1,0,0,0,0,0,0
1.222,0,1,0.27336,0,0,0.105,0,0,1,0,0,0,0,0,0
1.2275,0,1,0.27552,0,0,0.10809,0,0,1,0,0,0,0,0,0
1.2331,0,1,0.27774,0,0,0.11118,0,0,1,0,0,0,0,0,0
1.2387,0,1,0.28003,0,0,0.11427,0,0,1,0,0,0,0,0,0
1.2443,0,1,0.28238,0,0,0.11736,0,0,1,0,0,0,0,0,0
1.25,0,1,0.28478,0,0,0.12045,0,0,1,0,0,0,0,0,0
1.2557,0,1,0.28721,0,0,0.12108,0,0,1,0,0,0,0,0,0
1.2615,0,1,0.28944,0,0,0.11181,0,0,1,0,0,0,0,0,0
1.2674,0,1,0.29144,0,0,0.10008,0,0,1,0,0,0,0,0,0
1.2732,0,1,0.29321,0,0,0.088344,0,0,1,0,0,0,0,0,0
1.2791,0,1,0.29474,0,0,0.07661,0,0,1,0,0,0,0,0,0
1.285,0,1,0.29604,0,0,0.064876,0,0,1,0,0,0,0,0,0
1.291,0,1,0.2971,0,0,0.053142,0,0,1,0,0,0,0,0,0
1.2969,0,1,0.29793,0,0,0.041408,0,0,1,0,0,0,0,0,0
1.3029,0,1,0.29853,0,0,0.029674,0,0,1,0,0,0,0,0,0
1.3089,0,1,0.29888,0,0,0.01794,0,0,1,0,0,0,0,0,0
1.3149,0,1,0.29901,0,0,0.0062065,0,0,1,0,0,0,0,0,0
1.3208,0,1,0.2989,0,0,-0.0055275,0,0,1,0,0,0,0,0,0
1.3268,0,1,0.29855,0,0,-0.017262,0,0,1,0,0,0,0,0,0
1.3328,0,1,0.29797,0,0,-0.028995,0,0,1,0,0,0,0,0,0
1.3387,0,1,0.29716,0,0,-0.040729,0,0,1,0,0,0,0,0,0
1.3446,0,1,0.29611,0,0,-0.052463,0,0,1,0,0,0,0,0,0
1.3505,0,1,0.29482,0,0,-0.064197,0,0,1,0,0,0,0,0,0
1.3564,0,1,0.29331,0,0,-0.075931,0,0,1,0,0,0,0,0,0
1.3622,0,1,0.29155,0,0,-0.087665,0,0,1,0,0,0,0,0,0
1.368,0,1,0.28956,0,0,-0.099399,0,0,1,0,0,0,0,0,0
1.3738,0,1,0.28734,0,0,-0.11113,0,0,1,0,0,0,0,0,0
1.3795,0,1,0.28488,0,0,-0.12287,0,0,1,0,0,0,0,0,0
1.3851,0,1,0.28219,0,0,-0.1346,0,0,1,0,0,0,0,0,0
1.3907,0,1,0.27927,0,0,-0.14634,0,0,1,0,0,0,0,0,0
1.3962,0,1,0.2761,0,0,-0.15807,0,0,1,0,0,0,0,0,0
1.4017,0,1,0.27271,0,0,-0.1698,0,0,1,0,0,0,0,0,0
1.4071,0,1,0.26908,0,0,-0.18154,0,0,1,0,0,0,0,0,0
1.4124,0,1,0.26521,0,0,-0.19327,0,0,1,0,0,0,0,0,0
1.4176,0,1,0.26111,0,0,-0.20501,0,0,1,0,0,0,0,0,0
1.4227,0,1,0.25678,0,0,-0.21674,0,0,1,0,0,0,0,0,0
1.4278,0,1,0.25221,0,0,-0.22847,0,0,1,0,0,0,0,0,0
1.4327,0,1,0.2474,0,0,-0.24021,0,0,1,0,0,0,0,0,0
1.4376,0,1,0.24237,0,0,-0.25194,0,0,1,0,0,0,0,0,0
1.4423,0,1,0.23709,0,0,-0.26368,0,0,1,0,0,0,0,0,0
1.4469,0,1,0.23158,0,0,-0.27541,0,0,1,0,0,0,0,0,0
1.4515,0,1,0.22584,0,0,-0.28714,0,0,1,0,0,0,0,0,0
1.4559,0,1,0.21986,0,0,-0.29888,0,0,1,0,0,0,0,0,0
1.4601,0,1,0.21365,0,0,-0.31061,0,0,1,0,0,0,0,0,0
1.4643,0,1,0.2072,0,0,-0.32235,0,0,1,0,0,0,0,0,0
1.4683,0,1,0.20052,0,0,-0.33408,0,0,1,0,0,0,0,0,0
1.4721,0,1,0.19361,0,0,-0.34581,0,0,1,0,0,0,0,0,0
1.4759,0,1,0.18646,0,0,-0.35755,0,0,1,0,0,0,0,0,0
1.4795,0,1,0.17907,0,0,-0.36928,0,0,1,0,0,0,0,0,0
1.4829,0,1,0.17145,0,0,-0.38102,0,0,1,0,0,0,0,0,0
1.4862,0,1,0.16359,0,0,-0.39275,0,0,1,0,0,0,0,0,0
1.4893,0,1,0.1555,0,0,-0.40448,0,0,1,0,0,0,0,0,0
1.4922,0,1,0.14718,0,0,-0.41622,0,0,1,0,0,0,0,0,0
1.495,0,1,0.13862,0,0,-0.42795,0,0,1,0,0,0,0,0,0
1.4976,0,1,0.12983,0,0,-0.43968,0,0,1,0,0,0,0,0,0
1.5,0,1,0.1208,0,0,-0.45142,0,0,1,0,0,0,0,0,0
1.5022,0,1,0.11162,0,0,-0.45889,0,0,1,0,0,0,0,0,0
1.5043,0,1,0.10264,0,0,-0.44931,0,0,1,0,0,0,0,0,0
1.5062,0,1,0.093926,0,0,-0.43546,0,0,1,0,0,0,0,0,0
1.5079,0,1,0.085493,0,0,-0.42162,0,0,1,0,0,0,0,0,0
1.5094,0,1,0.077338,0,0,-0.40778,0,0,1,0,0,0,0,0,0
1.5108,0,1,0.069459,0,0,-0.39393,0,0,1,0,0,0,0,0,0
1.512,0,1,0.061858,0,0,-0.38009,0,0,1,0,0,0,0,0,0
1.5131,0,1,0.054533,0,0,-0.36624,0,0,1,0,0,0,0,0,0
1.5141,0,1,0.047485,0,0,-0.3524,0,0,1,0,0,0,0,0,0
1.5149,0,1,0.040714,0,0,-0.33855,0,0,1,0,0,0,0,0,0
1.5156,0,1,0.03422,0,0,-0.32471,0,0,1,0,0,0,0,0,0
1.5161,0,1,0.028002,0,0,-0.31086,0,0,1,0,0,0,0,0,0
1.5166,0,1,0.022062,0,0,-0.29702,0,0,1,0,0,0,0,0,0
1.5169,0,1,0.016398,0,0,-0.28318,0,0,1,0,0,0,0,0,0
1.5171,0,1,0.011012,0,0,-0.26933,0,0,1,0,0,0,0,0,0
1.5173,0,1,0.0059019,0,0,-0.25549,0,0,1,0,0,0,0,0,0
1.5173,0,1,0.0010691,0,0,-0.24164,0,0,1,0,0,0,0,0,0
1.5172,0,1,-0.0034869,0,0,-0.2278,0,0,1,0,0,0,0,0,0
1.517,0,1,-0.007766,0,0,-0.21395,0,0,1,0,0,0,0,0,0
1.5168,0,1,-0.011768,0,0,-0.20011,0,0,1,0,0,0,0,0,0
1.5165,0,1,-0.015493,0,0,-0.18627,0,0,1,0,0,0,0,0,0
1.5161,0,1,-0.018942,0,0,-0.17242,0,0,1,0,0,0,0,0,0
1.5157,0,1,-0.022113,0,0,-0.15858,0,0,1,0,0,0,0,0,0
1.5152,0,1,-0.025008,0,0,-0.14473,0,0,1,0,0,0,0,0,0
1.5146,0,1,-0.027626,0,0,-0.13089,0,0,1,0,0,0,0,0,0
1.514,0,1,-0.029967,0,0,-0.11704,0,0,1,0,0,0,0,0,0
1.5134,0,1,-0.032031,0,0,-0.1032,0,0,1,0,0,0,0,0,0
1.5127,0,1,-0.033818,0,0,-0.089355,0,0,1,0,0,0,0,0,0
1.512,0,1,-0.035328,0,0,-0.075511,0,0,1,0,0,0,0,0,0
1.5113,0,1,-0.036561,0,0,-0.061666,0,0,1,0,0,0,0,0,0
1.5105,0,1,-0.037518,0,0,-0.047822,0,0,1,0,0,0,0,0,0
1.5098,0,1,-0.038197,0,0,-0.033977,0,0,1,0,0,0,0,0,0
1.509,0,1,-0.0386,0,0,-0.020133,0,0,1,0,0,0,0,0,0
1.5082,0,1,-0.038726,0,0,-0.0062887,0,0,1,0,0,0,0,0,0
1.5074,0,1,-0.038575,0,0,0.0075556,0,0,1,0,0,0,0,0,0
1.5067,0,1,-0.038147,0,0,0.0214,0,0,1,0,0,0,0,0,0
1.5059,0,1,-0.037442,0,0,0.035244,0,0,1,0,0,0,0,0,0
1.5052,0,1,-0.03646,0,0,0.049089,0,0,1,0,0,0,0,0,0
1.5045,0,1,-0.035201,0,0,0.062933,0,0,1,0,0,0,0,0,0
1.5038,0,1,-0.033666,0,0,0.076777,0,0,1,0,0,0,0,0,0
1.5032,0,1,-0.031853,0,0,0.090622,0,0,1,0,0,0,0,0,0
1.5026,0,1,-0.029764,0,0,0.10447,0,0,1,0,0,0,0,0,0
1.502,0,1,-0.027398,0,0,0.11831,0,0,1,0,0,0,0,0,0
1.5016,0,1,-0.024755,0,0,0.13215,0,0,1,0,0,0,0,0,0
1.5011,0,1,-0.021835,0,0,0.146,0,0,1,0,0,0,0,0,0
1.5007,0,1,-0.018638,0,0,0.15984,0,0,1,0,0,0,0,0,0
1.5004,0,1,-0.015164,0,0,0.17369,0,0,1,0,0,0,0,0,0
1.5002,0,1,-0.011413,0,0,0.18753,0,0,1,0,0,0,0,0,0
1.5001,0,1,-0.0073859,0,0,0.20138,0,0,1,0,0,0,0,0,0
1.5,0,1,-0.0030815,0,0,0.21522,0,0,1,0,0,0,0,0,0
1.5,0,1,0.0014082,0,0,0.22448,0,0,1,0,0,0,0,0,0
1.5001,0,1,0.0057166,0,0,0.21542,0,0,1,0,0,0,0,0,0
1.5003,0,1,0.0097522,0,0,0.20178,0,0,1,0,0,0,0,0,0
1.5006,0,1,0.013515,0,0,0.18814,0,0,1,0,0,0,0,0,0
1.5009,0,1,0.017005,0,0,0.17449,0,0,1,0,0,0,0,0,0
1.5014,0,1,0.020222,0,0,0.16085,0,0,1,0,0,0,0,0,0
1.5018,0,1,0.023166,0,0,0.1472,0,0,1,0,0,0,0,0,0
1.5023,0,1,0.025837,0,0,0.13356,0,0,1,0,0,0,0,0,0
1.5029,0,1,0.028235,0,0,0.11992,0,0,1,0,0,0,0,0,0
1.5035,0,1,0.030361,0,0,0.10627,0,0,1,0,0,0,0,0,0
1.5041,0,1,0.032213,0,0,0.092631,0,0,1,0,0,0,0,0,0
1.5048,0,1,0.033793,0,0,0.078987,0,0,1,0,0,0,0,0,0
1.5055,0,1,0.0351,0,0,0.065344,0,0,1,0,0,0,0,0,0
1.5062,0,1,0.036134,0,0,0.0517,0,0,1,0,0,0,0,0,0
1.507,0,1,0.036895,0,0,0.038057,0,0,1,0,0,0,0,0,0
1.5077,0,1,0.037383,0,0,0.024413,0,0,1,0,0,0,0,0,0
1.5085,0,1,0.037599,0,0,0.01077,0,0,1,0,0,0,0,0,0
1.5092,0,1,0.037541,0,0,-0.0028739,0,0,1,0,0,0,0,0,0
1.51,0,1,0.037211,0,0,-0.016517,0,0,1,0,0,0,0,0,0
1.5107,0,1,0.036608,0,0,-0.030161,0,0,1,0,0,0,0,0,0
1.5114,0,1,0.035732,0,0,-0.043804,0,0,1,0,0,0,0,0,0
1.5121,0,1,0.034583,0,0,-0.057448,0,0,1,0,0,0,0,0,0
1.5128,0,1,0.033161,0,0,-0.071091,0,0,1,0,0,0,0,0,0
1.5134,0,1,0.031466,0,0,-0.084735,0,0,1,0,0,0,0,0,0
1.514,0,1,0.029499,0,0,-0.098378,0,0,1,0,0,0,0,0,0
1.5145,0,1,0.027258,0,0,-0.11202,0,0,1,0,0,0,0,0,0
1.515,0,1,0.024745,0,0,-0.12567,0,0,1,0,0,0,0,0,0
1.5155,0,1,0.021959,0,0,-0.13931,0,0,1,0,0,0,0,0,0
1.5159,0,1,0.0189,0,0,-0.15295,0,0,1,0,0,0,0,0,0
1.5162,0,1,0.015568,0,0,-0.1666,0,0,1,0,0,0,0,0,0
1.5164,0,1,0.011963,0,0,-0.18024,0,0,1,0,0,0,0,0,0
1.5166,0,1,0.0080854,0,0,-0.19388,0,0,1,0,0,0,0,0,0
1.5167,0,1,0.0039348,0,0,-0.20753,0,0,1,0,0,0,0,0,0
1.5166,0,1,-0.00048856,0,0,-0.22117,0,0,1,0,0,0,0,0,0
1.5165,0,1,-0.0051848,0,0,-0.23481,0,0,1,0,0,0,0,0,0
1.5163,0,1,-0.010154,0,0,-0.24846,0,0,1,0,0,0,0,0,0
1.516,0,1,-0.015396,0,0,-0.2621,0,0,1,0,0,0,0,0,0
1.5156,0,1,-0.020911,0,0,-0.27574,0,0,1,0,0,0,0,0,0
1.5151,0,1,-0.026699,0,0,-0.28939,0,0,1,0,0,0,0,0,0
1.5144,0,1,-0.032759,0,0,-0.30303,0,0,1,0,0,0,0,0,0
1.5136,0,1,-0.039093,0,0,-0.31667,0,0,1,0,0,0,0,0,0
1.5127,0,1,-0.045699,0,0,-0.33032,0,0,1,0,0,0,0,0,0
1.5117,0,1,-0.052578,0,0,-0.34396,0,0,1,0,0,0,0,0,0
1.5105,0,1,-0.05973,0,0,-0.3576,0,0,1,0,0,0,0,0,0
1.5091,0,1,-0.067155,0,0,-0.37125,0,0,1,0,0,0,0,0,0
1.5076,0,1,-0.074853,0,0,-0.38489,0,0,1,0,0,0,0,0,0
1.506,0,1,-0.082824,0,0,-0.39854,0,0,1,0,0,0,0,0,0
1.5042,0,1,-0.091067,0,0,-0.41218,0,0,1,0,0,0,0,0,0
1.5022,0,1,-0.099584,0,0,-0.42582,0,0,1,0,0,0,0,0,0
1.5,0,1,-0.10837,0,0,-0.43947,0,0,1,0,0,0,0,0,0
1.4977,0,1,-0.11735,0,0,-0.44895,0,0,1,0,0,0,0,0,0
1.4951,0,1,-0.12619,0,0,-0.44178,0,0,1,0,0,0,0,0,0
1.4924,0,1,-0.1348,0,0,-0.43045,0,0,1,0,0,0,0,0,0
1.4896,0,1,-0.14318,0,0,-0.41912,0,0,1,0,0,0,0,0,0
1.4865,0,1,-0.15133,0,0,-0.40779,0,0,1,0,0,0,0,0,0
1.4834,0,1,-0.15926,0,0,-0.39646,0,0,1,0,0,0,0,0,0
1.48,0,1,-0.16697,0,0,-0.38513,0,0,1,0,0,0,0,0,0
1.4765,0,1,-0.17444,0,0,-0.3738,0,0,1,0,0,0,0,0,0
1.4729,0,1,-0.18169,0,0,-0.36247,0,0,1,0,0,0,0,0,0
1.4691,0,1,-0.18872,0,0,-0.35114,0,0,1,0,0,0,0,0,0
1.4652,0,1,-0.19551,0,0,-0.33981,0,0,1,0,0,0,0,0,0
1.4612,0,1,-0.20208,0,0,-0.32848,0,0,1,0,0,0,0,0,0
1.457,0,1,-0.20842,0,0,-0.31715,0,0,1,0,0,0,0,0,0
1.4527,0,1,-0.21454,0,0,-0.30582,0,0,1,0,0,0,0,0,0
1.4483,0,1,-0.22043,0,0,-0.29449,0,0,1,0,0,0,0,0,0
1.4438,0,1,-0.22609,0,0,-0.28317,0,0,1,0,0,0,0,0,0
1.4391,0,1,-0.23153,0,0,-0.27184,0,0,1,0,0,0,0,0,0
1.4344,0,1,-0.23674,0,0,-0.26051,0,0,1,0,0,0,0,0,0
1.4296,0,1,-0.24172,0,0,-0.24918,0,0,1,0,0,0,0,0,0
1.4247,0,1,-0.24648,0,0,-0.23785,0,0,1,0,0,0,0,0,0
1.4196,0,1,-0.25101,0,0,-0.22652,0,0,1,0,0,0,0,0,0
1.4145,0,1,-0.25532,0,0,-0.21519,0,0,1,0,0,0,0,0,0
1.4093,0,1,-0.25939,0,0,-0.20386,0,0,1,0,0,0,0,0,0
1.4041,0,1,-0.26324,0,0,-0.19253,0,0,1,0,0,0,0,0,0
1.3987,0,1,-0.26687,0,0,-0.1812,0,0,1,0,0,0,0,0,0
1.3933,0,1,-0.27026,0,0,-0.16987,0,0,1,0,0,0,0,0,0
1.3879,0,1,-0.27344,0,0,-0.15854,0,0,1,0,0,0,0,0,0
1.3823,0,1,-0.27638,0,0,-0.14721,0,0,1,0,0,0,0,0,0
1.3768,0,1,-0.2791,0,0,-0.13588,0,0,1,0,0,0,0,0,0
1.3711,0,1,-0.28159,0,0,-0.12455,0,0,1,0,0,0,0,0,0
1.3654,0,1,-0.28385,0,0,-0.11322,0,0,1,0,0,0,0,0,0
1.3597,0,1,-0.28589,0,0,-0.10189,0,0,1,0,0,0,0,0,0
1.354,0,1,-0.2877,0,0,-0.090562,0,0,1,0,0,0,0,0,0
1.3482,0,1,-0.28929,0,0,-0.079232,0,0,1,0,0,0,0,0,0
1.3424,0,1,-0.29064,0,0,-0.067902,0,0,1,0,0,0,0,0,0
1.3365,0,1,-0.29178,0,0,-0.056573,0,0,1,0,0,0,0,0,0
1.3307,0,1,-0.29268,0,0,-0.045243,0,0,1,0,0,0,0,0,0
1.3248,0,1,-0.29336,0,0,-0.033913,0,0,1,0,0,0,0,0,0
1.3189,0,1,-0.29381,0,0,-0.022584,0,0,1,0,0,0,0,0,0
1.3131,0,1,-0.29404,0,0,-0.011254,0,0,1,0,0,0,0,0,0
1.3072,0,1,-0.29403,0,0,7.54e-05,0,0,1,0,0,0,0,0,0
1.3013,0,1,-0.29381,0,0,0.011405,0,0,1,0,0,0,0,0,0
1.2954,0,1,-0.29335,0,0,0.022735,0,0,1,0,0,0,0,0,0
1.2896,0,1,-0.29267,0,0,0.034064,0,0,1,0,0,0,0,0,0
1.2837,0,1,-0.29176,0,0,0.045394,0,0,1,0,0,0,0,0,0
1.2779,0,1,-0.29063,0,0,0.056723,0,0,1,0,0,0,0,0,0
1.2721,0,1,-0.28927,0,0,0.068053,0,0,1,0,0,0,0,0,0
1.2664,0,1,-0.28768,0,0,0.079383,0,0,1,0,0,0,0,0,0
1.2607,0,1,-0.28586,0,0,0.090712,0,0,1,0,0,0,0,0,0
1.255,0,1,-0.28382,0,0,0.10204,0,0,1,0,0,0,0,0,0
1.2494,0,1,-0.2816,0,0,0.111,0,0,1,0,0,0,0,0,0
1.2438,0,1,-0.27939,0,0,0.1105,0,0,1,0,0,0,0,0,0
1.2382,0,1,-0.27724,0,0,0.10762,0,0,1,0,0,0,0,0,0
1.2327,0,1,-0.27515,0,0,0.10475,0,0,1,0,0,0,0,0,0
1.2273,0,1,-0.27311,0,0,0.10187,0,0,1,0,0,0,0,0,0
1.2218,0,1,-0.27113,0,0,0.098997,0,0,1,0,0,0,0,0,0
1.2165,0,1,-0.26921,0,0,0.096122,0,0,1,0,0,0,0,0,0
1.2111,0,1,-0.26734,0,0,0.093247,0,0,1,0,0,0,0,0,0
1.2058,0,1,-0.26553,0,0,0.090372,0,0,1,0,0,0,0,0,0
1.2005,0,1,-0.26378,0,0,0.087497,0,0,1,0,0,0,0,0,0
1.1953,0,1,-0.26209,0,0,0.084622,0,0,1,0,0,0,0,0,0
1.1901,0,1,-0.26046,0,0,0.081747,0,0,1,0,0,0,0,0,0
1.1849,0,1,-0.25888,0,0,0.078872,0,0,1,0,0,0,0,0,0
1.1798,0,1,-0.25736,0,0,0.075997,0,0,1,0,0,0,0,0,0
1.1746,0,1,-0.2559,0,0,0.073122,0,0,1,0,0,0,0,0,0
1.1695,0,1,-0.25449,0,0,0.070247,0,0,1,0,0,0,0,0,0
1.1645,0,1,-0.25314,0,0,0.067372,0,0,1,0,0,0,0,0,0
1.1594,0,1,-0.25185,0,0,0.064497,0,0,1,0,0,0,0,0,0
1.1544,0,1,-0.25062,0,0,0.061622,0,0,1,0,0,0,0,0,0
1.1494,0,1,-0.24945,0,0,0.058747,0,0,1,0,0,0,0,0,0
1.1445,0,1,-0.24833,0,0,0.055872,0,0,1,0,0,0,0,0,0
1.1395,0,1,-0.24727,0,0,0.052997,0,0,1,0,0,0,0,0,0
1.1346,0,1,-0.24627,0,0,0.050122,0,0,1,0,0,0,0,0,0
1.1297,0,1,-0.24532,0,0,0.047247,0,0,1,0,0,0,0,0,0
1.1248,0,1,-0.24444,0,0,0.044372,0,0,1,0,0,0,0,0,0
1.1199,0,1,-0.24361,0,0,0.041497,0,0,1,0,0,0,0,0,0
1.1151,0,1,-0.24283,0,0,0.038622,0,0,1,0,0,0,0,0,0
1.1102,0,1,-0.24212,0,0,0.035747,0,0,1,0,0,0,0,0,0
1.1054,0,1,-0.24146,0,0,0.032872,0,0,1,0,0,0,0,0,0
1.1006,0,1,-0.24086,0,0,0.029997,0,0,1,0,0,0,0,0,0
1.0958,0,1,-0.24032,0,0,0.027122,0,0,1,0,0,0,0,0,0
1.091,0,1,-0.23983,0,0,0.024247,0,0,1,0,0,0,0,0,0
1.0862,0,1,-0.23941,0,0,0.021372,0,0,1,0,0,0,0,0,0
1.0814,0,1,-0.23904,0,0,0.018498,0,0,1,0,0,0,0,0,0
1.0766,0,1,-0.23872,0,0,0.015623,0,0,1,0,0,0,0,0,0
1.0719,0,1,-0.23847,0,0,0.012748,0,0,1,0,0,0,0,0,0
1.0671,0,1,-0.23827,0,0,0.0098726,0,0,1,0,0,0,0,0,0
1.0624,0,1,-0.23813,0,0,0.0069976,0,0,1,0,0,0,0,0,0
1.0576,0,1,-0.23805,0,0,0.0041227,0,0,1,0,0,0,0,0,0
1.0528,0,1,-0.23802,0,0,0.0012477,0,0,1,0,0,0,0,0,0
1.0481,0,1,-0.23806,0,0,-0.0016273,0,0,1,0,0,0,0,0,0
1.0433,0,1,-0.23815,0,0,-0.0045023,0,0,1,0,0,0,0,0,0
1.0385,0,1,-0.23829,0,0,-0.0073772,0,0,1,0,0,0,0,0,0
1.0338,0,1,-0.2385,0,0,-0.010252,0,0,1,0,0,0,0,0,0
1.029,0,1,-0.23876,0,0,-0.013127,0,0,1,0,0,0,0,0,0
1.0242,0,1,-0.23908,0,0,-0.016002,0,0,1,0,0,0,0,0,0
1.0194,0,1,-0.23946,0,0,-0.018877,0,0,1,0,0,0,0,0,0
1.0146,0,1,-0.23989,0,0,-0.021752,0,0,1,0,0,0,0,0,0
1.0098,0,1,-0.24039,0,0,-0.024627,0,0,1,0,0,0,0,0,0
1.005,0,1,-0.24094,0,0,-0.027502,0,0,1,0,0,0,0,0,0
1.0002,0,1,-0.24153,0,0,-0.029769,0,0,1,0,0,0,0,0,0
0.99533,0,1,-0.24212,0,0,-0.029607,0,0,1,0,0,0,0,0,0
0.99047,0,1,-0.2427,0,0,-0.028836,0,0,1,0,0,0,0,0,0
0.98561,0,1,-0.24326,0,0,-0.028066,0,0,1,0,0,0,0,0,0
0.98073,0,1,-0.24381,0,0,-0.027296,0,0,1,0,0,0,0,0,0
0.97584,0,1,-0.24434,0,0,-0.026526,0,0,1,0,0,0,0,0,0
0.97095,0,1,-0.24485,0,0,-0.025755,0,0,1,0,0,0,0,0,0
0.96604,0,1,-0.24535,0,0,-0.024985,0,0,1,0,0,0,0,0,0
0.96112,0,1,-0.24584,0,0,-0.024215,0,0,1,0,0,0,0,0,0
0.9562,0,1,-0.24631,0,0,-0.023445,0,0,1,0,0,0,0,0,0
0.95126,0,1,-0.24676,0,0,-0.022674,0,0,1,0,0,0,0,0,0
0.94632,0,1,-0.2472,0,0,-0.021904,0,0,1,0,0,0,0,0,0
0.94137,0,1,-0.24762,0,0,-0.021134,0,0,1,0,0,0,0,0,0
0.93641,0,1,-0.24803,0,0,-0.020364,0,0,1,0,0,0,0,0,0
0.93144,0,1,-0.24842,0,0,-0.019593,0,0,1,0,0,0,0,0,0
0.92646,0,1,-0.2488,0,0,-0.018823,0,0,1,0,0,0,0,0,0
0.92148,0,1,-0.24916,0,0,-0.018053,0,0,1,0,0,0,0,0,0
0.91649,0,1,-0.2495,0,0,-0.017282,0,0,1,0,0,0,0,0,0
0.91149,0,1,-0.24983,0,0,-0.016512,0,0,1,0,0,0,0,0,0
0.90649,0,1,-0.25015,0,0,-0.015742,0,0,1,0,0,0,0,0,0
0.90148,0,1,-0.25045,0,0,-0.014972,0,0,1,0,0,0,0,0,0
0.89646,0,1,-0.25073,0,0,-0.014201,0,0,1,0,0,0,0,0,0
0.89144,0,1,-0.251,0,0,-0.013431,0,0,1,0,0,0,0,0,0
0.88642,0,1,-0.25125,0,0,-0.012661,0,0,1,0,0,0,0,0,0
0.88139,0,1,-0.25149,0,0,-0.011891,0,0,1,0,0,0,0,0,0
0.87636,0,1,-0.25171,0,0,-0.01112,0,0,1,0,0,0,0,0,0
0.87132,0,1,-0.25192,0,0,-0.01035,0,0,1,0,0,0,0,0,0
0.86628,0,1,-0.25211,0,0,-0.0095797,0,0,1,0,0,0,0,0,0
0.86123,0,1,-0.25229,0,0,-0.0088095,0,0,1,0,0,0,0,0,0
0.85618,0,1,-0.25245,0,0,-0.0080392,0,0,1,0,0,0,0,0,0
0.85113,0,1,-0.25259,0,0,-0.0072689,0,0,1,0,0,0,0,0,0
0.84607,0,1,-0.25272,0,0,-0.0064987,0,0,1,0,0,0,0,0,0
0.84102,0,1,-0.25284,0,0,-0.0057284,0,0,1,0,0,0,0,0,0
0.83596,0,1,-0.25294,0,0,-0.0049581,0,0,1,0,0,0,0,0,0
0.8309,0,1,-0.25302,0,0,-0.0041879,0,0,1,0,0,0,0,0,0
0.82584,0,1,-0.25309,0,0,-0.0034176,0,0,1,0,0,0,0,0,0
0.82077,0,1,-0.25314,0,0,-0.0026473,0,0,1,0,0,0,0,0,0
0.81571,0,1,-0.25318,0,0,-0.0018771,0,0,1,0,0,0,0,0,0
0.81065,0,1,-0.2532,0,0,-0.0011068,0,0,1,0,0,0,0,0,0
0.80558,0,1,-0.25321,0,0,-0.00033652,0,0,1,0,0,0,0,0,0
0.80052,0,1,-0.2532,0,0,0.00043375,0,0,1,0,0,0,0,0,0
0.79545,0,1,-0.25318,0,0,0.001204,0,0,1,0,0,0,0,0,0
0.79039,0,1,-0.25314,0,0,0.0019743,0,0,1,0,0,0,0,0,0
0.78533,0,1,-0.25308,0,0,0.0027446,0,0,1,0,0,0,0,0,0
0.78027,0,1,-0.25301,0,0,0.0035148,0,0,1,0,0,0,0,0,0
0.77521,0,1,-0.25293,0,0,0.0042851,0,0,1,0,0,0,0,0,0
0.77015,0,1,-0.25283,0,0,0.0050554,0,0,1,0,0,0,0,0,0
0.7651,0,1,-0.25271,0,0,0.0058256,0,0,1,0,0,0,0,0,0
0.76005,0,1,-0.25258,0,0,0.0065959,0,0,1,0,0,0,0,0,0
0.755,0,1,-0.25243,0,0,0.0073662,0,0,1,0,0,0,0,0,0
0.74995,0,1,-0.25227,0,0,0.0079737,0,0,1,0,0,0,0,0,0
0.74491,0,1,-0.25211,0,0,0.0079303,0,0,1,0,0,0,0,0,0
0.73987,0,1,-0.25196,0,0,0.0077242,0,0,1,0,0,0,0,0,0
0.73484,0,1,-0.25181,0,0,0.0075181,0,0,1,0,0,0,0,0,0
0.7298,0,1,-0.25166,0,0,0.007312,0,0,1,0,0,0,0,0,0
0.72477,0,1,-0.25152,0,0,0.0071059,0,0,1,0,0,0,0,0,0
0.71975,0,1,-0.25138,0,0,0.0068998,0,0,1,0,0,0,0,0,0
0.71472,0,1,-0.25125,0,0,0.0066937,0,0,1,0,0,0,0,0,0
0.7097,0,1,-0.25112,0,0,0.0064876,0,0,1,0,0,0,0,0,0
0.70468,0,1,-0.25099,0,0,0.0062815,0,0,1,0,0,0,0,0,0
0.69966,0,1,-0.25087,0,0,0.0060754,0,0,1,0,0,0,0,0,0
0.69465,0,1,-0.25075,0,0,0.0058693,0,0,1,0,0,0,0,0,0
0.68963,0,1,-0.25064,0,0,0.0056632,0,0,1,0,0,0,0,0,0
0.68462,0,1,-0.25053,0,0,0.0054571,0,0,1,0,0,0,0,0,0
0.67961,0,1,-0.25042,0,0,0.005251,0,0,1,0,0,0,0,0,0
0.67461,0,1,-0.25032,0,0,0.0050449,0,0,1,0,0,0,0,0,0
0.6696,0,1,-0.25023,0,0,0.0048388,0,0,1,0,0,0,0,0,0
0.6646,0,1,-0.25013,0,0,0.0046327,0,0,1,0,0,0,0,0,0
0.6596,0,1,-0.25005,0,0,0.0044266,0,0,1,0,0,0,0,0,0
0.6546,0,1,-0.24996,0,0,0.0042205,0,0,1,0,0,0,0,0,0
0.6496,0,1,-0.24988,0,0,0.0040144,0,0,1,0,0,0,0,0,0
0.64461,0,1,-0.2498,0,0,0.0038083,0,0,1,0,0,0,0,0,0
0.63961,0,1,-0.24973,0,0,0.0036022,0,0,1,0,0,0,0,0,0
0.63462,0,1,-0.24966,0,0,0.0033961,0,0,1,0,0,0,0,0,0
0.62963,0,1,-0.2496,0,0,0.0031899,0,0,1,0,0,0,0,0,0
0.62464,0,1,-0.24954,0,0,0.0029838,0,0,1,0,0,0,0,0,0
0.61965,0,1,-0.24949,0,0,0.0027777,0,0,1,0,0,0,0,0,0
0.61466,0,1,-0.24943,0,0,0.0025716,0,0,1,0,0,0,0,0,0
0.60967,0,1,-0.24939,0,0,0.0023655,0,0,1,0,0,0,0,0,0
0.60468,0,1,-0.24934,0,0,0.0021594,0,0,1,0,0,0,0,0,0
0.5997,0,1,-0.2493,0,0,0.0019533,0,0,1,0,0,0,0,0,0
0.59471,0,1,-0.24927,0,0,0.0017472,0,0,1,0,0,0,0,0,0
0.58973,0,1,-0.24924,0,0,0.0015411,0,0,1,0,0,0,0,0,0
0.58474,0,1,-0.24921,0,0,0.001335,0,0,1,0,0,0,0,0,0
0.57976,0,1,-0.24919,0,0,0.0011289,0,0,1,0,0,0,0,0,0
0.57478,0,1,-0.24917,0,0,0.00092281,0,0,1,0,0,0,0,0,0
0.56979,0,1,-0.24916,0,0,0.00071671,0,0,1,0,0,0,0,0,0
0.56481,0,1,-0.24915,0,0,0.0005106,0,0,1,0,0,0,0,0,0
0.55983,0,1,-0.24914,0,0,0.0003045,0,0,1,0,0,0,0,0,0
0.55484,0,1,-0.24914,0,0,9.8396e-05,0,0,1,0,0,0,0,0,0
0.54986,0,1,-0.24914,0,0,-0.00010771,0,0,1,0,0,0,0,0,0
0.54488,0,1,-0.24915,0,0,-0.00031381,0,0,1,0,0,0,0,0,0
0.53989,0,1,-0.24916,0,0,-0.00051992,0,0,1,0,0,0,0,0,0
0.53491,0,1,-0.24917,0,0,-0.00072602,0,0,1,0,0,0,0,0,0
0.52993,0,1,-0.24919,0,0,-0.00093212,0,0,1,0,0,0,0,0,0
0.52494,0,1,-0.24921,0,0,-0.0011382,0,0,1,0,0,0,0,0,0
0.51996,0,1,-0.24924,0,0,-0.0013443,0,0,1,0,0,0,0,0,0
0.51497,0,1,-0.24927,0,0,-0.0015504,0,0,1,0,0,0,0,0,0
0.50999,0,1,-0.24931,0,0,-0.0017565,0,0,1,0,0,0,0,0,0
0.505,0,1,-0.24935,0,0,-0.0019626,0,0,1,0,0,0,0,0,0
0.50001,0,1,-0.24939,0,0,-0.0021254,0,0,1,0,0,0,0,0,0
0.49502,0,1,-0.24943,0,0,-0.0021146,0,0,1,0,0,0,0,0,0
0.49003,0,1,-0.24947,0,0,-0.0020605,0,0,1,0,0,0,0,0,0
0.48504,0,1,-0.24951,0,0,-0.0020063,0,0,1,0,0,0,0,0,0
0.48005,0,1,-0.24955,0,0,-0.0019522,0,0,1,0,0,0,0,0,0
0.47506,0,1,-0.24959,0,0,-0.001898,0,0,1,0,0,0,0,0,0
0.47007,0,1,-0.24963,0,0,-0.0018439,0,0,1,0,0,0,0,0,0
0.46508,0,1,-0.24966,0,0,-0.0017897,0,0,1,0,0,0,0,0,0
0.46008,0,1,-0.2497,0,0,-0.0017356,0,0,1,0,0,0,0,0,0
0.45509,0,1,-0.24973,0,0,-0.0016814,0,0,1,0,0,0,0,0,0
0.45009,0,1,-0.24976,0,0,-0.0016273,0,0,1,0,0,0,0,0,0
0.4451,0,1,-0.24979,0,0,-0.0015731,0,0,1,0,0,0,0,0,0
0.4401,0,1,-0.24982,0,0,-0.001519,0,0,1,0,0,0,0,0,0
0.4351,0,1,-0.24985,0,0,-0.0014649,0,0,1,0,0,0,0,0,0
0.4301,0,1,-0.24988,0,0,-0.0014107,0,0,1,0,0,0,0,0,0
0.42511,0,1,-0.24991,0,0,-0.0013566,0,0,1,0,0,0,0,0,0
0.42011,0,1,-0.24994,0,0,-0.0013024,0,0,1,0,0,0,0,0,0
0.41511,0,1,-0.24996,0,0,-0.0012483,0,0,1,0,0,0,0,0,0
0.41011,0,1,-0.24998,0,0,-0.0011941,0,0,1,0,0,0,0,0,0
0.40511,0,1,-0.25001,0,0,-0.00114,0,0,1,0,0,0,0,0,0
0.40011,0,1,-0.25003,0,0,-0.0010858,0,0,1,0,0,0,0,0,0
0.39511,0,1,-0.25005,0,0,-0.0010317,0,0,1,0,0,0,0,0,0
0.39011,0,1,-0.25007,0,0,-0.00097754,0,0,1,0,0,0,0,0,0
0.3851,0,1,-0.25009,0,0,-0.00092339,0,0,1,0,0,0,0,0,0
0.3801,0,1,-0.2501,0,0,-0.00086925,0,0,1,0,0,0,0,0,0
0.3751,0,1,-0.25012,0,0,-0.0008151,0,0,1,0,0,0,0,0,0
0.3701,0,1,-0.25014,0,0,-0.00076096,0,0,1,0,0,0,0,0,0
0.36509,0,1,-0.25015,0,0,-0.00070681,0,0,1,0,0,0,0,0,0
0.36009,0,1,-0.25016,0,0,-0.00065267,0,0,1,0,0,0,0,0,0
0.35509,0,1,-0.25018,0,0,-0.00059852,0,0,1,0,0,0,0,0,0
0.35008,0,1,-0.25019,0,0,-0.00054437,0,0,1,0,0,0,0,0,0
0.34508,0,1,-0.2502,0,0,-0.00049023,0,0,1,0,0,0,0,0,0
0.34008,0,1,-0.2502,0,0,-0.00043608,0,0,1,0,0,0,0,0,0
0.33507,0,1,-0.25021,0,0,-0.00038194,0,0,1,0,0,0,0,0,0
0.33007,0,1,-0.25022,0,0,-0.00032779,0,0,1,0,0,0,0,0,0
0.32506,0,1,-0.25022,0,0,-0.00027365,0,0,1,0,0,0,0,0,0
0.32006,0,1,-0.25023,0,0,-0.0002195,0,0,1,0,0,0,0,0,0
0.31505,0,1,-0.25023,0,0,-0.00016535,0,0,1,0,0,0,0,0,0
0.31005,0,1,-0.25023,0,0,-0.00011121,0,0,1,0,0,0,0,0,0
0.30504,0,1,-0.25024,0,0,-5.7063e-05,0,0,1,0,0,0,0,0,0
0.30004,0,1,-0.25024,0,0,-2.9175e-06,0,0,1,0,0,0,0,0,0
0.29503,0,1,-0.25023,0,0,5.1228e-05,0,0,1,0,0,0,0,0,0
0.29003,0,1,-0.25023,0,0,0.00010537,0,0,1,0,0,0,0,0,0
0.28502,0,1,-0.25023,0,0,0.00015952,0,0,1,0,0,0,0,0,0
0.28002,0,1,-0.25022,0,0,0.00021367,0,0,1,0,0,0,0,0,0
0.27502,0,1,-0.25022,0,0,0.00026781,0,0,1,0,0,0,0,0,0
0.27001,0,1,-0.25021,0,0,0.00032196,0,0,1,0,0,0,0,0,0
0.26501,0,1,-0.25021,0,0,0.0003761,0,0,1,0,0,0,0,0,0
0.26,0,1,-0.2502,0,0,0.00043025,0,0,1,0,0,0,0,0,0
0.255,0,1,-0.25019,0,0,0.00048439,0,0,1,0,0,0,0,0,0
0.25,0,1,-0.25018,0,0,0.00052777,0,0,1,0,0,0,0,0,0
0.24499,0,1,-0.25017,0,0,0.00052806,0,0,1,0,0,0,0,0,0
0.23999,0,1,-0.25016,0,0,0.00051758,0,0,1,0,0,0,0,0,0
0.23499,0,1,-0.25015,0,0,0.0005071,0,0,1,0,0,0,0,0,0
0.22998,0,1,-0.25014,0,0,0.00049662,0,0,1,0,0,0,0,0,0
0.22498,0,1,-0.25013,0,0,0.00048614,0,0,1,0,0,0,0,0,0
0.21998,0,1,-0.25012,0,0,0.00047566,0,0,1,0,0,0,0,0,0
0.21498,0,1,-0.25011,0,0,0.00046519,0,0,1,0,0,0,0,0,0
0.20998,0,1,-0.2501,0,0,0.00045471,0,0,1,0,0,0,0,0,0
0.20497,0,1,-0.25009,0,0,0.00044423,0,0,1,0,0,0,0,0,0
0.19997,0,1,-0.25008,0,0,0.00043375,0,0,1,0,0,0,0,0,0
0.19497,0,1,-0.25007,0,0,0.00042327,0,0,1,0,0,0,0,0,0
0.18997,0,1,-0.25006,0,0,0.00041279,0,0,1,0,0,0,0,0,0
0.18497,0,1,-0.25006,0,0,0.00040231,0,0,1,0,0,0,0,0,0
0.17997,0,1,-0.25005,0,0,0.00039183,0,0,1,0,0,0,0,0,0
0.17497,0,1,-0.25004,0,0,0.00038135,0,0,1,0,0,0,0,0,0
0.16997,0,1,-0.25003,0,0,0.00037087,0,0,1,0,0,0,0,0,0
0.16497,0,1,-0.25003,0,0,0.0003604,0,0,1,0,0,0,0,0,0
0.15996,0,1,-0.25002,0,0,0.00034992,0,0,1,0,0,0,0,0,0
0.15496,0,1,-0.25001,0,0,0.00033944,0,0,1,0,0,0,0,0,0
0.14996,0,1,-0.25001,0,0,0.00032896,0,0,1,0,0,0,0,0,0
0.14496,0,1,-0.25,0,0,0.00031848,0,0,1,0,0,0,0,0,0
0.13996,0,1,-0.24999,0,0,0.000308,0,0,1,0,0,0,0,0,0
0.13497,0,1,-0.24999,0,0,0.00029752,0,0,1,0,0,0,0,0,0
0.12997,0,1,-0.24998,0,0,0.00028704,0,0,1,0,0,0,0,0,0
0.12497,0,1,-0.24998,0,0,0.00027656,0,0,1,0,0,0,0,0,0
0.11997,0,1,-0.24997,0,0,0.00026608,0,0,1,0,0,0,0,0,0
0.11497,0,1,-0.24997,0,0,0.00025561,0,0,1,0,0,0,0,0,0
0.10997,0,1,-0.24996,0,0,0.00024513,0,0,1,0,0,0,0,0,0
0.10497,0,1,-0.24996,0,0,0.00023465,0,0,1,0,0,0,0,0,0
0.09997,0,1,-0.24995,0,0,0.00022417,0,0,1,0,0,0,0,0,0
0.094971,0,1,-0.24995,0,0,0.00021369,0,0,1,0,0,0,0,0,0
0.089972,0,1,-0.24994,0,0,0.00020321,0,0,1,0,0,0,0,0,0
0.084973,0,1,-0.24994,0,0,0.00019273,0,0,1,0,0,0,0,0,0
0.079975,0,1,-0.24994,0,0,0.00018225,0,0,1,0,0,0,0,0,0
0.074976,0,1,-0.24993,0,0,0.00017177,0,0,1,0,0,0,0,0,0
0.069977,0,1,-0.24993,0,0,0.00016129,0,0,1,0,0,0,0,0,0
0.064979,0,1,-0.24993,0,0,0.00015081,0,0,1,0,0,0,0,0,0
0.05998,0,1,-0.24992,0,0,0.00014034,0,0,1,0,0,0,0,0,0
0.054982,0,1,-0.24992,0,0,0.00012986,0,0,1,0,0,0,0,0,0
0.049984,0,1,-0.24992,0,0,0.00011938,0,0,1,0,0,0,0,0,0
0.044985,0,1,-0.24992,0,0,0.0001089,0,0,1,0,0,0,0,0,0
0.039987,0,1,-0.24991,0,0,9.842e-05,0,0,1,0,0,0,0,0,0
0.034989,0,1,-0.24991,0,0,8.7941e-05,0,0,1,0,0,0,0,0,0
0.029991,0,1,-0.24991,0,0,7.7462e-05,0,0,1,0,0,0,0,0,0
0.024993,0,1,-0.24991,0,0,6.6983e-05,0,0,1,0,0,0,0,0,0
0.019994,0,1,-0.24991,0,0,5.6504e-05,0,0,1,0,0,0,0,0,0
0.014996,0,1,-0.24991,0,0,4.6025e-05,0,0,1,0,0,0,0,0,0
0.0099981,0,1,-0.24991,0,0,3.5546e-05,0,0,1,0,0,0,0,0,0
0.005,0,1,-0.24991,0,0,2.5067e-05,0,0,1,0,0,0,0,0,0
1.8945e-06,0,1,-0.24991,0,0,1.4296e-05,0,0,1,0,0,0,0,0,0
-0.0049962,0,1,-0.24991,0,0,2.358e-06,0,0,1,0,0,0,0,0,0
-0.0099943,0,1,-0.24991,0,0,-9.8716e-06,0,0,1,0,0,0,0,0,0
-0.014992,0,1,-0.24991,0,0,-2.2101e-05,0,0,1,0,0,0,0,0,0
-0.019991,0,1,-0.24991,0,0,-3.4331e-05,0,0,1,0,0,0,0,0,0
-0.024989,0,1,-0.24991,0,0,-4.656e-05,0,0,1,0,0,0,0,0,0
-0.029987,0,1,-0.24991,0,0,-5.879e-05,0,0,1,0,0,0,0,0,0
-0.034985,0,1,-0.24991,0,0,-7.1019e-05,0,0,1,0,0,0,0,0,0
-0.039983,0,1,-0.24991,0,0,-8.3249e-05,0,0,1,0,0,0,0,0,0
-0.044982,0,1,-0.24991,0,0,-9.5478e-05,0,0,1,0,0,0,0,0,0
-0.04998,0,1,-0.24992,0,0,-0.00010771,0,0,1,0,0,0,0,0,0
-0.054978,0,1,-0.24992,0,0,-0.00011994,0,0,1,0,0,0,0,0,0
-0.059977,0,1,-0.24992,0,0,-0.00013217,0,0,1,0,0,0,0,0,0
-0.064975,0,1,-0.24992,0,0,-0.0001444,0,0,1,0,0,0,0,0,0
-0.069974,0,1,-0.24993,0,0,-0.00015663,0,0,1,0,0,0,0,0,0
-0.074972,0,1,-0.24993,0,0,-0.00016886,0,0,1,0,0,0,0,0,0
-0.079971,0,1,-0.24993,0,0,-0.00018109,0,0,1,0,0,0,0,0,0
-0.08497,0,1,-0.24994,0,0,-0.00019331,0,0,1,0,0,0,0,0,0
-0.089969,0,1,-0.24994,0,0,-0.00020554,0,0,1,0,0,0,0,0,0
-0.094968,0,1,-0.24995,0,0,-0.00021777,0,0,1,0,0,0,0,0,0
-0.099967,0,1,-0.24995,0,0,-0.00023,0,0,1,0,0,0,0,0,0
-0.10497,0,1,-0.24996,0,0,-0.00024223,0,0,1,0,0,0,0,0,0
-0.10996,0,1,-0.24996,0,0,-0.00025446,0,0,1,0,0,0,0,0,0
-0.11496,0,1,-0.24997,0,0,-0.00026669,0,0,1,0,0,0,0,0,0
-0.11996,0,1,-0.24997,0,0,-0.00027892,0,0,1,0,0,0,0,0,0
-0.12496,0,1,-0.24998,0,0,-0.00029115,0,0,1,0,0,0,0,0,0
-0.12996,0,1,-0.24998,0,0,-0.00030338,0,0,1,0,0,0,0,0,0
-0.13496,0,1,-0.24999,0,0,-0.00031561,0,0,1,0,0,0,0,0,0
-0.13996,0,1,-0.25,0,0,-0.00032784,0,0,1,0,0,0,0,0,0
-0.14496,0,1,-0.25,0,0,-0.00034007,0,0,1,0,0,0,0,0,0
-0.14996,0,1,-0.25001,0,0,-0.0003523,0,0,1,0,0,0,0,0,0
-0.15496,0,1,-0.25002,0,0,-0.00036453,0,0,1,0,0,0,0,0,0
-0.15996,0,1,-0.25003,0,0,-0.00037676,0,0,1,0,0,0,0,0,0
-0.16496,0,1,-0.25003,0,0,-0.00038899,0,0,1,0,0,0,0,0,0
-0.16997,0,1,-0.25004,0,0,-0.00040122,0,0,1,0,0,0,0,0,0
-0.17497,0,1,-0.25005,0,0,-0.00041345,0,0,1,0,0,0,0,0,0
-0.17997,0,1,-0.25006,0,0,-0.00042568,0,0,1,0,0,0,0,0,0
-0.18497,0,1,-0.25007,0,0,-0.00043791,0,0,1,0,0,0,0,0,0
-0.18997,0,1,-0.25008,0,0,-0.00045013,0,0,1,0,0,0,0,0,0
-0.19497,0,1,-0.25008,0,0,-0.00046236,0,0,1,0,0,0,0,0,0
-0.19997,0,1,-0.25009,0,0,-0.00047459,0,0,1,0,0,0,0,0,0
-0.20498,0,1,-0.2501,0,0,-0.00048682,0,0,1,0,0,0,0,0,0
-0.20998,0,1,-0.25011,0,0,-0.00049905,0,0,1,0,0,0,0,0,0
-0.21498,0,1,-0.25012,0,0,-0.00051128,0,0,1,0,0,0,0,0,0
-0.21998,0,1,-0.25013,0,0,-0.00052351,0,0,1,0,0,0,0,0,0
-0.22499,0,1,-0.25015,0,0,-0.00053574,0,0,1,0,0,0,0,0,0
-0.22999,0,1,-0.25016,0,0,-0.00054797,0,0,1,0,0,0,0,0,0
-0.23499,0,1,-0.25017,0,0,-0.0005602,0,0,1,0,0,0,0,0,0
-0.24,0,1,-0.25018,0,0,-0.00057243,0,0,1,0,0,0,0,0,0
-0.245,0,1,-0.25019,0,0,-0.00058466,0,0,1,0,0,0,0,0,0
-0.25,0,1,-0.2502,0,0,-0.00058495,0,0,1,0,0,0,0,0,0
-0.25501,0,1,-0.25021,0,0,-0.00053749,0,0,1,0,0,0,0,0,0
-0.26001,0,1,-0.25022,0,0,-0.00047809,0,0,1,0,0,0,0,0,0
-0.26502,0,1,-0.25023,0,0,-0.0004187,0,0,1,0,0,0,0,0,0
-0.27002,0,1,-0.25024,0,0,-0.0003593,0,0,1,0,0,0,0,0,0
-0.27503,0,1,-0.25024,0,0,-0.0002999,0,0,1,0,0,0,0,0,0
-0.28003,0,1,-0.25025,0,0,-0.00024051,0,0,1,0,0,0,0,0,0
-0.28504,0,1,-0.25025,0,0,-0.00018111,0,0,1,0,0,0,0,0,0
-0.29004,0,1,-0.25026,0,0,-0.00012171,0,0,1,0,0,0,0,0,0
-0.29505,0,1,-0.25026,0,0,-6.2315e-05,0,0,1,0,0,0,0,0,0
-0.30005,0,1,-0.25026,0,0,-2.9175e-06,0,0,1,0,0,0,0,0,0
-0.30506,0,1,-0.25026,0,0,5.648e-05,0,0,1,0,0,0,0,0,0
-0.31006,0,1,-0.25025,0,0,0.00011588,0,0,1,0,0,0,0,0,0
-0.31507,0,1,-0.25025,0,0,0.00017527,0,0,1,0,0,0,0,0,0
-0.32007,0,1,-0.25024,0,0,0.00023467,0,0,1,0,0,0,0,0,0
-0.32508,0,1,-0.25024,0,0,0.00029407,0,0,1,0,0,0,0,0,0
-0.33008,0,1,-0.25023,0,0,0.00035347,0,0,1,0,0,0,0,0,0
-0.33509,0,1,-0.25022,0,0,0.00041286,0,0,1,0,0,0,0,0,0
-0.34009,0,1,-0.25021,0,0,0.00047226,0,0,1,0,0,0,0,0,0
-0.34509,0,1,-0.2502,0,0,0.00053166,0,0,1,0,0,0,0,0,0
-0.3501,0,1,-0.25019,0,0,0.00059105,0,0,1,0,0,0,0,0,0
-0.3551,0,1,-0.25018,0,0,0.00065045,0,0,1,0,0,0,0,0,0
-0.36011,0,1,-0.25016,0,0,0.00070985,0,0,1,0,0,0,0,0,0
-0.36511,0,1,-0.25015,0,0,0.00076925,0,0,1,0,0,0,0,0,0
-0.37011,0,1,-0.25013,0,0,0.00082864,0,0,1,0,0,0,0,0,0
-0.37511,0,1,-0.25011,0,0,0.00088804,0,0,1,0,0,0,0,0,0
-0.38012,0,1,-0.2501,0,0,0.00094744,0,0,1,0,0,0,0,0,0
-0.38512,0,1,-0.25008,0,0,0.0010068,0,0,1,0,0,0,0,0,0
-0.39012,0,1,-0.25005,0,0,0.0010662,0,0,1,0,0,0,0,0,0
-0.39512,0,1,-0.25003,0,0,0.0011256,0,0,1,0,0,0,0,0,0
-0.40012,0,1,-0.25001,0,0,0.001185,0,0,1,0,0,0,0,0,0
-0.40512,0,1,-0.24998,0,0,0.0012444,0,0,1,0,0,0,0,0,0
-0.41012,0,1,-0.24996,0,0,0.0013038,0,0,1,0,0,0,0,0,0
-0.41512,0,1,-0.24993,0,0,0.0013632,0,0,1,0,0,0,0,0,0
-0.42011,0,1,-0.2499,0,0,0.0014226,0,0,1,0,0,0,0,0,0
-0.42511,0,1,-0.24987,0,0,0.001482,0,0,1,0,0,0,0,0,0
-0.43011,0,1,-0.24984,0,0,0.0015414,0,0,1,0,0,0,0,0,0
-0.4351,0,1,-0.24981,0,0,0.0016008,0,0,1,0,0,0,0,0,0
-0.4401,0,1,-0.24978,0,0,0.0016602,0,0,1,0,0,0,0,0,0
-0.44509,0,1,-0.24974,0,0,0.0017196,0,0,1,0,0,0,0,0,0
-0.45009,0,1,-0.24971,0,0,0.001779,0,0,1,0,0,0,0,0,0
-0.45508,0,1,-0.24967,0,0,0.0018384,0,0,1,0,0,0,0,0,0
-0.46007,0,1,-0.24963,0,0,0.0018978,0,0,1,0,0,0,0,0,0
-0.46507,0,1,-0.24959,0,0,0.0019572,0,0,1,0,0,0,0,0,0
-0.47006,0,1,-0.24955,0,0,0.0020166,0,0,1,0,0,0,0,0,0
-0.47505,0,1,-0.24951,0,0,0.002076,0,0,1,0,0,0,0,0,0
-0.48004,0,1,-0.24947,0,0,0.0021354,0,0,1,0,0,0,0,0,0
-0.48503,0,1,-0.24942,0,0,0.0021948,0,0,1,0,0,0,0,0,0
-0.49001,0,1,-0.24938,0,0,0.0022542,0,0,1,0,0,0,0,0,0
-0.495,0,1,-0.24933,0,0,0.0023136,0,0,1,0,0,0,0,0,0
-0.49999,0,1,-0.24929,0,0,0.0023255,0,0,1,0,0,0,0,0,0
-0.50497,0,1,-0.24924,0,0,0.0021476,0,0,1,0,0,0,0,0,0
-0.50995,0,1,-0.2492,0,0,0.0019223,0,0,1,0,0,0,0,0,0
-0.51494,0,1,-0.24917,0,0,0.0016969,0,0,1,0,0,0,0,0,0
-0.51992,0,1,-0.24914,0,0,0.0014715,0,0,1,0,0,0,0,0,0
-0.5249,0,1,-0.24912,0,0,0.0012462,0,0,1,0,0,0,0,0,0
-0.52989,0,1,-0.2491,0,0,0.0010208,0,0,1,0,0,0,0,0,0
-0.53487,0,1,-0.24908,0,0,0.00079546,0,0,1,0,0,0,0,0,0
-0.53985,0,1,-0.24907,0,0,0.0005701,0,0,1,0,0,0,0,0,0
-0.54483,0,1,-0.24906,0,0,0.00034474,0,0,1,0,0,0,0,0,0
-0.54981,0,1,-0.24906,0,0,0.00011938,0,0,1,0,0,0,0,0,0
-0.55479,0,1,-0.24906,0,0,-0.00010598,0,0,1,0,0,0,0,0,0
-0.55977,0,1,-0.24907,0,0,-0.00033134,0,0,1,0,0,0,0,0,0
-0.56475,0,1,-0.24908,0,0,-0.0005567,0,0,1,0,0,0,0,0,0
-0.56974,0,1,-0.24909,0,0,-0.00078206,0,0,1,0,0,0,0,0,0
-0.57472,0,1,-0.24911,0,0,-0.0010074,0,0,1,0,0,0,0,0,0
-0.5797,0,1,-0.24914,0,0,-0.0012328,0,0,1,0,0,0,0,0,0
-0.58468,0,1,-0.24917,0,0,-0.0014581,0,0,1,0,0,0,0,0,0
-0.58967,0,1,-0.2492,0,0,-0.0016835,0,0,1,0,0,0,0,0,0
-0.59465,0,1,-0.24924,0,0,-0.0019089,0,0,1,0,0,0,0,0,0
-0.59964,0,1,-0.24928,0,0,-0.0021342,0,0,1,0,0,0,0,0,0
-0.60463,0,1,-0.24933,0,0,-0.0023596,0,0,1,0,0,0,0,0,0
-0.60961,0,1,-0.24938,0,0,-0.0025849,0,0,1,0,0,0,0,0,0
-0.6146,0,1,-0.24944,0,0,-0.0028103,0,0,1,0,0,0,0,0,0
-0.61959,0,1,-0.2495,0,0,-0.0030356,0,0,1,0,0,0,0,0,0
-0.62458,0,1,-0.24956,0,0,-0.003261,0,0,1,0,0,0,0,0,0
-0.62958,0,1,-0.24963,0,0,-0.0034864,0,0,1,0,0,0,0,0,0
-0.63457,0,1,-0.24971,0,0,-0.0037117,0,0,1,0,0,0,0,0,0
-0.63957,0,1,-0.24979,0,0,-0.0039371,0,0,1,0,0,0,0,0,0
-0.64456,0,1,-0.24987,0,0,-0.0041624,0,0,1,0,0,0,0,0,0
-0.64956,0,1,-0.24996,0,0,-0.0043878,0,0,1,0,0,0,0,0,0
-0.65456,0,1,-0.25005,0,0,-0.0046132,0,0,1,0,0,0,0,0,0
-0.65957,0,1,-0.25015,0,0,-0.0048385,0,0,1,0,0,0,0,0,0
-0.66457,0,1,-0.25025,0,0,-0.0050639,0,0,1,0,0,0,0,0,0
-0.66958,0,1,-0.25035,0,0,-0.0052892,0,0,1,0,0,0,0,0,0
-0.67459,0,1,-0.25046,0,0,-0.0055146,0,0,1,0,0,0,0,0,0
-0.6796,0,1,-0.25058,0,0,-0.00574,0,0,1,0,0,0,0,0,0
-0.68461,0,1,-0.2507,0,0,-0.0059653,0,0,1,0,0,0,0,0,0
-0.68963,0,1,-0.25082,0,0,-0.0061907,0,0,1,0,0,0,0,0,0
-0.69465,0,1,-0.25095,0,0,-0.006416,0,0,1,0,0,0,0,0,0
-0.69967,0,1,-0.25108,0,0,-0.0066414,0,0,1,0,0,0,0,0,0
-0.7047,0,1,-0.25122,0,0,-0.0068668,0,0,1,0,0,0,0,0,0
-0.70972,0,1,-0.25136,0,0,-0.0070921,0,0,1,0,0,0,0,0,0
-0.71475,0,1,-0.25151,0,0,-0.0073175,0,0,1,0,0,0,0,0,0
-0.71979,0,1,-0.25166,0,0,-0.0075428,0,0,1,0,0,0,0,0,0
-0.72482,0,1,-0.25181,0,0,-0.0077682,0,0,1,0,0,0,0,0,0
-0.72986,0,1,-0.25197,0,0,-0.0079936,0,0,1,0,0,0,0,0,0
-0.7349,0,1,-0.25214,0,0,-0.0082189,0,0,1,0,0,0,0,0,0
-0.73995,0,1,-0.25231,0,0,-0.0084443,0,0,1,0,0,0,0,0,0
-0.745,0,1,-0.25248,0,0,-0.0086696,0,0,1,0,0,0,0,0,0
-0.75005,0,1,-0.25266,0,0,-0.0087171,0,0,1,0,0,0,0,0,0
-0.75511,0,1,-0.25282,0,0,-0.0080529,0,0,1,0,0,0,0,0,0
-0.76017,0,1,-0.25296,0,0,-0.0072109,0,0,1,0,0,0,0,0,0
-0.76523,0,1,-0.25309,0,0,-0.0063689,0,0,1,0,0,0,0,0,0
-0.77029,0,1,-0.2532,0,0,-0.0055268,0,0,1,0,0,0,0,0,0
-0.77536,0,1,-0.25329,0,0,-0.0046848,0,0,1,0,0,0,0,0,0
-0.78043,0,1,-0.25337,0,0,-0.0038428,0,0,1,0,0,0,0,0,0
-0.7855,0,1,-0.25343,0,0,-0.0030007,0,0,1,0,0,0,0,0,0
-0.79057,0,1,-0.25347,0,0,-0.0021587,0,0,1,0,0,0,0,0,0
-0.79564,0,1,-0.2535,0,0,-0.0013166,0,0,1,0,0,0,0,0,0
-0.80071,0,1,-0.25351,0,0,-0.00047459,0,0,1,0,0,0,0,0,0
-0.80578,0,1,-0.2535,0,0,0.00036745,0,0,1,0,0,0,0,0,0
-0.81085,0,1,-0.25348,0,0,0.0012095,0,0,1,0,0,0,0,0,0
-0.81591,0,1,-0.25344,0,0,0.0020515,0,0,1,0,0,0,0,0,0
-0.82098,0,1,-0.25338,0,0,0.0028936,0,0,1,0,0,0,0,0,0
-0.82605,0,1,-0.2533,0,0,0.0037356,0,0,1,0,0,0,0,0,0
-0.83111,0,1,-0.25321,0,0,0.0045776,0,0,1,0,0,0,0,0,0
-0.83617,0,1,-0.2531,0,0,0.0054197,0,0,1,0,0,0,0,0,0
-0.84123,0,1,-0.25298,0,0,0.0062617,0,0,1,0,0,0,0,0,0
-0.84629,0,1,-0.25284,0,0,0.0071038,0,0,1,0,0,0,0,0,0
-0.85134,0,1,-0.25268,0,0,0.0079458,0,0,1,0,0,0,0,0,0
-0.85639,0,1,-0.2525,0,0,0.0087878,0,0,1,0,0,0,0,0,0
-0.86144,0,1,-0.25231,0,0,0.0096299,0,0,1,0,0,0,0,0,0
-0.86648,0,1,-0.2521,0,0,0.010472,0,0,1,0,0,0,0,0,0
-0.87152,0,1,-0.25187,0,0,0.011314,0,0,1,0,0,0,0,0,0
-0.87655,0,1,-0.25163,0,0,0.012156,0,0,1,0,0,0,0,0,0
-0.88158,0,1,-0.25137,0,0,0.012998,0,0,1,0,0,0,0,0,0
-0.8866,0,1,-0.25109,0,0,0.01384,0,0,1,0,0,0,0,0,0
-0.89162,0,1,-0.2508,0,0,0.014682,0,0,1,0,0,0,0,0,0
-0.89663,0,1,-0.25049,0,0,0.015524,0,0,1,0,0,0,0,0,0
-0.90163,0,1,-0.25016,0,0,0.016366,0,0,1,0,0,0,0,0,0
-0.90663,0,1,-0.24982,0,0,0.017208,0,0,1,0,0,0,0,0,0
-0.91162,0,1,-0.24946,0,0,0.01805,0,0,1,0,0,0,0,0,0
-0.9166,0,1,-0.24908,0,0,0.018892,0,0,1,0,0,0,0,0,0
-0.92157,0,1,-0.24868,0,0,0.019734,0,0,1,0,0,0,0,0,0
-0.92654,0,1,-0.24827,0,0,0.020576,0,0,1,0,0,0,0,0,0
-0.93149,0,1,-0.24784,0,0,0.021418,0,0,1,0,0,0,0,0,0
-0.93644,0,1,-0.2474,0,0,0.02226,0,0,1,0,0,0,0,0,0
-0.94138,0,1,-0.24694,0,0,0.023103,0,0,1,0,0,0,0,0,0
-0.94631,0,1,-0.24646,0,0,0.023945,0,0,1,0,0,0,0,0,0
-0.95123,0,1,-0.24596,0,0,0.024787,0,0,1,0,0,0,0,0,0
-0.95614,0,1,-0.24545,0,0,0.025629,0,0,1,0,0,0,0,0,0
-0.96104,0,1,-0.24492,0,0,0.026471,0,0,1,0,0,0,0,0,0
-0.96592,0,1,-0.24437,0,0,0.027313,0,0,1,0,0,0,0,0,0
-0.9708,0,1,-0.24381,0,0,0.028155,0,0,1,0,0,0,0,0,0
-0.97566,0,1,-0.24323,0,0,0.028997,0,0,1,0,0,0,0,0,0
-0.98052,0,1,-0.24263,0,0,0.029839,0,0,1,0,0,0,0,0,0
-0.98536,0,1,-0.24202,0,0,0.030681,0,0,1,0,0,0,0,0,0
-0.99019,0,1,-0.24139,0,0,0.031523,0,0,1,0,0,0,0,0,0
-0.995,0,1,-0.24074,0,0,0.032365,0,0,1,0,0,0,0,0,0
-0.9998,0,1,-0.24009,0,0,0.032543,0,0,1,0,0,0,0,0,0
-1.0046,0,1,-0.23949,0,0,0.030064,0,0,1,0,0,0,0,0,0
-1.0094,0,1,-0.23895,0,0,0.026921,0,0,1,0,0,0,0,0,0
-1.0141,0,1,-0.23848,0,0,0.023779,0,0,1,0,0,0,0,0,0
-1.0189,0,1,-0.23806,0,0,0.020636,0,0,1,0,0,0,0,0,0
-1.0237,0,1,-0.23771,0,0,0.017493,0,0,1,0,0,0,0,0,0
-1.0284,0,1,-0.23743,0,0,0.01435,0,0,1,0,0,0,0,0,0
-1.0331,0,1,-0.2372,0,0,0.011207,0,0,1,0,0,0,0,0,0
-1.0379,0,1,-0.23704,0,0,0.0080646,0,0,1,0,0,0,0,0,0
-1.0426,0,1,-0.23694,0,0,0.0049218,0,0,1,0,0,0,0,0,0
-1.0474,0,1,-0.23691,0,0,0.001779,0,0,1,0,0,0,0,0,0
-1.0521,0,1,-0.23693,0,0,-0.0013638,0,0,1,0,0,0,0,0,0
-1.0568,0,1,-0.23703,0,0,-0.0045066,0,0,1,0,0,0,0,0,0
-1.0616,0,1,-0.23718,0,0,-0.0076494,0,0,1,0,0,0,0,0,0
-1.0663,0,1,-0.23739,0,0,-0.010792,0,0,1,0,0,0,0,0,0
-1.0711,0,1,-0.23767,0,0,-0.013935,0,0,1,0,0,0,0,0,0
-1.0759,0,1,-0.23801,0,0,-0.017078,0,0,1,0,0,0,0,0,0
-1.0806,0,1,-0.23842,0,0,-0.020221,0,0,1,0,0,0,0,0,0
-1.0854,0,1,-0.23889,0,0,-0.023363,0,0,1,0,0,0,0,0,0
-1.0902,0,1,-0.23942,0,0,-0.026506,0,0,1,0,0,0,0,0,0
-1.095,0,1,-0.24001,0,0,-0.029649,0,0,1,0,0,0,0,0,0
-1.0998,0,1,-0.24066,0,0,-0.032792,0,0,1,0,0,0,0,0,0
-1.1046,0,1,-0.24138,0,0,-0.035935,0,0,1,0,0,0,0,0,0
-1.1095,0,1,-0.24216,0,0,-0.039077,0,0,1,0,0,0,0,0,0
-1.1143,0,1,-0.24301,0,0,-0.04222,0,0,1,0,0,0,0,0,0
-1.1192,0,1,-0.24392,0,0,-0.045363,0,0,1,0,0,0,0,0,0
-1.1241,0,1,-0.24489,0,0,-0.048506,0,0,1,0,0,0,0,0,0
-1.129,0,1,-0.24592,0,0,-0.051649,0,0,1,0,0,0,0,0,0
-1.134,0,1,-0.24702,0,0,-0.054791,0,0,1,0,0,0,0,0,0
-1.1389,0,1,-0.24817,0,0,-0.057934,0,0,1,0,0,0,0,0,0
-1.1439,0,1,-0.2494,0,0,-0.061077,0,0,1,0,0,0,0,0,0
-1.1489,0,1,-0.25068,0,0,-0.06422,0,0,1,0,0,0,0,0,0
-1.154,0,1,-0.25203,0,0,-0.067363,0,0,1,0,0,0,0,0,0
-1.159,0,1,-0.25344,0,0,-0.070505,0,0,1,0,0,0,0,0,0
-1.1641,0,1,-0.25491,0,0,-0.073648,0,0,1,0,0,0,0,0,0
-1.1693,0,1,-0.25645,0,0,-0.076791,0,0,1,0,0,0,0,0,0
-1.1744,0,1,-0.25804,0,0,-0.079934,0,0,1,0,0,0,0,0,0
-1.1796,0,1,-0.25971,0,0,-0.083077,0,0,1,0,0,0,0,0,0
-1.1848,0,1,-0.26143,0,0,-0.086219,0,0,1,0,0,0,0,0,0
-1.1901,0,1,-0.26322,0,0,-0.089362,0,0,1,0,0,0,0,0,0
-1.1954,0,1,-0.26507,0,0,-0.092505,0,0,1,0,0,0,0,0,0
-1.2008,0,1,-0.26698,0,0,-0.095648,0,0,1,0,0,0,0,0,0
-1.2061,0,1,-0.26896,0,0,-0.098791,0,0,1,0,0,0,0,0,0
-1.2116,0,1,-0.271,0,0,-0.10193,0,0,1,0,0,0,0,0,0
-1.217,0,1,-0.2731,0,0,-0.10508,0,0,1,0,0,0,0,0,0
-1.2225,0,1,-0.27526,0,0,-0.10822,0,0,1,0,0,0,0,0,0
-1.2281,0,1,-0.27749,0,0,-0.11136,0,0,1,0,0,0,0,0,0
-1.2337,0,1,-0.27978,0,0,-0.1145,0,0,1,0,0,0,0,0,0
-1.2393,0,1,-0.28213,0,0,-0.11765,0,0,1,0,0,0,0,0,0
-1.245,0,1,-0.28455,0,0,-0.12079,0,0,1,0,0,0,0,0,0
-1.2507,0,1,-0.28698,0,0,-0.12145,0,0,1,0,0,0,0,0,0
-1.2565,0,1,-0.28922,0,0,-0.1122,0,0,1,0,0,0,0,0,0
-1.2623,0,1,-0.29123,0,0,-0.10047,0,0,1,0,0,0,0,0,0
-1.2682,0,1,-0.29301,0,0,-0.088745,0,0,1,0,0,0,0,0,0
-1.2741,0,1,-0.29455,0,0,-0.077016,0,0,1,0,0,0,0,0,0
-1.28,0,1,-0.29585,0,0,-0.065287,0,0,1,0,0,0,0,0,0
-1.286,0,1,-0.29692,0,0,-0.053558,0,0,1,0,0,0,0,0,0
-1.2919,0,1,-0.29776,0,0,-0.041829,0,0,1,0,0,0,0,0,0
-1.2979,0,1,-0.29836,0,0,-0.0301,0,0,1,0,0,0,0,0,0
-1.3039,0,1,-0.29873,0,0,-0.018371,0,0,1,0,0,0,0,0,0
-1.3098,0,1,-0.29886,0,0,-0.0066414,0,0,1,0,0,0,0,0,0
-1.3158,0,1,-0.29876,0,0,0.0050878,0,0,1,0,0,0,0,0,0
-1.3218,0,1,-0.29842,0,0,0.016817,0,0,1,0,0,0,0,0,0
-1.3277,0,1,-0.29785,0,0,0.028546,0,0,1,0,0,0,0,0,0
-1.3337,0,1,-0.29705,0,0,0.040275,0,0,1,0,0,0,0,0,0
-1.3396,0,1,-0.29601,0,0,0.052004,0,0,1,0,0,0,0,0,0
-1.3455,0,1,-0.29473,0,0,0.063734,0,0,1,0,0,0,0,0,0
-1.3514,0,1,-0.29322,0,0,0.075463,0,0,1,0,0,0,0,0,0
-1.3572,0,1,-0.29148,0,0,0.087192,0,0,1,0,0,0,0,0,0
-1.363,0,1,-0.2895,0,0,0.098921,0,0,1,0,0,0,0,0,0
-1.3687,0,1,-0.28729,0,0,0.11065,0,0,1,0,0,0,0,0,0
-1.3744,0,1,-0.28484,0,0,0.12238,0,0,1,0,0,0,0,0,0
-1.3801,0,1,-0.28216,0,0,0.13411,0,0,1,0,0,0,0,0,0
-1.3856,0,1,-0.27924,0,0,0.14584,0,0,1,0,0,0,0,0,0
-1.3912,0,1,-0.27609,0,0,0.15757,0,0,1,0,0,0,0,0,0
-1.3966,0,1,-0.2727,0,0,0.1693,0,0,1,0,0,0,0,0,0
-1.402,0,1,-0.26908,0,0,0.18103,0,0,1,0,0,0,0,0,0
-1.4073,0,1,-0.26523,0,0,0.19275,0,0,1,0,0,0,0,0,0
-1.4125,0,1,-0.26114,0,0,0.20448,0,0,1,0,0,0,0,0,0
-1.4177,0,1,-0.25681,0,0,0.21621,0,0,1,0,0,0,0,0,0
-1.4227,0,1,-0.25226,0,0,0.22794,0,0,1,0,0,0,0,0,0
-1.4277,0,1,-0.24746,0,0,0.23967,0,0,1,0,0,0,0,0,0
-1.4325,0,1,-0.24243,0,0,0.2514,0,0,1,0,0,0,0,0,0
-1.4372,0,1,-0.23717,0,0,0.26313,0,0,1,0,0,0,0,0,0
-1.4419,0,1,-0.23167,0,0,0.27486,0,0,1,0,0,0,0,0,0
-1.4464,0,1,-0.22594,0,0,0.28659,0,0,1,0,0,0,0,0,0
-1.4508,0,1,-0.21998,0,0,0.29832,0,0,1,0,0,0,0,0,0
-1.4551,0,1,-0.21378,0,0,0.31005,0,0,1,0,0,0,0,0,0
-1.4592,0,1,-0.20734,0,0,0.32177,0,0,1,0,0,0,0,0,0
-1.4632,0,1,-0.20067,0,0,0.3335,0,0,1,0,0,0,0,0,0
-1.4671,0,1,-0.19376,0,0,0.34523,0,0,1,0,0,0,0,0,0
-1.4708,0,1,-0.18663,0,0,0.35696,0,0,1,0,0,0,0,0,0
-1.4744,0,1,-0.17925,0,0,0.36869,0,0,1,0,0,0,0,0,0
-1.4779,0,1,-0.17164,0,0,0.38042,0,0,1,0,0,0,0,0,0
-1.4811,0,1,-0.1638,0,0,0.39215,0,0,1,0,0,0,0,0,0
-1.4843,0,1,-0.15572,0,0,0.40388,0,0,1,0,0,0,0,0,0
-1.4872,0,1,-0.14741,0,0,0.41561,0,0,1,0,0,0,0,0,0
-1.49,0,1,-0.13886,0,0,0.42734,0,0,1,0,0,0,0,0,0
-1.4926,0,1,-0.13008,0,0,0.43907,0,0,1,0,0,0,0,0,0
-1.495,0,1,-0.12107,0,0,0.4508,0,0,1,0,0,0,0,0,0
-1.4972,0,1,-0.1119,0,0,0.45827,0,0,1,0,0,0,0,0,0
-1.4993,0,1,-0.10293,0,0,0.44875,0,0,1,0,0,0,0,0,0
-1.5012,0,1,-0.094227,0,0,0.43498,0,0,1,0,0,0,0,0,0
-1.5029,0,1,-0.085803,0,0,0.4212,0,0,1,0,0,0,0,0,0
-1.5045,0,1,-0.077654,0,0,0.40743,0,0,1,0,0,0,0,0,0
-1.5058,0,1,-0.069781,0,0,0.39366,0,0,1,0,0,0,0,0,0
-1.5071,0,1,-0.062183,0,0,0.37988,0,0,1,0,0,0,0,0,0
-1.5082,0,1,-0.054861,0,0,0.36611,0,0,1,0,0,0,0,0,0
-1.5091,0,1,-0.047814,0,0,0.35233,0,0,1,0,0,0,0,0,0
-1.51,0,1,-0.041043,0,0,0.33856,0,0,1,0,0,0,0,0,0
-1.5107,0,1,-0.034547,0,0,0.32479,0,0,1,0,0,0,0,0,0
-1.5112,0,1,-0.028327,0,0,0.31101,0,0,1,0,0,0,0,0,0
-1.5117,0,1,-0.022382,0,0,0.29724,0,0,1,0,0,0,0,0,0
-1.512,0,1,-0.016713,0,0,0.28347,0,0,1,0,0,0,0,0,0
-1.5122,0,1,-0.011319,0,0,0.26969,0,0,1,0,0,0,0,0,0
-1.5124,0,1,-0.006201,0,0,0.25592,0,0,1,0,0,0,0,0,0
-1.5124,0,1,-0.0013581,0,0,0.24214,0,0,1,0,0,0,0,0,0
-1.5123,0,1,0.0032093,0,0,0.22837,0,0,1,0,0,0,0,0,0
-1.5122,0,1,0.0075012,0,0,0.2146,0,0,1,0,0,0,0,0,0
-1.5119,0,1,0.011518,0,0,0.20082,0,0,1,0,0,0,0,0,0
-1.5116,0,1,0.015259,0,0,0.18705,0,0,1,0,0,0,0,0,0
-1.5113,0,1,0.018724,0,0,0.17327,0,0,1,0,0,0,0,0,0
-1.5108,0,1,0.021914,0,0,0.1595,0,0,1,0,0,0,0,0,0
-1.5103,0,1,0.024829,0,0,0.14573,0,0,1,0,0,0,0,0,0
-1.5098,0,1,0.027468,0,0,0.13195,0,0,1,0,0,0,0,0,0
-1.5092,0,1,0.029831,0,0,0.11818,0,0,1,0,0,0,0,0,0
-1.5085,0,1,0.031919,0,0,0.10441,0,0,1,0,0,0,0,0,0
-1.5079,0,1,0.033732,0,0,0.090632,0,0,1,0,0,0,0,0,0
-1.5072,0,1,0.035269,0,0,0.076858,0,0,1,0,0,0,0,0,0
-1.5064,0,1,0.036531,0,0,0.063084,0,0,1,0,0,0,0,0,0
-1.5057,0,1,0.037517,0,0,0.04931,0,0,1,0,0,0,0,0,0
-1.5049,0,1,0.038228,0,0,0.035536,0,0,1,0,0,0,0,0,0
-1.5041,0,1,0.038663,0,0,0.021763,0,0,1,0,0,0,0,0,0
-1.5034,0,1,0.038823,0,0,0.0079888,0,0,1,0,0,0,0,0,0
-1.5026,0,1,0.038707,0,0,-0.005785,0,0,1,0,0,0,0,0,0
-1.5018,0,1,0.038316,0,0,-0.019559,0,0,1,0,0,0,0,0,0
-1.5011,0,1,0.037649,0,0,-0.033333,0,0,1,0,0,0,0,0,0
-1.5003,0,1,0.036707,0,0,-0.047106,0,0,1,0,0,0,0,0,0
-1.4996,0,1,0.03549,0,0,-0.06088,0,0,1,0,0,0,0,0,0
-1.4989,0,1,0.033997,0,0,-0.074654,0,0,1,0,0,0,0,0,0
-1.4983,0,1,0.032228,0,0,-0.088428,0,0,1,0,0,0,0,0,0
-1.4977,0,1,0.030184,0,0,-0.1022,0,0,1,0,0,0,0,0,0
-1.4971,0,1,0.027864,0,0,-0.11598,0,0,1,0,0,0,0,0,0
-1.4966,0,1,0.025269,0,0,-0.12975,0,0,1,0,0,0,0,0,0
-1.4962,0,1,0.022399,0,0,-0.14352,0,0,1,0,0,0,0,0,0
-1.4958,0,1,0.019253,0,0,-0.1573,0,0,1,0,0,0,0,0,0
-1.4955,0,1,0.015832,0,0,-0.17107,0,0,1,0,0,0,0,0,0
-1.4952,0,1,0.012135,0,0,-0.18484,0,0,1,0,0,0,0,0,0
-1.4951,0,1,0.0081624,0,0,-0.19862,0,0,1,0,0,0,0,0,0
-1.495,0,1,0.0039145,0,0,-0.21239,0,0,1,0,0,0,0,0,0
-1.495,0,1,-0.00051832,0,0,-0.22164,0,0,1,0,0,0,0,0,0
-1.4951,0,1,-0.0047743,0,0,-0.2128,0,0,1,0,0,0,0,0,0
-1.4953,0,1,-0.008763,0,0,-0.19943,0,0,1,0,0,0,0,0,0
-1.4955,0,1,-0.012484,0,0,-0.18607,0,0,1,0,0,0,0,0,0
-1.4958,0,1,-0.015938,0,0,-0.1727,0,0,1,0,0,0,0,0,0
-1.4962,0,1,-0.019125,0,0,-0.15934,0,0,1,0,0,0,0,0,0
-1.4967,0,1,-0.022044,0,0,-0.14597,0,0,1,0,0,0,0,0,0
-1.4972,0,1,-0.024697,0,0,-0.1326,0,0,1,0,0,0,0,0,0
-1.4977,0,1,-0.027081,0,0,-0.11924,0,0,1,0,0,0,0,0,0
-1.4983,0,1,-0.029199,0,0,-0.10587,0,0,1,0,0,0,0,0,0
-1.4989,0,1,-0.031049,0,0,-0.092505,0,0,1,0,0,0,0,0,0
-1.4996,0,1,-0.032632,0,0,-0.079139,0,0,1,0,0,0,0,0,0
-1.5002,0,1,-0.033947,0,0,-0.065773,0,0,1,0,0,0,0,0,0
-1.5009,0,1,-0.034995,0,0,-0.052407,0,0,1,0,0,0,0,0,0
-1.5017,0,1,-0.035776,0,0,-0.039041,0,0,1,0,0,0,0,0,0
-1.5024,0,1,-0.036289,0,0,-0.025674,0,0,1,0,0,0,0,0,0
-1.5031,0,1,-0.036536,0,0,-0.012308,0,0,1,0,0,0,0,0,0
-1.5038,0,1,-0.036514,0,0,0.0010578,0,0,1,0,0,0,0,0,0
-1.5046,0,1,-0.036226,0,0,0.014424,0,0,1,0,0,0,0,0,0
-1.5053,0,1,-0.03567,0,0,0.02779,0,0,1,0,0,0,0,0,0
-1.506,0,1,-0.034847,0,0,0.041156,0,0,1,0,0,0,0,0,0
-1.5067,0,1,-0.033757,0,0,0.054522,0,0,1,0,0,0,0,0,0
-1.5073,0,1,-0.032399,0,0,0.067888,0,0,1,0,0,0,0,0,0
-1.5079,0,1,-0.030774,0,0,0.081254,0,0,1,0,0,0,0,0,0
-1.5085,0,1,-0.028881,0,0,0.094621,0,0,1,0,0,0,0,0,0
-1.509,0,1,-0.026722,0,0,0.10799,0,0,1,0,0,0,0,0,0
-1.5095,0,1,-0.024295,0,0,0.12135,0,0,1,0,0,0,0,0,0
-1.51,0,1,-0.0216,0,0,0.13472,0,0,1,0,0,0,0,0,0
-1.5103,0,1,-0.018639,0,0,0.14808,0,0,1,0,0,0,0,0,0
-1.5106,0,1,-0.015409,0,0,0.16145,0,0,1,0,0,0,0,0,0
-1.5109,0,1,-0.011913,0,0,0.17482,0,0,1,0,0,0,0,0,0
-1.511,0,1,-0.0081495,0,0,0.18818,0,0,1,0,0,0,0,0,0
-1.5111,0,1,-0.0041185,0,0,0.20155,0,0,1,0,0,0,0,0,0
-1.5111,0,1,0.00017983,0,0,0.21492,0,0,1,0,0,0,0,0,0
-1.511,0,1,0.0047455,0,0,0.22828,0,0,1,0,0,0,0,0,0
-1.5108,0,1,0.0095784,0,0,0.24165,0,0,1,0,0,0,0,0,0
-1.5105,0,1,0.014679,0,0,0.25501,0,0,1,0,0,0,0,0,0
-1.5101,0,1,0.020046,0,0,0.26838,0,0,1,0,0,0,0,0,0
-1.5096,0,1,0.025681,0,0,0.28175,0,0,1,0,0,0,0,0,0
-1.509,0,1,0.031583,0,0,0.29511,0,0,1,0,0,0,0,0,0
-1.5082,0,1,0.037753,0,0,0.30848,0,0,1,0,0,0,0,0,0
-1.5073,0,1,0.04419,0,0,0.32184,0,0,1,0,0,0,0,0,0
-1.5063,0,1,0.050894,0,0,0.33521,0,0,1,0,0,0,0,0,0
-1.5052,0,1,0.057866,0,0,0.34858,0,0,1,0,0,0,0,0,0
-1.5039,0,1,0.065105,0,0,0.36194,0,0,1,0,0,0,0,0,0
-1.5024,0,1,0.072611,0,0,0.37531,0,0,1,0,0,0,0,0,0
-1.5008,0,1,0.080384,0,0,0.38867,0,0,1,0,0,0,0,0,0
-1.499,0,1,0.088425,0,0,0.40204,0,0,1,0,0,0,0,0,0
-1.4971,0,1,0.096733,0,0,0.41541,0,0,1,0,0,0,0,0,0
-1.495,0,1,0.10531,0,0,0.42877,0,0,1,0,0,0,0,0,0
-1.4927,0,1,0.11407,0,0,0.4381,0,0,1,0,0,0,0,0,0
-1.4903,0,1,0.1227,0,0,0.43125,0,0,1,0,0,0,0,0,0
-1.4876,0,1,0.1311,0,0,0.42036,0,0,1,0,0,0,0,0,0
-1.4849,0,1,0.13929,0,0,0.40947,0,0,1,0,0,0,0,0,0
-1.4819,0,1,0.14726,0,0,0.39858,0,0,1,0,0,0,0,0,0
-1.4788,0,1,0.15502,0,0,0.38769,0,0,1,0,0,0,0,0,0
-1.4756,0,1,0.16255,0,0,0.3768,0,0,1,0,0,0,0,0,0
-1.4722,0,1,0.16987,0,0,0.36591,0,0,1,0,0,0,0,0,0
-1.4686,0,1,0.17697,0,0,0.35501,0,0,1,0,0,0,0,0,0
-1.4649,0,1,0.18385,0,0,0.34412,0,0,1,0,0,0,0,0,0
-1.4611,0,1,0.19052,0,0,0.33323,0,0,1,0,0,0,0,0,0
-1.4572,0,1,0.19697,0,0,0.32234,0,0,1,0,0,0,0,0,0
-1.4531,0,1,0.20319,0,0,0.31145,0,0,1,0,0,0,0,0,0
-1.4489,0,1,0.20921,0,0,0.30056,0,0,1,0,0,0,0,0,0
-1.4446,0,1,0.215,0,0,0.28967,0,0,1,0,0,0,0,0,0
-1.4402,0,1,0.22057,0,0,0.27878,0,0,1,0,0,0,0,0,0
-1.4357,0,1,0.22593,0,0,0.26789,0,0,1,0,0,0,0,0,0
-1.4311,0,1,0.23107,0,0,0.257,0,0,1,0,0,0,0,0,0
-1.4264,0,1,0.23599,0,0,0.24611,0,0,1,0,0,0,0,0,0
-1.4216,0,1,0.2407,0,0,0.23522,0,0,1,0,0,0,0,0,0
-1.4167,0,1,0.24519,0,0,0.22433,0,0,1,0,0,0,0,0,0
-1.4117,0,1,0.24945,0,0,0.21344,0,0,1,0,0,0,0,0,0
-1.4066,0,1,0.25351,0,0,0.20255,0,0,1,0,0,0,0,0,0
-1.4015,0,1,0.25734,0,0,0.19166,0,0,1,0,0,0,0,0,0
-1.3962,0,1,0.26095,0,0,0.18076,0,0,1,0,0,0,0,0,0
-1.3909,0,1,0.26435,0,0,0.16987,0,0,1,0,0,0,0,0,0
-1.3856,0,1,0.26753,0,0,0.15898,0,0,1,0,0,0,0,0,0
-1.3802,0,1,0.27049,0,0,0.14809,0,0,1,0,0,0,0,0,0
-1.3747,0,1,0.27324,0,0,0.1372,0,0,1,0,0,0,0,0,0
-1.3692,0,1,0.27576,0,0,0.12631,0,0,1,0,0,0,0,0,0
-1.3636,0,1,0.27807,0,0,0.11542,0,0,1,0,0,0,0,0,0
-1.358,0,1,0.28016,0,0,0.10453,0,0,1,0,0,0,0,0,0
-1.3524,0,1,0.28203,0,0,0.09364,0,0,1,0,0,0,0,0,0
-1.3467,0,1,0.28369,0,0,0.082749,0,0,1,0,0,0,0,0,0
-1.341,0,1,0.28513,0,0,0.071858,0,0,1,0,0,0,0,0,0
-1.3353,0,1,0.28635,0,0,0.060968,0,0,1,0,0,0,0,0,0
-1.3296,0,1,0.28735,0,0,0.050077,0,0,1,0,0,0,0,0,0
-1.3238,0,1,0.28813,0,0,0.039187,0,0,1,0,0,0,0,0,0
-1.318,0,1,0.2887,0,0,0.028296,0,0,1,0,0,0,0,0,0
-1.3122,0,1,0.28905,0,0,0.017405,0,0,1,0,0,0,0,0,0
-1.3065,0,1,0.28918,0,0,0.0065147,0,0,1,0,0,0,0,0,0
-1.3007,0,1,0.28909,0,0,-0.0043759,0,0,1,0,0,0,0,0,0
-1.2949,0,1,0.28878,0,0,-0.015266,0,0,1,0,0,0,0,0,0
-1.2891,0,1,0.28826,0,0,-0.026157,0,0,1,0,0,0,0,0,0
-1.2834,0,1,0.28752,0,0,-0.037048,0,0,1,0,0,0,0,0,0
-1.2776,0,1,0.28656,0,0,-0.047938,0,0,1,0,0,0,0,0,0
-1.2719,0,1,0.28538,0,0,-0.058829,0,0,1,0,0,0,0,0,0
-1.2663,0,1,0.28399,0,0,-0.06972,0,0,1,0,0,0,0,0,0
-1.2606,0,1,0.28238,0,0,-0.08061,0,0,1,0,0,0,0,0,0
-1.255,0,1,0.28055,0,0,-0.091501,0,0,1,0,0,0,0,0,0
-1.2494,0,1,0.27854,0,0,-0.10014,0,0,1,0,0,0,0,0,0
-1.2439,0,1,0.27655,0,0,-0.099795,0,0,1,0,0,0,0,0,0
-1.2384,0,1,0.2746,0,0,-0.097199,0,0,1,0,0,0,0,0,0
-1.233,0,1,0.27271,0,0,-0.094602,0,0,1,0,0,0,0,0,0
-1.2275,0,1,0.27087,0,0,-0.092006,0,0,1,0,0,0,0,0,0
-1.2222,0,1,0.26908,0,0,-0.08941,0,0,1,0,0,0,0,0,0
-1.2168,0,1,0.26735,0,0,-0.086813,0,0,1,0,0,0,0,0,0
-1.2115,0,1,0.26566,0,0,-0.084217,0,0,1,0,0,0,0,0,0
-1.2062,0,1,0.26403,0,0,-0.081621,0,0,1,0,0,0,0,0,0
-1.201,0,1,0.26245,0,0,-0.079024,0,0,1,0,0,0,0,0,0
-1.1957,0,1,0.26092,0,0,-0.076428,0,0,1,0,0,0,0,0,0
-1.1906,0,1,0.25945,0,0,-0.073832,0,0,1,0,0,0,0,0,0
-1.1854,0,1,0.25802,0,0,-0.071235,0,0,1,0,0,0,0,0,0
-1.1803,0,1,0.25665,0,0,-0.068639,0,0,1,0,0,0,0,0,0
-1.1752,0,1,0.25533,0,0,-0.066042,0,0,1,0,0,0,0,0,0
-1.1701,0,1,0.25406,0,0,-0.063446,0,0,1,0,0,0,0,0,0
-1.165,0,1,0.25284,0,0,-0.06085,0,0,1,0,0,0,0,0,0
-1.16,0,1,0.25168,0,0,-0.058253,0,0,1,0,0,0,0,0,0
-1.155,0,1,0.25056,0,0,-0.055657,0,0,1,0,0,0,0,0,0
-1.15,0,1,0.2495,0,0,-0.053061,0,0,1,0,0,0,0,0,0
-1.145,0,1,0.24849,0,0,-0.050464,0,0,1,0,0,0,0,0,0
-1.1401,0,1,0.24753,0,0,-0.047868,0,0,1,0,0,0,0,0,0
-1.1351,0,1,0.24663,0,0,-0.045272,0,0,1,0,0,0,0,0,0
-1.1302,0,1,0.24578,0,0,-0.042675,0,0,1,0,0,0,0,0,0
-1.1253,0,1,0.24497,0,0,-0.040079,0,0,1,0,0,0,0,0,0
-1.1204,0,1,0.24422,0,0,-0.037483,0,0,1,0,0,0,0,0,0
-1.1156,0,1,0.24353,0,0,-0.034886,0,0,1,0,0,0,0,0,0
-1.1107,0,1,0.24288,0,0,-0.03229,0,0,1,0,0,0,0,0,0
-1.1059,0,1,0.24229,0,0,-0.029694,0,0,1,0,0,0,0,0,0
-1.101,0,1,0.24175,0,0,-0.027097,0,0,1,0,0,0,0,0,0
-1.0962,0,1,0.24126,0,0,-0.024501,0,0,1,0,0,0,0,0,0
-1.0914,0,1,0.24082,0,0,-0.021904,0,0,1,0,0,0,0,0,0
-1.0866,0,1,0.24043,0,0,-0.019308,0,0,1,0,0,0,0,0,0
-1.0818,0,1,0.2401,0,0,-0.016712,0,0,1,0,0,0,0,0,0
-1.077,0,1,0.23981,0,0,-0.014115,0,0,1,0,0,0,0,0,0
-1.0722,0,1,0.23958,0,0,-0.011519,0,0,1,0,0,0,0,0,0
-1.0674,0,1,0.23941,0,0,-0.0089227,0,0,1,0,0,0,0,0,0
-1.0626,0,1,0.23928,0,0,-0.0063263,0,0,1,0,0,0,0,0,0
-1.0578,0,1,0.2392,0,0,-0.00373,0,0,1,0,0,0,0,0,0
-1.053,0,1,0.23918,0,0,-0.0011336,0,0,1,0,0,0,0,0,0
-1.0483,0,1,0.23921,0,0,0.0014627,0,0,1,0,0,0,0,0,0
-1.0435,0,1,0.23929,0,0,0.0040591,0,0,1,0,0,0,0,0,0
-1.0387,0,1,0.23943,0,0,0.0066554,0,0,1,0,0,0,0,0,0
-1.0339,0,1,0.23961,0,0,0.0092518,0,0,1,0,0,0,0,0,0
-1.0291,0,1,0.23985,0,0,0.011848,0,0,1,0,0,0,0,0,0
-1.0243,0,1,0.24014,0,0,0.014445,0,0,1,0,0,0,0,0,0
-1.0195,0,1,0.24048,0,0,0.017041,0,0,1,0,0,0,0,0,0
-1.0147,0,1,0.24087,0,0,0.019637,0,0,1,0,0,0,0,0,0
-1.0098,0,1,0.24131,0,0,0.022234,0,0,1,0,0,0,0,0,0
-1.005,0,1,0.24181,0,0,0.02483,0,0,1,0,0,0,0,0,0
-1.0002,0,1,0.24235,0,0,0.026878,0,0,1,0,0,0,0,0,0
-0.9953,0,1,0.24288,0,0,0.026731,0,0,1,0,0,0,0,0,0
-0.99043,0,1,0.2434,0,0,0.026037,0,0,1,0,0,0,0,0,0
-0.98555,0,1,0.24391,0,0,0.025342,0,0,1,0,0,0,0,0,0
-0.98066,0,1,0.2444,0,0,0.024647,0,0,1,0,0,0,0,0,0
-0.97576,0,1,0.24488,0,0,0.023952,0,0,1,0,0,0,0,0,0
-0.97086,0,1,0.24535,0,0,0.023257,0,0,1,0,0,0,0,0,0
-0.96594,0,1,0.2458,0,0,0.022563,0,0,1,0,0,0,0,0,0
-0.96102,0,1,0.24624,0,0,0.021868,0,0,1,0,0,0,0,0,0
-0.95608,0,1,0.24666,0,0,0.021173,0,0,1,0,0,0,0,0,0
-0.95114,0,1,0.24707,0,0,0.020478,0,0,1,0,0,0,0,0,0
-0.94619,0,1,0.24747,0,0,0.019783,0,0,1,0,0,0,0,0,0
-0.94123,0,1,0.24785,0,0,0.019089,0,0,1,0,0,0,0,0,0
-0.93627,0,1,0.24822,0,0,0.018394,0,0,1,0,0,0,0,0,0
-0.9313,0,1,0.24857,0,0,0.017699,0,0,1,0,0,0,0,0,0
-0.92632,0,1,0.24891,0,0,0.017004,0,0,1,0,0,0,0,0,0
-0.92134,0,1,0.24924,0,0,0.016309,0,0,1,0,0,0,0,0,0
-0.91635,0,1,0.24955,0,0,0.015615,0,0,1,0,0,0,0,0,0
-0.91135,0,1,0.24985,0,0,0.01492,0,0,1,0,0,0,0,0,0
-0.90635,0,1,0.25013,0,0,0.014225,0,0,1,0,0,0,0,0,0
-0.90134,0,1,0.2504,0,0,0.01353,0,0,1,0,0,0,0,0,0
-0.89632,0,1,0.25066,0,0,0.012835,0,0,1,0,0,0,0,0,0
-0.89131,0,1,0.2509,0,0,0.012141,0,0,1,0,0,0,0,0,0
-0.88628,0,1,0.25113,0,0,0.011446,0,0,1,0,0,0,0,0,0
-0.88126,0,1,0.25134,0,0,0.010751,0,0,1,0,0,0,0,0,0
-0.87623,0,1,0.25155,0,0,0.010056,0,0,1,0,0,0,0,0,0
-0.87119,0,1,0.25173,0,0,0.0093615,0,0,1,0,0,0,0,0,0
-0.86615,0,1,0.25191,0,0,0.0086667,0,0,1,0,0,0,0,0,0
-0.86111,0,1,0.25207,0,0,0.0079719,0,0,1,0,0,0,0,0,0
-0.85607,0,1,0.25221,0,0,0.0072771,0,0,1,0,0,0,0,0,0
-0.85102,0,1,0.25234,0,0,0.0065823,0,0,1,0,0,0,0,0,0
-0.84597,0,1,0.25246,0,0,0.0058875,0,0,1,0,0,0,0,0,0
-0.84092,0,1,0.25256,0,0,0.0051927,0,0,1,0,0,0,0,0,0
-0.83587,0,1,0.25265,0,0,0.0044979,0,0,1,0,0,0,0,0,0
-0.83081,0,1,0.25273,0,0,0.0038031,0,0,1,0,0,0,0,0,0
-0.82576,0,1,0.25279,0,0,0.0031083,0,0,1,0,0,0,0,0,0
-0.8207,0,1,0.25284,0,0,0.0024135,0,0,1,0,0,0,0,0,0
-0.81564,0,1,0.25288,0,0,0.0017187,0,0,1,0,0,0,0,0,0
-0.81058,0,1,0.2529,0,0,0.0010239,0,0,1,0,0,0,0,0,0
-0.80553,0,1,0.2529,0,0,0.00032912,0,0,1,0,0,0,0,0,0
-0.80047,0,1,0.2529,0,0,-0.00036568,0,0,1,0,0,0,0,0,0
-0.79541,0,1,0.25287,0,0,-0.0010605,0,0,1,0,0,0,0,0,0
-0.79035,0,1,0.25284,0,0,-0.0017553,0,0,1,0,0,0,0,0,0
-0.7853,0,1,0.25279,0,0,-0.0024501,0,0,1,0,0,0,0,0,0
-0.78024,0,1,0.25273,0,0,-0.0031449,0,0,1,0,0,0,0,0,0
-0.77519,0,1,0.25265,0,0,-0.0038397,0,0,1,0,0,0,0,0,0
-0.77014,0,1,0.25256,0,0,-0.0045345,0,0,1,0,0,0,0,0,0
-0.76509,0,1,0.25245,0,0,-0.0052293,0,0,1,0,0,0,0,0,0
-0.76004,0,1,0.25234,0,0,-0.0059241,0,0,1,0,0,0,0,0,0
-0.755,0,1,0.2522,0,0,-0.0066189,0,0,1,0,0,0,0,0,0
-0.74996,0,1,0.25206,0,0,-0.0071674,0,0,1,0,0,0,0,0,0
-0.74492,0,1,0.25192,0,0,-0.0071308,0,0,1,0,0,0,0,0,0
-0.73988,0,1,0.25178,0,0,-0.006948,0,0,1,0,0,0,0,0,0
-0.73485,0,1,0.25164,0,0,-0.0067651,0,0,1,0,0,0,0,0,0
-0.72982,0,1,0.25151,0,0,-0.0065823,0,0,1,0,0,0,0,0,0
-0.72479,0,1,0.25138,0,0,-0.0063995,0,0,1,0,0,0,0,0,0
-0.71977,0,1,0.25126,0,0,-0.0062166,0,0,1,0,0,0,0,0,0
-0.71475,0,1,0.25114,0,0,-0.0060338,0,0,1,0,0,0,0,0,0
-0.70973,0,1,0.25102,0,0,-0.0058509,0,0,1,0,0,0,0,0,0
-0.70471,0,1,0.25091,0,0,-0.0056681,0,0,1,0,0,0,0,0,0
-0.69969,0,1,0.2508,0,0,-0.0054853,0,0,1,0,0,0,0,0,0
-0.69468,0,1,0.25069,0,0,-0.0053024,0,0,1,0,0,0,0,0,0
-0.68967,0,1,0.25059,0,0,-0.0051196,0,0,1,0,0,0,0,0,0
-0.68466,0,1,0.25049,0,0,-0.0049367,0,0,1,0,0,0,0,0,0
-0.67965,0,1,0.2504,0,0,-0.0047539,0,0,1,0,0,0,0,0,0
-0.67464,0,1,0.25031,0,0,-0.004571,0,0,1,0,0,0,0,0,0
-0.66964,0,1,0.25022,0,0,-0.0043882,0,0,1,0,0,0,0,0,0
-0.66463,0,1,0.25013,0,0,-0.0042054,0,0,1,0,0,0,0,0,0
-0.65963,0,1,0.25005,0,0,-0.0040225,0,0,1,0,0,0,0,0,0
-0.65463,0,1,0.24998,0,0,-0.0038397,0,0,1,0,0,0,0,0,0
-0.64964,0,1,0.2499,0,0,-0.0036568,0,0,1,0,0,0,0,0,0
-0.64464,0,1,0.24983,0,0,-0.003474,0,0,1,0,0,0,0,0,0
-0.63964,0,1,0.24977,0,0,-0.0032912,0,0,1,0,0,0,0,0,0
-0.63465,0,1,0.24971,0,0,-0.0031083,0,0,1,0,0,0,0,0,0
-0.62966,0,1,0.24965,0,0,-0.0029255,0,0,1,0,0,0,0,0,0
-0.62467,0,1,0.24959,0,0,-0.0027426,0,0,1,0,0,0,0,0,0
-0.61967,0,1,0.24954,0,0,-0.0025598,0,0,1,0,0,0,0,0,0
-0.61468,0,1,0.24949,0,0,-0.0023769,0,0,1,0,0,0,0,0,0
-0.6097,0,1,0.24945,0,0,-0.0021941,0,0,1,0,0,0,0,0,0
-0.60471,0,1,0.24941,0,0,-0.0020113,0,0,1,0,0,0,0,0,0
-0.59972,0,1,0.24937,0,0,-0.0018284,0,0,1,0,0,0,0,0,0
-0.59473,0,1,0.24934,0,0,-0.0016456,0,0,1,0,0,0,0,0,0
-0.58975,0,1,0.24931,0,0,-0.0014627,0,0,1,0,0,0,0,0,0
-0.58476,0,1,0.24929,0,0,-0.0012799,0,0,1,0,0,0,0,0,0
-0.57978,0,1,0.24926,0,0,-0.0010971,0,0,1,0,0,0,0,0,0
-0.57479,0,1,0.24924,0,0,-0.00091421,0,0,1,0,0,0,0,0,0
-0.56981,0,1,0.24923,0,0,-0.00073137,0,0,1,0,0,0,0,0,0
-0.56482,0,1,0.24922,0,0,-0.00054853,0,0,1,0,0,0,0,0,0
-0.55984,0,1,0.24921,0,0,-0.00036568,0,0,1,0,0,0,0,0,0
-0.55485,0,1,0.24921,0,0,-0.00018284,0,0,1,0,0,0,0,0,0
-0.54987,0,1,0.24921,0,0,4.4409e-12,0,0,1,0,0,0,0,0,0
-0.54489,0,1,0.24921,0,0,0.00018284,0,0,1,0,0,0,0,0,0
-0.5399,0,1,0.24922,0,0,0.00036568,0,0,1,0,0,0,0,0,0
-0.53492,0,1,0.24923,0,0,0.00054853,0,0,1,0,0,0,0,0,0
-0.52993,0,1,0.24924,0,0,0.00073137,0,0,1,0,0,0,0,0,0
-0.52495,0,1,0.24926,0,0,0.00091421,0,0,1,0,0,0,0,0,0
-0.51996,0,1,0.24929,0,0,0.0010971,0,0,1,0,0,0,0,0,0
-0.51497,0,1,0.24931,0,0,0.0012799,0,0,1,0,0,0,0,0,0
-0.50999,0,1,0.24934,0,0,0.0014627,0,0,1,0,0,0,0,0,0
-0.505,0,1,0.24937,0,0,0.0016456,0,0,1,0,0,0,0,0,0
-0.50001,0,1,0.24941,0,0,0.0017918,0,0,1,0,0,0,0,0,0
-0.49502,0,1,0.24944,0,0,0.0017918,0,0,1,0,0,0,0,0,0
-0.49003,0,1,0.24948,0,0,0.0017553,0,0,1,0,0,0,0,0,0
-0.48504,0,1,0.24951,0,0,0.0017187,0,0,1,0,0,0,0,0,0
-0.48005,0,1,0.24955,0,0,0.0016821,0,0,1,0,0,0,0,0,0
-0.47506,0,1,0.24958,0,0,0.0016456,0,0,1,0,0,0,0,0,0
-0.47007,0,1,0.24961,0,0,0.001609,0,0,1,0,0,0,0,0,0
-0.46508,0,1,0.24964,0,0,0.0015724,0,0,1,0,0,0,0,0,0
-0.46008,0,1,0.24967,0,0,0.0015359,0,0,1,0,0,0,0,0,0
-0.45509,0,1,0.2497,0,0,0.0014993,0,0,1,0,0,0,0,0,0
-0.45009,0,1,0.24973,0,0,0.0014627,0,0,1,0,0,0,0,0,0
-0.4451,0,1,0.24976,0,0,0.0014262,0,0,1,0,0,0,0,0,0
-0.4401,0,1,0.24979,0,0,0.0013896,0,0,1,0,0,0,0,0,0
-0.43511,0,1,0.24982,0,0,0.001353,0,0,1,0,0,0,0,0,0
-0.43011,0,1,0.24984,0,0,0.0013165,0,0,1,0,0,0,0,0,0
-0.42511,0,1,0.24987,0,0,0.0012799,0,0,1,0,0,0,0,0,0
-0.42011,0,1,0.24989,0,0,0.0012433,0,0,1,0,0,0,0,0,0
-0.41512,0,1,0.24992,0,0,0.0012068,0,0,1,0,0,0,0,0,0
-0.41012,0,1,0.24994,0,0,0.0011702,0,0,1,0,0,0,0,0,0
-0.40512,0,1,0.24996,0,0,0.0011336,0,0,1,0,0,0,0,0,0
-0.40012,0,1,0.24999,0,0,0.0010971,0,0,1,0,0,0,0,0,0
-0.39512,0,1,0.25001,0,0,0.0010605,0,0,1,0,0,0,0,0,0
-0.39012,0,1,0.25003,0,0,0.0010239,0,0,1,0,0,0,0,0,0
-0.38512,0,1,0.25005,0,0,0.00098735,0,0,1,0,0,0,0,0,0
-0.38011,0,1,0.25007,0,0,0.00095078,0,0,1,0,0,0,0,0,0
-0.37511,0,1,0.25009,0,0,0.00091421,0,0,1,0,0,0,0,0,0
-0.37011,0,1,0.2501,0,0,0.00087764,0,0,1,0,0,0,0,0,0
-0.36511,0,1,0.25012,0,0,0.00084107,0,0,1,0,0,0,0,0,0
-0.36011,0,1,0.25014,0,0,0.0008045,0,0,1,0,0,0,0,0,0
-0.3551,0,1,0.25015,0,0,0.00076794,0,0,1,0,0,0,0,0,0
-0.3501,0,1,0.25017,0,0,0.00073137,0,0,1,0,0,0,0,0,0
-0.3451,0,1,0.25018,0,0,0.0006948,0,0,1,0,0,0,0,0,0
-0.34009,0,1,0.25019,0,0,0.00065823,0,0,1,0,0,0,0,0,0
-0.33509,0,1,0.25021,0,0,0.00062166,0,0,1,0,0,0,0,0,0
-0.33008,0,1,0.25022,0,0,0.00058509,0,0,1,0,0,0,0,0,0
-0.32508,0,1,0.25023,0,0,0.00054853,0,0,1,0,0,0,0,0,0
-0.32007,0,1,0.25024,0,0,0.00051196,0,0,1,0,0,0,0,0,0
-0.31507,0,1,0.25025,0,0,0.00047539,0,0,1,0,0,0,0,0,0
-0.31006,0,1,0.25026,0,0,0.00043882,0,0,1,0,0,0,0,0,0
-0.30506,0,1,0.25026,0,0,0.00040225,0,0,1,0,0,0,0,0,0
-0.30005,0,1,0.25027,0,0,0.00036568,0,0,1,0,0,0,0,0,0
-0.29505,0,1,0.25028,0,0,0.00032912,0,0,1,0,0,0,0,0,0
-0.29004,0,1,0.25028,0,0,0.00029255,0,0,1,0,0,0,0,0,0
-0.28504,0,1,0.25029,0,0,0.00025598,0,0,1,0,0,0,0,0,0
-0.28003,0,1,0.25029,0,0,0.00021941,0,0,1,0,0,0,0,0,0
-0.27502,0,1,0.2503,0,0,0.00018284,0,0,1,0,0,0,0,0,0
-0.27002,0,1,0.2503,0,0,0.00014627,0,0,1,0,0,0,0,0,0
-0.26501,0,1,0.2503,0,0,0.00010971,0,0,1,0,0,0,0,0,0
-0.26001,0,1,0.2503,0,0,7.3137e-05,0,0,1,0,0,0,0,0,0
-0.255,0,1,0.2503,0,0,3.6568e-05,0,0,1,0,0,0,0,0,0
-0.24999,0,1,0.2503,0,0,-6.9389e-14,0,0,1,0,0,0,0,0,0
-0.24499,0,1,0.2503,0,0,-3.6568e-05,0,0,1,0,0,0,0,0,0
-0.23998,0,1,0.2503,0,0,-7.3137e-05,0,0,1,0,0,0,0,0,0
-0.23498,0,1,0.2503,0,0,-0.00010971,0,0,1,0,0,0,0,0,0
-0.22997,0,1,0.2503,0,0,-0.00014627,0,0,1,0,0,0,0,0,0
-0.22496,0,1,0.25029,0,0,-0.00018284,0,0,1,0,0,0,0,0,0
-0.21996,0,1,0.25029,0,0,-0.00021941,0,0,1,0,0,0,0,0,0
-0.21495,0,1,0.25028,0,0,-0.00025598,0,0,1,0,0,0,0,0,0
-0.20995,0,1,0.25028,0,0,-0.00029255,0,0,1,0,0,0,0,0,0
-0.20494,0,1,0.25027,0,0,-0.00032912,0,0,1,0,0,0,0,0,0
-0.19994,0,1,0.25026,0,0,-0.00036568,0,0,1,0,0,0,0,0,0
-0.19493,0,1,0.25026,0,0,-0.00040225,0,0,1,0,0,0,0,0,0
-0.18993,0,1,0.25025,0,0,-0.00043882,0,0,1,0,0,0,0,0,0
-0.18492,0,1,0.25024,0,0,-0.00047539,0,0,1,0,0,0,0,0,0
-0.17992,0,1,0.25023,0,0,-0.00051196,0,0,1,0,0,0,0,0,0
-0.17491,0,1,0.25022,0,0,-0.00054853,0,0,1,0,0,0,0,0,0
-0.16991,0,1,0.25021,0,0,-0.00058509,0,0,1,0,0,0,0,0,0
-0.1649,0,1,0.25019,0,0,-0.00062166,0,0,1,0,0,0,0,0,0
-0.1599,0,1,0.25018,0,0,-0.00065823,0,0,1,0,0,0,0,0,0
-0.1549,0,1,0.25017,0,0,-0.0006948,0,0,1,0,0,0,0,0,0
-0.14989,0,1,0.25015,0,0,-0.00073137,0,0,1,0,0,0,0,0,0
-0.14489,0,1,0.25014,0,0,-0.00076794,0,0,1,0,0,0,0,0,0
-0.13989,0,1,0.25012,0,0,-0.0008045,0,0,1,0,0,0,0,0,0
-0.13489,0,1,0.2501,0,0,-0.00084107,0,0,1,0,0,0,0,0,0
-0.12989,0,1,0.25009,0,0,-0.00087764,0,0,1,0,0,0,0,0,0
-0.12488,0,1,0.25007,0,0,-0.00091421,0,0,1,0,0,0,0,0,0
-0.11988,0,1,0.25005,0,0,-0.00095078,0,0,1,0,0,0,0,0,0
-0.11488,0,1,0.25003,0,0,-0.00098735,0,0,1,0,0,0,0,0,0
-0.10988,0,1,0.25001,0,0,-0.0010239,0,0,1,0,0,0,0,0,0
-0.10488,0,1,0.24999,0,0,-0.0010605,0,0,1,0,0,0,0,0,0
-0.099884,0,1,0.24996,0,0,-0.0010971,0,0,1,0,0,0,0,0,0
-0.094885,0,1,0.24994,0,0,-0.0011336,0,0,1,0,0,0,0,0,0
-0.089886,0,1,0.24992,0,0,-0.0011702,0,0,1,0,0,0,0,0,0
-0.084889,0,1,0.24989,0,0,-0.0012068,0,0,1,0,0,0,0,0,0
-0.079891,0,1,0.24987,0,0,-0.0012433,0,0,1,0,0,0,0,0,0
-0.074894,0,1,0.24984,0,0,-0.0012799,0,0,1,0,0,0,0,0,0
-0.069898,0,1,0.24982,0,0,-0.0013165,0,0,1,0,0,0,0,0,0
-0.064902,0,1,0.24979,0,0,-0.001353,0,0,1,0,0,0,0,0,0
-0.059907,0,1,0.24976,0,0,-0.0013896,0,0,1,0,0,0,0,0,0
-0.054912,0,1,0.24973,0,0,-0.0014262,0,0,1,0,0,0,0,0,0
-0.049918,0,1,0.2497,0,0,-0.0014627,0,0,1,0,0,0,0,0,0
-0.044925,0,1,0.24967,0,0,-0.0014993,0,0,1,0,0,0,0,0,0
-0.039932,0,1,0.24964,0,0,-0.0015359,0,0,1,0,0,0,0,0,0
-0.03494,0,1,0.24961,0,0,-0.0015724,0,0,1,0,0,0,0,0,0
-0.029948,0,1,0.24958,0,0,-0.001609,0,0,1,0,0,0,0,0,0
-0.024957,0,1,0.24955,0,0,-0.0016456,0,0,1,0,0,0,0,0,0
-0.019967,0,1,0.24951,0,0,-0.0016821,0,0,1,0,0,0,0,0,0
-0.014977,0,1,0.24948,0,0,-0.0017187,0,0,1,0,0,0,0,0,0
-0.0099882,0,1,0.24944,0,0,-0.0017553,0,0,1,0,0,0,0,0,0
-0.005,0,1,0.24941,0,0,-0.0017918,0,0,1,0,0,0,0,0,0
