0,0,1,0,0,0,0,0,0,1,0,0,0,0,0,0
0.0052781,0,1,0.26391,0,0,13.195,0,0,1,0,0,0,0,0,0
0.0109,0,1,0.28111,0,0,0.8602,0,0,1,0,0,0,0,0,0
0.016857,0,1,0.29784,0,0,0.83655,0,0,1,0,0,0,0,0,0
0.023139,0,1,0.3141,0,0,0.81291,0,0,1,0,0,0,0,0,0
0.029737,0,1,0.32988,0,0,0.78926,0,0,1,0,0,0,0,0,0
0.036641,0,1,0.3452,0,0,0.76561,0,0,1,0,0,0,0,0,0
0.043841,0,1,0.36004,0,0,0.74196,0,0,1,0,0,0,0,0,0
0.051329,0,1,0.3744,0,0,0.71831,0,0,1,0,0,0,0,0,0
0.059095,0,1,0.38829,0,0,0.69466,0,0,1,0,0,0,0,0,0
0.06713,0,1,0.40172,0,0,0.67101,0,0,1,0,0,0,0,0,0
0.075423,0,1,0.41466,0,0,0.64737,0,0,1,0,0,0,0,0,0
0.083966,0,1,0.42714,0,0,0.62372,0,0,1,0,0,0,0,0,0
0.092748,0,1,0.43914,0,0,0.60007,0,0,1,0,0,0,0,0,0
0.10176,0,1,0.45067,0,0,0.57642,0,0,1,0,0,0,0,0,0
0.111,0,1,0.46172,0,0,0.55277,0,0,1,0,0,0,0,0,0
0.12044,0,1,0.4723,0,0,0.52912,0,0,1,0,0,0,0,0,0
0.13009,0,1,0.48241,0,0,0.50547,0,0,1,0,0,0,0,0,0
0.13993,0,1,0.49205,0,0,0.48183,0,0,1,0,0,0,0,0,0
0.14996,0,1,0.50121,0,0,0.45818,0,0,1,0,0,0,0,0,0
0.16015,0,1,0.5099,0,0,0.43453,0,0,1,0,0,0,0,0,0
0.17052,0,1,0.51812,0,0,0.41088,0,0,1,0,0,0,0,0,0
0.18103,0,1,0.52587,0,0,0.38723,0,0,1,0,0,0,0,0,0
0.1917,0,1,0.53314,0,0,0.36358,0,0,1,0,0,0,0,0,0
0.2025,0,1,0.53994,0,0,0.33993,0,0,1,0,0,0,0,0,0
0.21342,0,1,0.54626,0,0,0.31629,0,0,1,0,0,0,0,0,0
0.22446,0,1,0.55212,0,0,0.29264,0,0,1,0,0,0,0,0,0
0.23561,0,1,0.5575,0,0,0.26899,0,0,1,0,0,0,0,0,0
0.24686,0,1,0.5624,0,0,0.24534,0,0,1,0,0,0,0,0,0
0.2582,0,1,0.56684,0,0,0.22169,0,0,1,0,0,0,0,0,0
0.26961,0,1,0.5708,0,0,0.19804,0,0,1,0,0,0,0,0,0
0.2811,0,1,0.57428,0,0,0.17439,0,0,1,0,0,0,0,0,0
0.29264,0,1,0.5773,0,0,0.15075,0,0,1,0,0,0,0,0,0
0.30424,0,1,0.57984,0,0,0.1271,0,0,1,0,0,0,0,0,0
0.31588,0,1,0.58191,0,0,0.10345,0,0,1,0,0,0,0,0,0
0.32755,0,1,0.58351,0,0,0.079799,0,0,1,0,0,0,0,0,0
0.33924,0,1,0.58463,0,0,0.056151,0,0,1,0,0,0,0,0,0
0.35095,0,1,0.58528,0,0,0.032502,0,0,1,0,0,0,0,0,0
0.36266,0,1,0.58546,0,0,0.0088537,0,0,1,0,0,0,0,0,0
0.37436,0,1,0.58516,0,0,-0.014795,0,0,1,0,0,0,0,0,0
0.38605,0,1,0.58439,0,0,-0.038443,0,0,1,0,0,0,0,0,0
0.39771,0,1,0.58315,0,0,-0.062092,0,0,1,0,0,0,0,0,0
0.40934,0,1,0.58144,0,0,-0.085741,0,0,1,0,0,0,0,0,0
0.42093,0,1,0.57925,0,0,-0.10939,0,0,1,0,0,0,0,0,0
0.43246,0,1,0.57659,0,0,-0.13304,0,0,1,0,0,0,0,0,0
0.44393,0,1,0.57345,0,0,-0.15669,0,0,1,0,0,0,0,0,0
0.45532,0,1,0.56985,0,0,-0.18033,0,0,1,0,0,0,0,0,0
0.46664,0,1,0.56577,0,0,-0.20398,0,0,1,0,0,0,0,0,0
0.47786,0,1,0.56121,0,0,-0.22763,0,0,1,0,0,0,0,0,0
0.48899,0,1,0.55619,0,0,-0.25128,0,0,1,0,0,0,0,0,0
0.5,0,1,0.55069,0,0,-0.27493,0,0,1,0,0,0,0,0,0
0.5109,0,1,0.54484,0,0,-0.29261,0,0,1,0,0,0,0,0,0
0.52168,0,1,0.53911,0,0,-0.2864,0,0,1,0,0,0,0,0,0
0.53235,0,1,0.53363,0,0,-0.27422,0,0,1,0,0,0,0,0,0
0.54292,0,1,0.52838,0,0,-0.26204,0,0,1,0,0,0,0,0,0
0.55339,0,1,0.52339,0,0,-0.24985,0,0,1,0,0,0,0,0,0
0.56376,0,1,0.51863,0,0,-0.23767,0,0,1,0,0,0,0,0,0
0.57404,0,1,0.51412,0,0,-0.22549,0,0,1,0,0,0,0,0,0
0.58424,0,1,0.50986,0,0,-0.21331,0,0,1,0,0,0,0,0,0
0.59436,0,1,0.50584,0,0,-0.20113,0,0,1,0,0,0,0,0,0
0.6044,0,1,0.50206,0,0,-0.18895,0,0,1,0,0,0,0,0,0
0.61437,0,1,0.49852,0,0,-0.17677,0,0,1,0,0,0,0,0,0
0.62427,0,1,0.49523,0,0,-0.16459,0,0,1,0,0,0,0,0,0
0.63412,0,1,0.49218,0,0,-0.15241,0,0,1,0,0,0,0,0,0
0.6439,0,1,0.48938,0,0,-0.14023,0,0,1,0,0,0,0,0,0
0.65364,0,1,0.48682,0,0,-0.12805,0,0,1,0,0,0,0,0,0
0.66333,0,1,0.4845,0,0,-0.11587,0,0,1,0,0,0,0,0,0
0.67298,0,1,0.48242,0,0,-0.10369,0,0,1,0,0,0,0,0,0
0.68259,0,1,0.48059,0,0,-0.091505,0,0,1,0,0,0,0,0,0
0.69217,0,1,0.47901,0,0,-0.079324,0,0,1,0,0,0,0,0,0
0.70172,0,1,0.47766,0,0,-0.067143,0,0,1,0,0,0,0,0,0
0.71125,0,1,0.47657,0,0,-0.054963,0,0,1,0,0,0,0,0,0
0.72077,0,1,0.47571,0,0,-0.042782,0,0,1,0,0,0,0,0,0
0.73027,0,1,0.4751,0,0,-0.030601,0,0,1,0,0,0,0,0,0
0.73977,0,1,0.47473,0,0,-0.01842,0,0,1,0,0,0,0,0,0
0.74926,0,1,0.4746,0,0,-0.0062396,0,0,1,0,0,0,0,0,0
0.75875,0,1,0.47472,0,0,0.0059411,0,0,1,0,0,0,0,0,0
0.76825,0,1,0.47509,0,0,0.018122,0,0,1,0,0,0,0,0,0
0.77777,0,1,0.47569,0,0,0.030303,0,0,1,0,0,0,0,0,0
0.7873,0,1,0.47654,0,0,0.042483,0,0,1,0,0,0,0,0,0
0.79685,0,1,0.47763,0,0,0.054664,0,0,1,0,0,0,0,0,0
0.80643,0,1,0.47897,0,0,0.066845,0,0,1,0,0,0,0,0,0
0.81604,0,1,0.48055,0,0,0.079026,0,0,1,0,0,0,0,0,0
0.82569,0,1,0.48238,0,0,0.091206,0,0,1,0,0,0,0,0,0
0.83538,0,1,0.48444,0,0,0.10339,0,0,1,0,0,0,0,0,0
0.84511,0,1,0.48676,0,0,0.11557,0,0,1,0,0,0,0,0,0
0.8549,0,1,0.48931,0,0,0.12775,0,0,1,0,0,0,0,0,0
0.86474,0,1,0.49211,0,0,0.13993,0,0,1,0,0,0,0,0,0
0.87464,0,1,0.49515,0,0,0.15211,0,0,1,0,0,0,0,0,0
0.88461,0,1,0.49844,0,0,0.16429,0,0,1,0,0,0,0,0,0
0.89465,0,1,0.50197,0,0,0.17647,0,0,1,0,0,0,0,0,0
0.90477,0,1,0.50574,0,0,0.18865,0,0,1,0,0,0,0,0,0
0.91496,0,1,0.50976,0,0,0.20083,0,0,1,0,0,0,0,0,0
0.92524,0,1,0.51402,0,0,0.21301,0,0,1,0,0,0,0,0,0
0.93561,0,1,0.51852,0,0,0.22519,0,0,1,0,0,0,0,0,0
0.94608,0,1,0.52327,0,0,0.23738,0,0,1,0,0,0,0,0,0
0.95664,0,1,0.52826,0,0,0.24956,0,0,1,0,0,0,0,0,0
0.96731,0,1,0.53349,0,0,0.26174,0,0,1,0,0,0,0,0,0
0.97809,0,1,0.53897,0,0,0.27392,0,0,1,0,0,0,0,0,0
0.98899,0,1,0.54469,0,0,0.2861,0,0,1,0,0,0,0,0,0
1,0,1,0.55066,0,0,0.29828,0,0,1,0,0,0,0,0,0
1.0111,0,1,0.55674,0,0,0.30425,0,0,1,0,0,0,0,0,0
1.0224,0,1,0.56245,0,0,0.28539,0,0,1,0,0,0,0,0,0
1.0337,0,1,0.56766,0,0,0.26031,0,0,1,0,0,0,0,0,0
1.0452,0,1,0.57236,0,0,0.23524,0,0,1,0,0,0,0,0,0
1.0567,0,1,0.57657,0,0,0.21016,0,0,1,0,0,0,0,0,0
1.0683,0,1,0.58027,0,0,0.18509,0,0,1,0,0,0,0,0,0
1.08,0,1,0.58347,0,0,0.16001,0,0,1,0,0,0,0,0,0
1.0917,0,1,0.58617,0,0,0.13494,0,0,1,0,0,0,0,0,0
1.1035,0,1,0.58836,0,0,0.10986,0,0,1,0,0,0,0,0,0
1.1153,0,1,0.59006,0,0,0.08479,0,0,1,0,0,0,0,0,0
1.1271,0,1,0.59125,0,0,0.059716,0,0,1,0,0,0,0,0,0
1.1389,0,1,0.59195,0,0,0.034641,0,0,1,0,0,0,0,0,0
1.1508,0,1,0.59214,0,0,0.0095667,0,0,1,0,0,0,0,0,0
1.1626,0,1,0.59183,0,0,-0.015508,0,0,1,0,0,0,0,0,0
1.1744,0,1,0.59102,0,0,-0.040582,0,0,1,0,0,0,0,0,0
1.1862,0,1,0.5897,0,0,-0.065657,0,0,1,0,0,0,0,0,0
1.198,0,1,0.58789,0,0,-0.090731,0,0,1,0,0,0,0,0,0
1.2097,0,1,0.58557,0,0,-0.11581,0,0,1,0,0,0,0,0,0
1.2214,0,1,0.58276,0,0,-0.14088,0,0,1,0,0,0,0,0,0
1.233,0,1,0.57944,0,0,-0.16595,0,0,1,0,0,0,0,0,0
1.2445,0,1,0.57562,0,0,-0.19103,0,0,1,0,0,0,0,0,0
1.2559,0,1,0.57129,0,0,-0.2161,0,0,1,0,0,0,0,0,0
1.2672,0,1,0.56647,0,0,-0.24118,0,0,1,0,0,0,0,0,0
1.2784,0,1,0.56115,0,0,-0.26625,0,0,1,0,0,0,0,0,0
1.2896,0,1,0.55532,0,0,-0.29133,0,0,1,0,0,0,0,0,0
1.3005,0,1,0.54899,0,0,-0.3164,0,0,1,0,0,0,0,0,0
1.3114,0,1,0.54216,0,0,-0.34148,0,0,1,0,0,0,0,0,0
1.3221,0,1,0.53483,0,0,-0.36655,0,0,1,0,0,0,0,0,0
1.3326,0,1,0.527,0,0,-0.39162,0,0,1,0,0,0,0,0,0
1.343,0,1,0.51866,0,0,-0.4167,0,0,1,0,0,0,0,0,0
1.3532,0,1,0.50983,0,0,-0.44177,0,0,1,0,0,0,0,0,0
1.3632,0,1,0.50049,0,0,-0.46685,0,0,1,0,0,0,0,0,0
1.373,0,1,0.49065,0,0,-0.49192,0,0,1,0,0,0,0,0,0
1.3826,0,1,0.48031,0,0,-0.517,0,0,1,0,0,0,0,0,0
1.392,0,1,0.46947,0,0,-0.54207,0,0,1,0,0,0,0,0,0
1.4012,0,1,0.45813,0,0,-0.56715,0,0,1,0,0,0,0,0,0
1.4101,0,1,0.44628,0,0,-0.59222,0,0,1,0,0,0,0,0,0
1.4188,0,1,0.43394,0,0,-0.61729,0,0,1,0,0,0,0,0,0
1.4272,0,1,0.42109,0,0,-0.64237,0,0,1,0,0,0,0,0,0
1.4353,0,1,0.40774,0,0,-0.66744,0,0,1,0,0,0,0,0,0
1.4432,0,1,0.39389,0,0,-0.69252,0,0,1,0,0,0,0,0,0
1.4508,0,1,0.37954,0,0,-0.71759,0,0,1,0,0,0,0,0,0
1.4581,0,1,0.36469,0,0,-0.74267,0,0,1,0,0,0,0,0,0
1.4651,0,1,0.34933,0,0,-0.76774,0,0,1,0,0,0,0,0,0
1.4718,0,1,0.33348,0,0,-0.79282,0,0,1,0,0,0,0,0,0
1.4781,0,1,0.31712,0,0,-0.81789,0,0,1,0,0,0,0,0,0
1.4841,0,1,0.30026,0,0,-0.84296,0,0,1,0,0,0,0,0,0
1.4898,0,1,0.2829,0,0,-0.86804,0,0,1,0,0,0,0,0,0
1.4951,0,1,0.26504,0,0,-0.89311,0,0,1,0,0,0,0,0,0
1.5,0,1,0.24667,0,0,-0.91819,0,0,1,0,0,0,0,0,0
1.5046,0,1,0.22798,0,0,-0.9344,0,0,1,0,0,0,0,0,0
1.5088,0,1,0.20968,0,0,-0.91515,0,0,1,0,0,0,0,0,0
1.5126,0,1,0.19194,0,0,-0.88703,0,0,1,0,0,0,0,0,0
1.5161,0,1,0.17476,0,0,-0.85891,0,0,1,0,0,0,0,0,0
1.5193,0,1,0.15815,0,0,-0.83079,0,0,1,0,0,0,0,0,0
1.5221,0,1,0.14209,0,0,-0.80268,0,0,1,0,0,0,0,0,0
1.5246,0,1,0.1266,0,0,-0.77456,0,0,1,0,0,0,0,0,0
1.5269,0,1,0.11167,0,0,-0.74644,0,0,1,0,0,0,0,0,0
1.5288,0,1,0.097306,0,0,-0.71833,0,0,1,0,0,0,0,0,0
1.5305,0,1,0.083502,0,0,-0.69021,0,0,1,0,0,0,0,0,0
1.5319,0,1,0.07026,0,0,-0.66209,0,0,1,0,0,0,0,0,0
1.533,0,1,0.05758,0,0,-0.63397,0,0,1,0,0,0,0,0,0
1.5339,0,1,0.045463,0,0,-0.60586,0,0,1,0,0,0,0,0,0
1.5346,0,1,0.033908,0,0,-0.57774,0,0,1,0,0,0,0,0,0
1.5351,0,1,0.022916,0,0,-0.54962,0,0,1,0,0,0,0,0,0
1.5353,0,1,0.012486,0,0,-0.52151,0,0,1,0,0,0,0,0,0
1.5354,0,1,0.002618,0,0,-0.49339,0,0,1,0,0,0,0,0,0
1.5352,0,1,-0.0066874,0,0,-0.46527,0,0,1,0,0,0,0,0,0
1.5349,0,1,-0.015431,0,0,-0.43716,0,0,1,0,0,0,0,0,0
1.5345,0,1,-0.023611,0,0,-0.40904,0,0,1,0,0,0,0,0,0
1.5338,0,1,-0.03123,0,0,-0.38092,0,0,1,0,0,0,0,0,0
1.5331,0,1,-0.038286,0,0,-0.3528,0,0,1,0,0,0,0,0,0
1.5322,0,1,-0.04478,0,0,-0.32469,0,0,1,0,0,0,0,0,0
1.5312,0,1,-0.050711,0,0,-0.29657,0,0,1,0,0,0,0,0,0
1.53,0,1,-0.05608,0,0,-0.26845,0,0,1,0,0,0,0,0,0
1.5288,0,1,-0.060887,0,0,-0.24034,0,0,1,0,0,0,0,0,0
1.5275,0,1,-0.065131,0,0,-0.21222,0,0,1,0,0,0,0,0,0
1.5261,0,1,-0.068813,0,0,-0.1841,0,0,1,0,0,0,0,0,0
1.5247,0,1,-0.071933,0,0,-0.15599,0,0,1,0,0,0,0,0,0
1.5232,0,1,-0.07449,0,0,-0.12787,0,0,1,0,0,0,0,0,0
1.5217,0,1,-0.076485,0,0,-0.099751,0,0,1,0,0,0,0,0,0
1.5201,0,1,-0.077918,0,0,-0.071634,0,0,1,0,0,0,0,0,0
1.5186,0,1,-0.078788,0,0,-0.043517,0,0,1,0,0,0,0,0,0
1.517,0,1,-0.079096,0,0,-0.0154,0,0,1,0,0,0,0,0,0
1.5154,0,1,-0.078842,0,0,0.012717,0,0,1,0,0,0,0,0,0
1.5138,0,1,-0.078025,0,0,0.040834,0,0,1,0,0,0,0,0,0
1.5123,0,1,-0.076646,0,0,0.068951,0,0,1,0,0,0,0,0,0
1.5108,0,1,-0.074705,0,0,0.097068,0,0,1,0,0,0,0,0,0
1.5094,0,1,-0.072201,0,0,0.12519,0,0,1,0,0,0,0,0,0
1.508,0,1,-0.069135,0,0,0.1533,0,0,1,0,0,0,0,0,0
1.5067,0,1,-0.065507,0,0,0.18142,0,0,1,0,0,0,0,0,0
1.5054,0,1,-0.061316,0,0,0.20954,0,0,1,0,0,0,0,0,0
1.5043,0,1,-0.056563,0,0,0.23765,0,0,1,0,0,0,0,0,0
1.5033,0,1,-0.051248,0,0,0.26577,0,0,1,0,0,0,0,0,0
1.5024,0,1,-0.04537,0,0,0.29389,0,0,1,0,0,0,0,0,0
1.5016,0,1,-0.03893,0,0,0.322,0,0,1,0,0,0,0,0,0
1.501,0,1,-0.031927,0,0,0.35012,0,0,1,0,0,0,0,0,0
1.5005,0,1,-0.024363,0,0,0.37824,0,0,1,0,0,0,0,0,0
1.5002,0,1,-0.016236,0,0,0.40636,0,0,1,0,0,0,0,0,0
1.5,0,1,-0.0075461,0,0,0.43447,0,0,1,0,0,0,0,0,0
1.5,0,1,0.0015207,0,0,0.45334,0,0,1,0,0,0,0,0,0
1.5002,0,1,0.010225,0,0,0.4352,0,0,1,0,0,0,0,0,0
1.5006,0,1,0.018381,0,0,0.4078,0,0,1,0,0,0,0,0,0
1.5011,0,1,0.025989,0,0,0.38041,0,0,1,0,0,0,0,0,0
1.5018,0,1,0.033049,0,0,0.35301,0,0,1,0,0,0,0,0,0
1.5026,0,1,0.039562,0,0,0.32562,0,0,1,0,0,0,0,0,0
1.5035,0,1,0.045526,0,0,0.29823,0,0,1,0,0,0,0,0,0
1.5045,0,1,0.050943,0,0,0.27083,0,0,1,0,0,0,0,0,0
1.5056,0,1,0.055812,0,0,0.24344,0,0,1,0,0,0,0,0,0
1.5068,0,1,0.060132,0,0,0.21605,0,0,1,0,0,0,0,0,0
1.5081,0,1,0.063906,0,0,0.18865,0,0,1,0,0,0,0,0,0
1.5094,0,1,0.067131,0,0,0.16126,0,0,1,0,0,0,0,0,0
1.5108,0,1,0.069808,0,0,0.13387,0,0,1,0,0,0,0,0,0
1.5123,0,1,0.071937,0,0,0.10647,0,0,1,0,0,0,0,0,0
1.5137,0,1,0.073519,0,0,0.079078,0,0,1,0,0,0,0,0,0
1.5152,0,1,0.074553,0,0,0.051684,0,0,1,0,0,0,0,0,0
1.5167,0,1,0.075038,0,0,0.02429,0,0,1,0,0,0,0,0,0
1.5182,0,1,0.074976,0,0,-0.0031034,0,0,1,0,0,0,0,0,0
1.5197,0,1,0.074366,0,0,-0.030497,0,0,1,0,0,0,0,0,0
1.5212,0,1,0.073209,0,0,-0.057891,0,0,1,0,0,0,0,0,0
1.5226,0,1,0.071503,0,0,-0.085285,0,0,1,0,0,0,0,0,0
1.524,0,1,0.069249,0,0,-0.11268,0,0,1,0,0,0,0,0,0
1.5253,0,1,0.066448,0,0,-0.14007,0,0,1,0,0,0,0,0,0
1.5266,0,1,0.063099,0,0,-0.16747,0,0,1,0,0,0,0,0,0
1.5278,0,1,0.059201,0,0,-0.19486,0,0,1,0,0,0,0,0,0
1.5289,0,1,0.054756,0,0,-0.22225,0,0,1,0,0,0,0,0,0
1.5299,0,1,0.049763,0,0,-0.24965,0,0,1,0,0,0,0,0,0
1.5308,0,1,0.044223,0,0,-0.27704,0,0,1,0,0,0,0,0,0
1.5315,0,1,0.038134,0,0,-0.30443,0,0,1,0,0,0,0,0,0
1.5321,0,1,0.031497,0,0,-0.33183,0,0,1,0,0,0,0,0,0
1.5326,0,1,0.024313,0,0,-0.35922,0,0,1,0,0,0,0,0,0
1.533,0,1,0.016581,0,0,-0.38662,0,0,1,0,0,0,0,0,0
1.5331,0,1,0.0083005,0,0,-0.41401,0,0,1,0,0,0,0,0,0
1.5331,0,1,-0.00052758,0,0,-0.4414,0,0,1,0,0,0,0,0,0
1.5329,0,1,-0.0099035,0,0,-0.4688,0,0,1,0,0,0,0,0,0
1.5325,0,1,-0.019827,0,0,-0.49619,0,0,1,0,0,0,0,0,0
1.5319,0,1,-0.030299,0,0,-0.52358,0,0,1,0,0,0,0,0,0
1.5311,0,1,-0.041319,0,0,-0.55098,0,0,1,0,0,0,0,0,0
1.53,0,1,-0.052886,0,0,-0.57837,0,0,1,0,0,0,0,0,0
1.5287,0,1,-0.065001,0,0,-0.60576,0,0,1,0,0,0,0,0,0
1.5272,0,1,-0.077664,0,0,-0.63316,0,0,1,0,0,0,0,0,0
1.5254,0,1,-0.090875,0,0,-0.66055,0,0,1,0,0,0,0,0,0
1.5233,0,1,-0.10463,0,0,-0.68795,0,0,1,0,0,0,0,0,0
1.5209,0,1,-0.11894,0,0,-0.71534,0,0,1,0,0,0,0,0,0
1.5182,0,1,-0.1338,0,0,-0.74273,0,0,1,0,0,0,0,0,0
1.5152,0,1,-0.1492,0,0,-0.77013,0,0,1,0,0,0,0,0,0
1.5119,0,1,-0.16515,0,0,-0.79752,0,0,1,0,0,0,0,0,0
1.5083,0,1,-0.18165,0,0,-0.82491,0,0,1,0,0,0,0,0,0
1.5043,0,1,-0.19869,0,0,-0.85231,0,0,1,0,0,0,0,0,0
1.5,0,1,-0.21629,0,0,-0.8797,0,0,1,0,0,0,0,0,0
1.4953,0,1,-0.23426,0,0,-0.89875,0,0,1,0,0,0,0,0,0
1.4903,0,1,-0.25195,0,0,-0.88444,0,0,1,0,0,0,0,0,0
1.4849,0,1,-0.26919,0,0,-0.86178,0,0,1,0,0,0,0,0,0
1.4792,0,1,-0.28597,0,0,-0.83912,0,0,1,0,0,0,0,0,0
1.4731,0,1,-0.3023,0,0,-0.81646,0,0,1,0,0,0,0,0,0
1.4668,0,1,-0.31817,0,0,-0.79381,0,0,1,0,0,0,0,0,0
1.4601,0,1,-0.3336,0,0,-0.77115,0,0,1,0,0,0,0,0,0
1.4531,0,1,-0.34857,0,0,-0.74849,0,0,1,0,0,0,0,0,0
1.4459,0,1,-0.36308,0,0,-0.72583,0,0,1,0,0,0,0,0,0
1.4383,0,1,-0.37715,0,0,-0.70318,0,0,1,0,0,0,0,0,0
1.4305,0,1,-0.39076,0,0,-0.68052,0,0,1,0,0,0,0,0,0
1.4224,0,1,-0.40392,0,0,-0.65786,0,0,1,0,0,0,0,0,0
1.4141,0,1,-0.41662,0,0,-0.6352,0,0,1,0,0,0,0,0,0
1.4055,0,1,-0.42887,0,0,-0.61254,0,0,1,0,0,0,0,0,0
1.3967,0,1,-0.44067,0,0,-0.58989,0,0,1,0,0,0,0,0,0
1.3877,0,1,-0.45201,0,0,-0.56723,0,0,1,0,0,0,0,0,0
1.3784,0,1,-0.4629,0,0,-0.54457,0,0,1,0,0,0,0,0,0
1.3689,0,1,-0.47334,0,0,-0.52191,0,0,1,0,0,0,0,0,0
1.3593,0,1,-0.48333,0,0,-0.49926,0,0,1,0,0,0,0,0,0
1.3494,0,1,-0.49286,0,0,-0.4766,0,0,1,0,0,0,0,0,0
1.3394,0,1,-0.50194,0,0,-0.45394,0,0,1,0,0,0,0,0,0
1.3292,0,1,-0.51056,0,0,-0.43128,0,0,1,0,0,0,0,0,0
1.3188,0,1,-0.51874,0,0,-0.40862,0,0,1,0,0,0,0,0,0
1.3083,0,1,-0.52646,0,0,-0.38597,0,0,1,0,0,0,0,0,0
1.2976,0,1,-0.53372,0,0,-0.36331,0,0,1,0,0,0,0,0,0
1.2868,0,1,-0.54053,0,0,-0.34065,0,0,1,0,0,0,0,0,0
1.2758,0,1,-0.54689,0,0,-0.31799,0,0,1,0,0,0,0,0,0
1.2648,0,1,-0.5528,0,0,-0.29534,0,0,1,0,0,0,0,0,0
1.2536,0,1,-0.55825,0,0,-0.27268,0,0,1,0,0,0,0,0,0
1.2423,0,1,-0.56326,0,0,-0.25002,0,0,1,0,0,0,0,0,0
1.231,0,1,-0.5678,0,0,-0.22736,0,0,1,0,0,0,0,0,0
1.2196,0,1,-0.5719,0,0,-0.2047,0,0,1,0,0,0,0,0,0
1.208,0,1,-0.57554,0,0,-0.18205,0,0,1,0,0,0,0,0,0
1.1965,0,1,-0.57873,0,0,-0.15939,0,0,1,0,0,0,0,0,0
1.1848,0,1,-0.58146,0,0,-0.13673,0,0,1,0,0,0,0,0,0
1.1732,0,1,-0.58374,0,0,-0.11407,0,0,1,0,0,0,0,0,0
1.1615,0,1,-0.58557,0,0,-0.091416,0,0,1,0,0,0,0,0,0
1.1497,0,1,-0.58694,0,0,-0.068758,0,0,1,0,0,0,0,0,0
1.138,0,1,-0.58787,0,0,-0.0461,0,0,1,0,0,0,0,0,0
1.1262,0,1,-0.58834,0,0,-0.023443,0,0,1,0,0,0,0,0,0
1.1144,0,1,-0.58835,0,0,-0.00078473,0,0,1,0,0,0,0,0,0
1.1027,0,1,-0.58791,0,0,0.021873,0,0,1,0,0,0,0,0,0
1.0909,0,1,-0.58702,0,0,0.044531,0,0,1,0,0,0,0,0,0
1.0792,0,1,-0.58568,0,0,0.067189,0,0,1,0,0,0,0,0,0
1.0675,0,1,-0.58388,0,0,0.089846,0,0,1,0,0,0,0,0,0
1.0559,0,1,-0.58163,0,0,0.1125,0,0,1,0,0,0,0,0,0
1.0443,0,1,-0.57893,0,0,0.13516,0,0,1,0,0,0,0,0,0
1.0328,0,1,-0.57577,0,0,0.15782,0,0,1,0,0,0,0,0,0
1.0214,0,1,-0.57216,0,0,0.18048,0,0,1,0,0,0,0,0,0
1.01,0,1,-0.5681,0,0,0.20314,0,0,1,0,0,0,0,0,0
0.99873,0,1,-0.56368,0,0,0.22108,0,0,1,0,0,0,0,0,0
0.98754,0,1,-0.55928,0,0,0.22016,0,0,1,0,0,0,0,0,0
0.97644,0,1,-0.55499,0,0,0.21452,0,0,1,0,0,0,0,0,0
0.96543,0,1,-0.55081,0,0,0.20888,0,0,1,0,0,0,0,0,0
0.95449,0,1,-0.54674,0,0,0.20324,0,0,1,0,0,0,0,0,0
0.94363,0,1,-0.54279,0,0,0.19761,0,0,1,0,0,0,0,0,0
0.93286,0,1,-0.53895,0,0,0.19197,0,0,1,0,0,0,0,0,0
0.92215,0,1,-0.53523,0,0,0.18633,0,0,1,0,0,0,0,0,0
0.91152,0,1,-0.53161,0,0,0.18069,0,0,1,0,0,0,0,0,0
0.90096,0,1,-0.52811,0,0,0.17506,0,0,1,0,0,0,0,0,0
0.89046,0,1,-0.52472,0,0,0.16942,0,0,1,0,0,0,0,0,0
0.88003,0,1,-0.52145,0,0,0.16378,0,0,1,0,0,0,0,0,0
0.86967,0,1,-0.51828,0,0,0.15814,0,0,1,0,0,0,0,0,0
0.85936,0,1,-0.51523,0,0,0.15251,0,0,1,0,0,0,0,0,0
0.84912,0,1,-0.5123,0,0,0.14687,0,0,1,0,0,0,0,0,0
0.83893,0,1,-0.50947,0,0,0.14123,0,0,1,0,0,0,0,0,0
0.82879,0,1,-0.50676,0,0,0.13559,0,0,1,0,0,0,0,0,0
0.81871,0,1,-0.50416,0,0,0.12996,0,0,1,0,0,0,0,0,0
0.80868,0,1,-0.50167,0,0,0.12432,0,0,1,0,0,0,0,0,0
0.79869,0,1,-0.4993,0,0,0.11868,0,0,1,0,0,0,0,0,0
0.78875,0,1,-0.49704,0,0,0.11305,0,0,1,0,0,0,0,0,0
0.77885,0,1,-0.49489,0,0,0.10741,0,0,1,0,0,0,0,0,0
0.76899,0,1,-0.49286,0,0,0.10177,0,0,1,0,0,0,0,0,0
0.75918,0,1,-0.49093,0,0,0.096133,0,0,1,0,0,0,0,0,0
0.74939,0,1,-0.48912,0,0,0.090496,0,0,1,0,0,0,0,0,0
0.73964,0,1,-0.48743,0,0,0.084858,0,0,1,0,0,0,0,0,0
0.72993,0,1,-0.48584,0,0,0.079221,0,0,1,0,0,0,0,0,0
0.72024,0,1,-0.48437,0,0,0.073584,0,0,1,0,0,0,0,0,0
0.71058,0,1,-0.48301,0,0,0.067946,0,0,1,0,0,0,0,0,0
0.70094,0,1,-0.48176,0,0,0.062309,0,0,1,0,0,0,0,0,0
0.69133,0,1,-0.48063,0,0,0.056671,0,0,1,0,0,0,0,0,0
0.68174,0,1,-0.47961,0,0,0.051034,0,0,1,0,0,0,0,0,0
0.67217,0,1,-0.4787,0,0,0.045397,0,0,1,0,0,0,0,0,0
0.66261,0,1,-0.47791,0,0,0.039759,0,0,1,0,0,0,0,0,0
0.65306,0,1,-0.47722,0,0,0.034122,0,0,1,0,0,0,0,0,0
0.64353,0,1,-0.47666,0,0,0.028484,0,0,1,0,0,0,0,0,0
0.63401,0,1,-0.4762,0,0,0.022847,0,0,1,0,0,0,0,0,0
0.62449,0,1,-0.47585,0,0,0.01721,0,0,1,0,0,0,0,0,0
0.61498,0,1,-0.47562,0,0,0.011572,0,0,1,0,0,0,0,0,0
0.60547,0,1,-0.4755,0,0,0.0059349,0,0,1,0,0,0,0,0,0
0.59596,0,1,-0.4755,0,0,0.00029753,0,0,1,0,0,0,0,0,0
0.58644,0,1,-0.4756,0,0,-0.0053399,0,0,1,0,0,0,0,0,0
0.57693,0,1,-0.47582,0,0,-0.010977,0,0,1,0,0,0,0,0,0
0.5674,0,1,-0.47616,0,0,-0.016615,0,0,1,0,0,0,0,0,0
0.55787,0,1,-0.4766,0,0,-0.022252,0,0,1,0,0,0,0,0,0
0.54833,0,1,-0.47716,0,0,-0.027889,0,0,1,0,0,0,0,0,0
0.53877,0,1,-0.47783,0,0,-0.033527,0,0,1,0,0,0,0,0,0
0.5292,0,1,-0.47861,0,0,-0.039164,0,0,1,0,0,0,0,0,0
0.51961,0,1,-0.47951,0,0,-0.044802,0,0,1,0,0,0,0,0,0
0.51,0,1,-0.48052,0,0,-0.050439,0,0,1,0,0,0,0,0,0
0.50037,0,1,-0.48162,0,0,-0.054955,0,0,1,0,0,0,0,0,0
0.49071,0,1,-0.48272,0,0,-0.054985,0,0,1,0,0,0,0,0,0
0.48104,0,1,-0.48379,0,0,-0.053893,0,0,1,0,0,0,0,0,0
0.47134,0,1,-0.48485,0,0,-0.052801,0,0,1,0,0,0,0,0,0
0.46162,0,1,-0.48588,0,0,-0.051709,0,0,1,0,0,0,0,0,0
0.45188,0,1,-0.4869,0,0,-0.050617,0,0,1,0,0,0,0,0,0
0.44213,0,1,-0.48789,0,0,-0.049526,0,0,1,0,0,0,0,0,0
0.43235,0,1,-0.48886,0,0,-0.048434,0,0,1,0,0,0,0,0,0
0.42255,0,1,-0.4898,0,0,-0.047342,0,0,1,0,0,0,0,0,0
0.41274,0,1,-0.49073,0,0,-0.04625,0,0,1,0,0,0,0,0,0
0.40291,0,1,-0.49163,0,0,-0.045159,0,0,1,0,0,0,0,0,0
0.39306,0,1,-0.49251,0,0,-0.044067,0,0,1,0,0,0,0,0,0
0.38319,0,1,-0.49337,0,0,-0.042975,0,0,1,0,0,0,0,0,0
0.3733,0,1,-0.49421,0,0,-0.041883,0,0,1,0,0,0,0,0,0
0.3634,0,1,-0.49503,0,0,-0.040792,0,0,1,0,0,0,0,0,0
0.35349,0,1,-0.49582,0,0,-0.0397,0,0,1,0,0,0,0,0,0
0.34356,0,1,-0.49659,0,0,-0.038608,0,0,1,0,0,0,0,0,0
0.33361,0,1,-0.49734,0,0,-0.037516,0,0,1,0,0,0,0,0,0
0.32365,0,1,-0.49807,0,0,-0.036424,0,0,1,0,0,0,0,0,0
0.31367,0,1,-0.49878,0,0,-0.035333,0,0,1,0,0,0,0,0,0
0.30368,0,1,-0.49946,0,0,-0.034241,0,0,1,0,0,0,0,0,0
0.29368,0,1,-0.50013,0,0,-0.033149,0,0,1,0,0,0,0,0,0
0.28367,0,1,-0.50077,0,0,-0.032057,0,0,1,0,0,0,0,0,0
0.27364,0,1,-0.50139,0,0,-0.030966,0,0,1,0,0,0,0,0,0
0.2636,0,1,-0.50198,0,0,-0.029874,0,0,1,0,0,0,0,0,0
0.25355,0,1,-0.50256,0,0,-0.028782,0,0,1,0,0,0,0,0,0
0.24348,0,1,-0.50311,0,0,-0.02769,0,0,1,0,0,0,0,0,0
0.23341,0,1,-0.50364,0,0,-0.026598,0,0,1,0,0,0,0,0,0
0.22333,0,1,-0.50415,0,0,-0.025507,0,0,1,0,0,0,0,0,0
0.21324,0,1,-0.50464,0,0,-0.024415,0,0,1,0,0,0,0,0,0
0.20313,0,1,-0.50511,0,0,-0.023323,0,0,1,0,0,0,0,0,0
0.19302,0,1,-0.50555,0,0,-0.022231,0,0,1,0,0,0,0,0,0
0.1829,0,1,-0.50598,0,0,-0.02114,0,0,1,0,0,0,0,0,0
0.17278,0,1,-0.50638,0,0,-0.020048,0,0,1,0,0,0,0,0,0
0.16264,0,1,-0.50676,0,0,-0.018956,0,0,1,0,0,0,0,0,0
0.1525,0,1,-0.50711,0,0,-0.017864,0,0,1,0,0,0,0,0,0
0.14235,0,1,-0.50745,0,0,-0.016772,0,0,1,0,0,0,0,0,0
0.13219,0,1,-0.50776,0,0,-0.015681,0,0,1,0,0,0,0,0,0
0.12203,0,1,-0.50805,0,0,-0.014589,0,0,1,0,0,0,0,0,0
0.11187,0,1,-0.50832,0,0,-0.013497,0,0,1,0,0,0,0,0,0
0.10169,0,1,-0.50857,0,0,-0.012405,0,0,1,0,0,0,0,0,0
0.091518,0,1,-0.5088,0,0,-0.011314,0,0,1,0,0,0,0,0,0
0.081338,0,1,-0.509,0,0,-0.010222,0,0,1,0,0,0,0,0,0
0.071155,0,1,-0.50919,0,0,-0.0091301,0,0,1,0,0,0,0,0,0
0.060968,0,1,-0.50935,0,0,-0.0080383,0,0,1,0,0,0,0,0,0
0.050778,0,1,-0.50949,0,0,-0.0069465,0,0,1,0,0,0,0,0,0
0.040586,0,1,-0.5096,0,0,-0.0058547,0,0,1,0,0,0,0,0,0
0.030392,0,1,-0.5097,0,0,-0.004763,0,0,1,0,0,0,0,0,0
0.020196,0,1,-0.50977,0,0,-0.0036712,0,0,1,0,0,0,0,0,0
0.01,0,1,-0.50982,0,0,-0.0025794,0,0,1,0,0,0,0,0,0
-0.00019705,0,1,-0.50985,0,0,-0.0014579,0,0,1,0,0,0,0,0,0
-0.010394,0,1,-0.50986,0,0,-0.00021735,0,0,1,0,0,0,0,0,0
-0.020591,0,1,-0.50984,0,0,0.0010529,0,0,1,0,0,0,0,0,0
-0.030787,0,1,-0.50979,0,0,0.0023232,0,0,1,0,0,0,0,0,0
-0.040981,0,1,-0.50972,0,0,0.0035935,0,0,1,0,0,0,0,0,0
-0.051173,0,1,-0.50962,0,0,0.0048638,0,0,1,0,0,0,0,0,0
-0.061363,0,1,-0.5095,0,0,0.0061341,0,0,1,0,0,0,0,0,0
-0.07155,0,1,-0.50935,0,0,0.0074044,0,0,1,0,0,0,0,0,0
-0.081734,0,1,-0.50918,0,0,0.0086747,0,0,1,0,0,0,0,0,0
-0.091913,0,1,-0.50898,0,0,0.009945,0,0,1,0,0,0,0,0,0
-0.10209,0,1,-0.50875,0,0,0.011215,0,0,1,0,0,0,0,0,0
-0.11226,0,1,-0.5085,0,0,0.012486,0,0,1,0,0,0,0,0,0
-0.12242,0,1,-0.50823,0,0,0.013756,0,0,1,0,0,0,0,0,0
-0.13258,0,1,-0.50793,0,0,0.015026,0,0,1,0,0,0,0,0,0
-0.14273,0,1,-0.5076,0,0,0.016296,0,0,1,0,0,0,0,0,0
-0.15288,0,1,-0.50725,0,0,0.017567,0,0,1,0,0,0,0,0,0
-0.16302,0,1,-0.50687,0,0,0.018837,0,0,1,0,0,0,0,0,0
-0.17315,0,1,-0.50647,0,0,0.020107,0,0,1,0,0,0,0,0,0
-0.18327,0,1,-0.50604,0,0,0.021378,0,0,1,0,0,0,0,0,0
-0.19338,0,1,-0.50559,0,0,0.022648,0,0,1,0,0,0,0,0,0
-0.20348,0,1,-0.50511,0,0,0.023918,0,0,1,0,0,0,0,0,0
-0.21357,0,1,-0.50461,0,0,0.025188,0,0,1,0,0,0,0,0,0
-0.22365,0,1,-0.50408,0,0,0.026459,0,0,1,0,0,0,0,0,0
-0.23372,0,1,-0.50352,0,0,0.027729,0,0,1,0,0,0,0,0,0
-0.24378,0,1,-0.50294,0,0,0.028999,0,0,1,0,0,0,0,0,0
-0.25383,0,1,-0.50234,0,0,0.03027,0,0,1,0,0,0,0,0,0
-0.26386,0,1,-0.50171,0,0,0.03154,0,0,1,0,0,0,0,0,0
-0.27389,0,1,-0.50105,0,0,0.03281,0,0,1,0,0,0,0,0,0
-0.28389,0,1,-0.50037,0,0,0.034081,0,0,1,0,0,0,0,0,0
-0.29389,0,1,-0.49966,0,0,0.035351,0,0,1,0,0,0,0,0,0
-0.30387,0,1,-0.49893,0,0,0.036621,0,0,1,0,0,0,0,0,0
-0.31383,0,1,-0.49817,0,0,0.037891,0,0,1,0,0,0,0,0,0
-0.32378,0,1,-0.49739,0,0,0.039162,0,0,1,0,0,0,0,0,0
-0.33371,0,1,-0.49658,0,0,0.040432,0,0,1,0,0,0,0,0,0
-0.34362,0,1,-0.49575,0,0,0.041702,0,0,1,0,0,0,0,0,0
-0.35352,0,1,-0.49489,0,0,0.042973,0,0,1,0,0,0,0,0,0
-0.3634,0,1,-0.494,0,0,0.044243,0,0,1,0,0,0,0,0,0
-0.37326,0,1,-0.49309,0,0,0.045513,0,0,1,0,0,0,0,0,0
-0.38311,0,1,-0.49216,0,0,0.046783,0,0,1,0,0,0,0,0,0
-0.39293,0,1,-0.4912,0,0,0.048054,0,0,1,0,0,0,0,0,0
-0.40273,0,1,-0.49021,0,0,0.049324,0,0,1,0,0,0,0,0,0
-0.41252,0,1,-0.4892,0,0,0.050594,0,0,1,0,0,0,0,0,0
-0.42228,0,1,-0.48816,0,0,0.051865,0,0,1,0,0,0,0,0,0
-0.43202,0,1,-0.4871,0,0,0.053135,0,0,1,0,0,0,0,0,0
-0.44174,0,1,-0.48601,0,0,0.054405,0,0,1,0,0,0,0,0,0
-0.45144,0,1,-0.4849,0,0,0.055675,0,0,1,0,0,0,0,0,0
-0.46112,0,1,-0.48376,0,0,0.056946,0,0,1,0,0,0,0,0,0
-0.47077,0,1,-0.48259,0,0,0.058216,0,0,1,0,0,0,0,0,0
-0.4804,0,1,-0.4814,0,0,0.059486,0,0,1,0,0,0,0,0,0
-0.49,0,1,-0.48019,0,0,0.060757,0,0,1,0,0,0,0,0,0
-0.49958,0,1,-0.47897,0,0,0.060786,0,0,1,0,0,0,0,0,0
-0.50914,0,1,-0.47786,0,0,0.055854,0,0,1,0,0,0,0,0,0
-0.51867,0,1,-0.47686,0,0,0.049681,0,0,1,0,0,0,0,0,0
-0.52819,0,1,-0.47599,0,0,0.043508,0,0,1,0,0,0,0,0,0
-0.5377,0,1,-0.47525,0,0,0.037335,0,0,1,0,0,0,0,0,0
-0.54719,0,1,-0.47462,0,0,0.031162,0,0,1,0,0,0,0,0,0
-0.55667,0,1,-0.47412,0,0,0.024989,0,0,1,0,0,0,0,0,0
-0.56615,0,1,-0.47375,0,0,0.018816,0,0,1,0,0,0,0,0,0
-0.57562,0,1,-0.47349,0,0,0.012643,0,0,1,0,0,0,0,0,0
-0.58509,0,1,-0.47336,0,0,0.0064705,0,0,1,0,0,0,0,0,0
-0.59455,0,1,-0.47336,0,0,0.00029753,0,0,1,0,0,0,0,0,0
-0.60402,0,1,-0.47347,0,0,-0.0058754,0,0,1,0,0,0,0,0,0
-0.6135,0,1,-0.47372,0,0,-0.012048,0,0,1,0,0,0,0,0,0
-0.62298,0,1,-0.47408,0,0,-0.018221,0,0,1,0,0,0,0,0,0
-0.63247,0,1,-0.47457,0,0,-0.024394,0,0,1,0,0,0,0,0,0
-0.64197,0,1,-0.47518,0,0,-0.030567,0,0,1,0,0,0,0,0,0
-0.65149,0,1,-0.47591,0,0,-0.03674,0,0,1,0,0,0,0,0,0
-0.66103,0,1,-0.47677,0,0,-0.042913,0,0,1,0,0,0,0,0,0
-0.67058,0,1,-0.47775,0,0,-0.049086,0,0,1,0,0,0,0,0,0
-0.68016,0,1,-0.47886,0,0,-0.055259,0,0,1,0,0,0,0,0,0
-0.68976,0,1,-0.48009,0,0,-0.061432,0,0,1,0,0,0,0,0,0
-0.69939,0,1,-0.48144,0,0,-0.067605,0,0,1,0,0,0,0,0,0
-0.70905,0,1,-0.48292,0,0,-0.073778,0,0,1,0,0,0,0,0,0
-0.71874,0,1,-0.48451,0,0,-0.079951,0,0,1,0,0,0,0,0,0
-0.72846,0,1,-0.48624,0,0,-0.086124,0,0,1,0,0,0,0,0,0
-0.73822,0,1,-0.48808,0,0,-0.092297,0,0,1,0,0,0,0,0,0
-0.74803,0,1,-0.49005,0,0,-0.098469,0,0,1,0,0,0,0,0,0
-0.75787,0,1,-0.49215,0,0,-0.10464,0,0,1,0,0,0,0,0,0
-0.76776,0,1,-0.49436,0,0,-0.11082,0,0,1,0,0,0,0,0,0
-0.77769,0,1,-0.4967,0,0,-0.11699,0,0,1,0,0,0,0,0,0
-0.78767,0,1,-0.49916,0,0,-0.12316,0,0,1,0,0,0,0,0,0
-0.79771,0,1,-0.50175,0,0,-0.12933,0,0,1,0,0,0,0,0,0
-0.8078,0,1,-0.50446,0,0,-0.13551,0,0,1,0,0,0,0,0,0
-0.81794,0,1,-0.5073,0,0,-0.14168,0,0,1,0,0,0,0,0,0
-0.82815,0,1,-0.51025,0,0,-0.14785,0,0,1,0,0,0,0,0,0
-0.83841,0,1,-0.51333,0,0,-0.15403,0,0,1,0,0,0,0,0,0
-0.84875,0,1,-0.51654,0,0,-0.1602,0,0,1,0,0,0,0,0,0
-0.85914,0,1,-0.51986,0,0,-0.16637,0,0,1,0,0,0,0,0,0
-0.86961,0,1,-0.52332,0,0,-0.17254,0,0,1,0,0,0,0,0,0
-0.88015,0,1,-0.52689,0,0,-0.17872,0,0,1,0,0,0,0,0,0
-0.89076,0,1,-0.53059,0,0,-0.18489,0,0,1,0,0,0,0,0,0
-0.90145,0,1,-0.53441,0,0,-0.19106,0,0,1,0,0,0,0,0,0
-0.91221,0,1,-0.53835,0,0,-0.19724,0,0,1,0,0,0,0,0,0
-0.92306,0,1,-0.54242,0,0,-0.20341,0,0,1,0,0,0,0,0,0
-0.93399,0,1,-0.54661,0,0,-0.20958,0,0,1,0,0,0,0,0,0
-0.94501,0,1,-0.55093,0,0,-0.21576,0,0,1,0,0,0,0,0,0
-0.95612,0,1,-0.55537,0,0,-0.22193,0,0,1,0,0,0,0,0,0
-0.96732,0,1,-0.55993,0,0,-0.2281,0,0,1,0,0,0,0,0,0
-0.97861,0,1,-0.56461,0,0,-0.23427,0,0,1,0,0,0,0,0,0
-0.99,0,1,-0.56942,0,0,-0.24045,0,0,1,0,0,0,0,0,0
-1.0015,0,1,-0.57426,0,0,-0.24169,0,0,1,0,0,0,0,0,0
-1.0131,0,1,-0.57872,0,0,-0.2232,0,0,1,0,0,0,0,0,0
-1.0247,0,1,-0.58272,0,0,-0.19978,0,0,1,0,0,0,0,0,0
-1.0364,0,1,-0.58624,0,0,-0.17636,0,0,1,0,0,0,0,0,0
-1.0482,0,1,-0.5893,0,0,-0.15293,0,0,1,0,0,0,0,0,0
-1.0601,0,1,-0.59189,0,0,-0.12951,0,0,1,0,0,0,0,0,0
-1.0719,0,1,-0.59401,0,0,-0.10609,0,0,1,0,0,0,0,0,0
-1.0839,0,1,-0.59567,0,0,-0.08267,0,0,1,0,0,0,0,0,0
-1.0958,0,1,-0.59685,0,0,-0.059248,0,0,1,0,0,0,0,0,0
-1.1077,0,1,-0.59757,0,0,-0.035827,0,0,1,0,0,0,0,0,0
-1.1197,0,1,-0.59782,0,0,-0.012405,0,0,1,0,0,0,0,0,0
-1.1317,0,1,-0.5976,0,0,0.011016,0,0,1,0,0,0,0,0,0
-1.1436,0,1,-0.59691,0,0,0.034438,0,0,1,0,0,0,0,0,0
-1.1555,0,1,-0.59575,0,0,0.057859,0,0,1,0,0,0,0,0,0
-1.1674,0,1,-0.59413,0,0,0.08128,0,0,1,0,0,0,0,0,0
-1.1792,0,1,-0.59203,0,0,0.1047,0,0,1,0,0,0,0,0,0
-1.191,0,1,-0.58947,0,0,0.12812,0,0,1,0,0,0,0,0,0
-1.2027,0,1,-0.58644,0,0,0.15154,0,0,1,0,0,0,0,0,0
-1.2144,0,1,-0.58294,0,0,0.17497,0,0,1,0,0,0,0,0,0
-1.226,0,1,-0.57897,0,0,0.19839,0,0,1,0,0,0,0,0,0
-1.2375,0,1,-0.57453,0,0,0.22181,0,0,1,0,0,0,0,0,0
-1.2489,0,1,-0.56963,0,0,0.24523,0,0,1,0,0,0,0,0,0
-1.2602,0,1,-0.56426,0,0,0.26865,0,0,1,0,0,0,0,0,0
-1.2713,0,1,-0.55842,0,0,0.29207,0,0,1,0,0,0,0,0,0
-1.2824,0,1,-0.55211,0,0,0.3155,0,0,1,0,0,0,0,0,0
-1.2933,0,1,-0.54533,0,0,0.33892,0,0,1,0,0,0,0,0,0
-1.304,0,1,-0.53808,0,0,0.36234,0,0,1,0,0,0,0,0,0
-1.3146,0,1,-0.53037,0,0,0.38576,0,0,1,0,0,0,0,0,0
-1.3251,0,1,-0.52218,0,0,0.40918,0,0,1,0,0,0,0,0,0
-1.3354,0,1,-0.51353,0,0,0.4326,0,0,1,0,0,0,0,0,0
-1.3454,0,1,-0.50441,0,0,0.45602,0,0,1,0,0,0,0,0,0
-1.3553,0,1,-0.49482,0,0,0.47945,0,0,1,0,0,0,0,0,0
-1.365,0,1,-0.48476,0,0,0.50287,0,0,1,0,0,0,0,0,0
-1.3745,0,1,-0.47424,0,0,0.52629,0,0,1,0,0,0,0,0,0
-1.3838,0,1,-0.46324,0,0,0.54971,0,0,1,0,0,0,0,0,0
-1.3928,0,1,-0.45178,0,0,0.57313,0,0,1,0,0,0,0,0,0
-1.4016,0,1,-0.43985,0,0,0.59655,0,0,1,0,0,0,0,0,0
-1.4102,0,1,-0.42745,0,0,0.61997,0,0,1,0,0,0,0,0,0
-1.4185,0,1,-0.41458,0,0,0.6434,0,0,1,0,0,0,0,0,0
-1.4265,0,1,-0.40125,0,0,0.66682,0,0,1,0,0,0,0,0,0
-1.4342,0,1,-0.38744,0,0,0.69024,0,0,1,0,0,0,0,0,0
-1.4417,0,1,-0.37317,0,0,0.71366,0,0,1,0,0,0,0,0,0
-1.4489,0,1,-0.35843,0,0,0.73708,0,0,1,0,0,0,0,0,0
-1.4557,0,1,-0.34322,0,0,0.7605,0,0,1,0,0,0,0,0,0
-1.4623,0,1,-0.32754,0,0,0.78392,0,0,1,0,0,0,0,0,0
-1.4685,0,1,-0.31139,0,0,0.80735,0,0,1,0,0,0,0,0,0
-1.4744,0,1,-0.29478,0,0,0.83077,0,0,1,0,0,0,0,0,0
-1.48,0,1,-0.27769,0,0,0.85419,0,0,1,0,0,0,0,0,0
-1.4852,0,1,-0.26014,0,0,0.87761,0,0,1,0,0,0,0,0,0
-1.49,0,1,-0.24212,0,0,0.90103,0,0,1,0,0,0,0,0,0
-1.4945,0,1,-0.2238,0,0,0.91596,0,0,1,0,0,0,0,0,0
-1.4986,0,1,-0.20586,0,0,0.89694,0,0,1,0,0,0,0,0,0
-1.5024,0,1,-0.18847,0,0,0.86943,0,0,1,0,0,0,0,0,0
-1.5058,0,1,-0.17163,0,0,0.84191,0,0,1,0,0,0,0,0,0
-1.5089,0,1,-0.15535,0,0,0.8144,0,0,1,0,0,0,0,0,0
-1.5117,0,1,-0.13961,0,0,0.78689,0,0,1,0,0,0,0,0,0
-1.5142,0,1,-0.12442,0,0,0.75938,0,0,1,0,0,0,0,0,0
-1.5164,0,1,-0.10978,0,0,0.73186,0,0,1,0,0,0,0,0,0
-1.5183,0,1,-0.095696,0,0,0.70435,0,0,1,0,0,0,0,0,0
-1.5199,0,1,-0.082159,0,0,0.67684,0,0,1,0,0,0,0,0,0
-1.5213,0,1,-0.069173,0,0,0.64932,0,0,1,0,0,0,0,0,0
-1.5225,0,1,-0.056737,0,0,0.62181,0,0,1,0,0,0,0,0,0
-1.5234,0,1,-0.044851,0,0,0.5943,0,0,1,0,0,0,0,0,0
-1.524,0,1,-0.033515,0,0,0.56679,0,0,1,0,0,0,0,0,0
-1.5245,0,1,-0.02273,0,0,0.53927,0,0,1,0,0,0,0,0,0
-1.5247,0,1,-0.012494,0,0,0.51176,0,0,1,0,0,0,0,0,0
-1.5248,0,1,-0.0028096,0,0,0.48425,0,0,1,0,0,0,0,0,0
-1.5247,0,1,0.0063251,0,0,0.45673,0,0,1,0,0,0,0,0,0
-1.5244,0,1,0.01491,0,0,0.42922,0,0,1,0,0,0,0,0,0
-1.5239,0,1,0.022944,0,0,0.40171,0,0,1,0,0,0,0,0,0
-1.5233,0,1,0.030428,0,0,0.37419,0,0,1,0,0,0,0,0,0
-1.5225,0,1,0.037361,0,0,0.34668,0,0,1,0,0,0,0,0,0
-1.5217,0,1,0.043745,0,0,0.31917,0,0,1,0,0,0,0,0,0
-1.5207,0,1,0.049578,0,0,0.29166,0,0,1,0,0,0,0,0,0
-1.5196,0,1,0.054861,0,0,0.26414,0,0,1,0,0,0,0,0,0
-1.5184,0,1,0.059593,0,0,0.23663,0,0,1,0,0,0,0,0,0
-1.5171,0,1,0.063776,0,0,0.20912,0,0,1,0,0,0,0,0,0
-1.5158,0,1,0.067408,0,0,0.1816,0,0,1,0,0,0,0,0,0
-1.5144,0,1,0.070489,0,0,0.15409,0,0,1,0,0,0,0,0,0
-1.5129,0,1,0.073021,0,0,0.12658,0,0,1,0,0,0,0,0,0
-1.5114,0,1,0.075002,0,0,0.099066,0,0,1,0,0,0,0,0,0
-1.5099,0,1,0.076433,0,0,0.071553,0,0,1,0,0,0,0,0,0
-1.5083,0,1,0.077314,0,0,0.04404,0,0,1,0,0,0,0,0,0
-1.5068,0,1,0.077645,0,0,0.016527,0,0,1,0,0,0,0,0,0
-1.5052,0,1,0.077425,0,0,-0.010986,0,0,1,0,0,0,0,0,0
-1.5037,0,1,0.076655,0,0,-0.038499,0,0,1,0,0,0,0,0,0
-1.5022,0,1,0.075335,0,0,-0.066012,0,0,1,0,0,0,0,0,0
-1.5007,0,1,0.073464,0,0,-0.093525,0,0,1,0,0,0,0,0,0
-1.4993,0,1,0.071044,0,0,-0.12104,0,0,1,0,0,0,0,0,0
-1.4979,0,1,0.068072,0,0,-0.14855,0,0,1,0,0,0,0,0,0
-1.4966,0,1,0.064551,0,0,-0.17606,0,0,1,0,0,0,0,0,0
-1.4954,0,1,0.06048,0,0,-0.20358,0,0,1,0,0,0,0,0,0
-1.4943,0,1,0.055858,0,0,-0.23109,0,0,1,0,0,0,0,0,0
-1.4933,0,1,0.050686,0,0,-0.2586,0,0,1,0,0,0,0,0,0
-1.4924,0,1,0.044964,0,0,-0.28612,0,0,1,0,0,0,0,0,0
-1.4916,0,1,0.038691,0,0,-0.31363,0,0,1,0,0,0,0,0,0
-1.491,0,1,0.031868,0,0,-0.34114,0,0,1,0,0,0,0,0,0
-1.4905,0,1,0.024495,0,0,-0.36865,0,0,1,0,0,0,0,0,0
-1.4902,0,1,0.016572,0,0,-0.39617,0,0,1,0,0,0,0,0,0
-1.49,0,1,0.0080981,0,0,-0.42368,0,0,1,0,0,0,0,0,0
-1.49,0,1,-0.00074523,0,0,-0.44217,0,0,1,0,0,0,0,0,0
-1.4902,0,1,-0.0092365,0,0,-0.42456,0,0,1,0,0,0,0,0,0
-1.4905,0,1,-0.017195,0,0,-0.39793,0,0,1,0,0,0,0,0,0
-1.491,0,1,-0.024621,0,0,-0.3713,0,0,1,0,0,0,0,0,0
-1.4917,0,1,-0.031515,0,0,-0.34467,0,0,1,0,0,0,0,0,0
-1.4924,0,1,-0.037875,0,0,-0.31804,0,0,1,0,0,0,0,0,0
-1.4933,0,1,-0.043704,0,0,-0.29141,0,0,1,0,0,0,0,0,0
-1.4943,0,1,-0.048999,0,0,-0.26478,0,0,1,0,0,0,0,0,0
-1.4954,0,1,-0.053762,0,0,-0.23815,0,0,1,0,0,0,0,0,0
-1.4965,0,1,-0.057993,0,0,-0.21152,0,0,1,0,0,0,0,0,0
-1.4977,0,1,-0.061691,0,0,-0.18489,0,0,1,0,0,0,0,0,0
-1.499,0,1,-0.064856,0,0,-0.15826,0,0,1,0,0,0,0,0,0
-1.5004,0,1,-0.067488,0,0,-0.13163,0,0,1,0,0,0,0,0,0
-1.5018,0,1,-0.069588,0,0,-0.105,0,0,1,0,0,0,0,0,0
-1.5032,0,1,-0.071156,0,0,-0.07837,0,0,1,0,0,0,0,0,0
-1.5047,0,1,-0.072191,0,0,-0.05174,0,0,1,0,0,0,0,0,0
-1.5061,0,1,-0.072693,0,0,-0.025109,0,0,1,0,0,0,0,0,0
-1.5076,0,1,-0.072662,0,0,0.0015209,0,0,1,0,0,0,0,0,0
-1.509,0,1,-0.072099,0,0,0.028151,0,0,1,0,0,0,0,0,0
-1.5104,0,1,-0.071004,0,0,0.054781,0,0,1,0,0,0,0,0,0
-1.5118,0,1,-0.069375,0,0,0.081412,0,0,1,0,0,0,0,0,0
-1.5132,0,1,-0.067215,0,0,0.10804,0,0,1,0,0,0,0,0,0
-1.5144,0,1,-0.064521,0,0,0.13467,0,0,1,0,0,0,0,0,0
-1.5157,0,1,-0.061295,0,0,0.1613,0,0,1,0,0,0,0,0,0
-1.5168,0,1,-0.057536,0,0,0.18793,0,0,1,0,0,0,0,0,0
-1.5179,0,1,-0.053245,0,0,0.21456,0,0,1,0,0,0,0,0,0
-1.5189,0,1,-0.048421,0,0,0.24119,0,0,1,0,0,0,0,0,0
-1.5197,0,1,-0.043065,0,0,0.26782,0,0,1,0,0,0,0,0,0
-1.5205,0,1,-0.037176,0,0,0.29445,0,0,1,0,0,0,0,0,0
-1.5211,0,1,-0.030754,0,0,0.32108,0,0,1,0,0,0,0,0,0
-1.5215,0,1,-0.0238,0,0,0.34771,0,0,1,0,0,0,0,0,0
-1.5219,0,1,-0.016313,0,0,0.37434,0,0,1,0,0,0,0,0,0
-1.522,0,1,-0.0082935,0,0,0.40097,0,0,1,0,0,0,0,0,0
-1.522,0,1,0.00025855,0,0,0.4276,0,0,1,0,0,0,0,0,0
-1.5218,0,1,0.0093432,0,0,0.45423,0,0,1,0,0,0,0,0,0
-1.5215,0,1,0.018961,0,0,0.48086,0,0,1,0,0,0,0,0,0
-1.5209,0,1,0.02911,0,0,0.5075,0,0,1,0,0,0,0,0,0
-1.5201,0,1,0.039793,0,0,0.53413,0,0,1,0,0,0,0,0,0
-1.5191,0,1,0.051008,0,0,0.56076,0,0,1,0,0,0,0,0,0
-1.5178,0,1,0.062756,0,0,0.58739,0,0,1,0,0,0,0,0,0
-1.5163,0,1,0.075036,0,0,0.61402,0,0,1,0,0,0,0,0,0
-1.5146,0,1,0.087849,0,0,0.64065,0,0,1,0,0,0,0,0,0
-1.5125,0,1,0.10119,0,0,0.66728,0,0,1,0,0,0,0,0,0
-1.5102,0,1,0.11507,0,0,0.69391,0,0,1,0,0,0,0,0,0
-1.5076,0,1,0.12948,0,0,0.72054,0,0,1,0,0,0,0,0,0
-1.5048,0,1,0.14443,0,0,0.74717,0,0,1,0,0,0,0,0,0
-1.5016,0,1,0.1599,0,0,0.7738,0,0,1,0,0,0,0,0,0
-1.498,0,1,0.17591,0,0,0.80043,0,0,1,0,0,0,0,0,0
-1.4942,0,1,0.19245,0,0,0.82706,0,0,1,0,0,0,0,0,0
-1.49,0,1,0.20953,0,0,0.85369,0,0,1,0,0,0,0,0,0
-1.4855,0,1,0.22697,0,0,0.87231,0,0,1,0,0,0,0,0,0
-1.4806,0,1,0.24415,0,0,0.85891,0,0,1,0,0,0,0,0,0
-1.4754,0,1,0.2609,0,0,0.8375,0,0,1,0,0,0,0,0,0
-1.4698,0,1,0.27722,0,0,0.81609,0,0,1,0,0,0,0,0,0
-1.464,0,1,0.29312,0,0,0.79469,0,0,1,0,0,0,0,0,0
-1.4578,0,1,0.30858,0,0,0.77328,0,0,1,0,0,0,0,0,0
-1.4513,0,1,0.32362,0,0,0.75187,0,0,1,0,0,0,0,0,0
-1.4445,0,1,0.33823,0,0,0.73046,0,0,1,0,0,0,0,0,0
-1.4375,0,1,0.35241,0,0,0.70905,0,0,1,0,0,0,0,0,0
-1.4302,0,1,0.36616,0,0,0.68765,0,0,1,0,0,0,0,0,0
-1.4226,0,1,0.37949,0,0,0.66624,0,0,1,0,0,0,0,0,0
-1.4147,0,1,0.39238,0,0,0.64483,0,0,1,0,0,0,0,0,0
-1.4066,0,1,0.40485,0,0,0.62342,0,0,1,0,0,0,0,0,0
-1.3983,0,1,0.41689,0,0,0.60201,0,0,1,0,0,0,0,0,0
-1.3897,0,1,0.4285,0,0,0.58061,0,0,1,0,0,0,0,0,0
-1.3809,0,1,0.43969,0,0,0.5592,0,0,1,0,0,0,0,0,0
-1.3719,0,1,0.45044,0,0,0.53779,0,0,1,0,0,0,0,0,0
-1.3627,0,1,0.46077,0,0,0.51638,0,0,1,0,0,0,0,0,0
-1.3533,0,1,0.47067,0,0,0.49497,0,0,1,0,0,0,0,0,0
-1.3437,0,1,0.48014,0,0,0.47357,0,0,1,0,0,0,0,0,0
-1.3339,0,1,0.48919,0,0,0.45216,0,0,1,0,0,0,0,0,0
-1.324,0,1,0.4978,0,0,0.43075,0,0,1,0,0,0,0,0,0
-1.3138,0,1,0.50599,0,0,0.40934,0,0,1,0,0,0,0,0,0
-1.3036,0,1,0.51375,0,0,0.38794,0,0,1,0,0,0,0,0,0
-1.2931,0,1,0.52108,0,0,0.36653,0,0,1,0,0,0,0,0,0
-1.2826,0,1,0.52798,0,0,0.34512,0,0,1,0,0,0,0,0,0
-1.2719,0,1,0.53445,0,0,0.32371,0,0,1,0,0,0,0,0,0
-1.2611,0,1,0.5405,0,0,0.3023,0,0,1,0,0,0,0,0,0
-1.2502,0,1,0.54612,0,0,0.2809,0,0,1,0,0,0,0,0,0
-1.2391,0,1,0.55131,0,0,0.25949,0,0,1,0,0,0,0,0,0
-1.228,0,1,0.55607,0,0,0.23808,0,0,1,0,0,0,0,0,0
-1.2168,0,1,0.5604,0,0,0.21667,0,0,1,0,0,0,0,0,0
-1.2055,0,1,0.56431,0,0,0.19526,0,0,1,0,0,0,0,0,0
-1.1942,0,1,0.56779,0,0,0.17386,0,0,1,0,0,0,0,0,0
-1.1827,0,1,0.57083,0,0,0.15245,0,0,1,0,0,0,0,0,0
-1.1713,0,1,0.57345,0,0,0.13104,0,0,1,0,0,0,0,0,0
-1.1598,0,1,0.57565,0,0,0.10963,0,0,1,0,0,0,0,0,0
-1.1482,0,1,0.57741,0,0,0.088224,0,0,1,0,0,0,0,0,0
-1.1366,0,1,0.57875,0,0,0.066816,0,0,1,0,0,0,0,0,0
-1.125,0,1,0.57966,0,0,0.045408,0,0,1,0,0,0,0,0,0
-1.1134,0,1,0.58014,0,0,0.024,0,0,1,0,0,0,0,0,0
-1.1018,0,1,0.58019,0,0,0.002592,0,0,1,0,0,0,0,0,0
-1.0902,0,1,0.57981,0,0,-0.018816,0,0,1,0,0,0,0,0,0
-1.0787,0,1,0.57901,0,0,-0.040224,0,0,1,0,0,0,0,0,0
-1.0671,0,1,0.57777,0,0,-0.061632,0,0,1,0,0,0,0,0,0
-1.0556,0,1,0.57611,0,0,-0.08304,0,0,1,0,0,0,0,0,0
-1.0441,0,1,0.57403,0,0,-0.10445,0,0,1,0,0,0,0,0,0
-1.0327,0,1,0.57151,0,0,-0.12586,0,0,1,0,0,0,0,0,0
-1.0213,0,1,0.56856,0,0,-0.14726,0,0,1,0,0,0,0,0,0
-1.01,0,1,0.56519,0,0,-0.16867,0,0,1,0,0,0,0,0,0
-0.99877,0,1,0.56147,0,0,-0.18588,0,0,1,0,0,0,0,0,0
-0.98762,0,1,0.55775,0,0,-0.18628,0,0,1,0,0,0,0,0,0
-0.97653,0,1,0.5541,0,0,-0.18248,0,0,1,0,0,0,0,0,0
-0.96552,0,1,0.55052,0,0,-0.17867,0,0,1,0,0,0,0,0,0
-0.95458,0,1,0.54703,0,0,-0.17487,0,0,1,0,0,0,0,0,0
-0.94371,0,1,0.5436,0,0,-0.17107,0,0,1,0,0,0,0,0,0
-0.93291,0,1,0.54026,0,0,-0.16727,0,0,1,0,0,0,0,0,0
-0.92217,0,1,0.53699,0,0,-0.16347,0,0,1,0,0,0,0,0,0
-0.91149,0,1,0.5338,0,0,-0.15967,0,0,1,0,0,0,0,0,0
-0.90088,0,1,0.53068,0,0,-0.15587,0,0,1,0,0,0,0,0,0
-0.89032,0,1,0.52764,0,0,-0.15206,0,0,1,0,0,0,0,0,0
-0.87983,0,1,0.52467,0,0,-0.14826,0,0,1,0,0,0,0,0,0
-0.86939,0,1,0.52178,0,0,-0.14446,0,0,1,0,0,0,0,0,0
-0.85901,0,1,0.51897,0,0,-0.14066,0,0,1,0,0,0,0,0,0
-0.84869,0,1,0.51623,0,0,-0.13686,0,0,1,0,0,0,0,0,0
-0.83842,0,1,0.51357,0,0,-0.13306,0,0,1,0,0,0,0,0,0
-0.8282,0,1,0.51099,0,0,-0.12925,0,0,1,0,0,0,0,0,0
-0.81803,0,1,0.50848,0,0,-0.12545,0,0,1,0,0,0,0,0,0
-0.80791,0,1,0.50604,0,0,-0.12165,0,0,1,0,0,0,0,0,0
-0.79783,0,1,0.50369,0,0,-0.11785,0,0,1,0,0,0,0,0,0
-0.78781,0,1,0.50141,0,0,-0.11405,0,0,1,0,0,0,0,0,0
-0.77782,0,1,0.4992,0,0,-0.11025,0,0,1,0,0,0,0,0,0
-0.76788,0,1,0.49707,0,0,-0.10644,0,0,1,0,0,0,0,0,0
-0.75798,0,1,0.49502,0,0,-0.10264,0,0,1,0,0,0,0,0,0
-0.74812,0,1,0.49304,0,0,-0.098841,0,0,1,0,0,0,0,0,0
-0.7383,0,1,0.49114,0,0,-0.09504,0,0,1,0,0,0,0,0,0
-0.72851,0,1,0.48932,0,0,-0.091238,0,0,1,0,0,0,0,0,0
-0.71876,0,1,0.48757,0,0,-0.087437,0,0,1,0,0,0,0,0,0
-0.70904,0,1,0.4859,0,0,-0.083635,0,0,1,0,0,0,0,0,0
-0.69936,0,1,0.4843,0,0,-0.079833,0,0,1,0,0,0,0,0,0
-0.6897,0,1,0.48278,0,0,-0.076032,0,0,1,0,0,0,0,0,0
-0.68007,0,1,0.48133,0,0,-0.07223,0,0,1,0,0,0,0,0,0
-0.67047,0,1,0.47997,0,0,-0.068429,0,0,1,0,0,0,0,0,0
-0.6609,0,1,0.47867,0,0,-0.064627,0,0,1,0,0,0,0,0,0
-0.65135,0,1,0.47746,0,0,-0.060825,0,0,1,0,0,0,0,0,0
-0.64183,0,1,0.47632,0,0,-0.057024,0,0,1,0,0,0,0,0,0
-0.63232,0,1,0.47525,0,0,-0.053222,0,0,1,0,0,0,0,0,0
-0.62283,0,1,0.47426,0,0,-0.049421,0,0,1,0,0,0,0,0,0
-0.61337,0,1,0.47335,0,0,-0.045619,0,0,1,0,0,0,0,0,0
-0.60392,0,1,0.47251,0,0,-0.041817,0,0,1,0,0,0,0,0,0
-0.59448,0,1,0.47175,0,0,-0.038016,0,0,1,0,0,0,0,0,0
-0.58506,0,1,0.47107,0,0,-0.034214,0,0,1,0,0,0,0,0,0
-0.57565,0,1,0.47046,0,0,-0.030413,0,0,1,0,0,0,0,0,0
-0.56625,0,1,0.46993,0,0,-0.026611,0,0,1,0,0,0,0,0,0
-0.55686,0,1,0.46947,0,0,-0.02281,0,0,1,0,0,0,0,0,0
-0.54748,0,1,0.46909,0,0,-0.019008,0,0,1,0,0,0,0,0,0
-0.53811,0,1,0.46879,0,0,-0.015206,0,0,1,0,0,0,0,0,0
-0.52873,0,1,0.46856,0,0,-0.011405,0,0,1,0,0,0,0,0,0
-0.51937,0,1,0.46841,0,0,-0.0076032,0,0,1,0,0,0,0,0,0
-0.51,0,1,0.46833,0,0,-0.0038016,0,0,1,0,0,0,0,0,0
-0.50063,0,1,0.46833,0,0,-2.7756e-13,0,0,1,0,0,0,0,0,0
-0.49127,0,1,0.46841,0,0,0.0038016,0,0,1,0,0,0,0,0,0
-0.48189,0,1,0.46856,0,0,0.0076032,0,0,1,0,0,0,0,0,0
-0.47252,0,1,0.46879,0,0,0.011405,0,0,1,0,0,0,0,0,0
-0.46314,0,1,0.46909,0,0,0.015206,0,0,1,0,0,0,0,0,0
-0.45375,0,1,0.46947,0,0,0.019008,0,0,1,0,0,0,0,0,0
-0.44435,0,1,0.46993,0,0,0.02281,0,0,1,0,0,0,0,0,0
-0.43494,0,1,0.47046,0,0,0.026611,0,0,1,0,0,0,0,0,0
-0.42552,0,1,0.47107,0,0,0.030413,0,0,1,0,0,0,0,0,0
-0.41608,0,1,0.47175,0,0,0.034214,0,0,1,0,0,0,0,0,0
-0.40663,0,1,0.47251,0,0,0.038016,0,0,1,0,0,0,0,0,0
-0.39717,0,1,0.47335,0,0,0.041817,0,0,1,0,0,0,0,0,0
-0.38768,0,1,0.47426,0,0,0.045619,0,0,1,0,0,0,0,0,0
-0.37817,0,1,0.47525,0,0,0.049421,0,0,1,0,0,0,0,0,0
-0.36865,0,1,0.47632,0,0,0.053222,0,0,1,0,0,0,0,0,0
-0.3591,0,1,0.47746,0,0,0.057024,0,0,1,0,0,0,0,0,0
-0.34953,0,1,0.47867,0,0,0.060825,0,0,1,0,0,0,0,0,0
-0.33993,0,1,0.47997,0,0,0.064627,0,0,1,0,0,0,0,0,0
-0.3303,0,1,0.48133,0,0,0.068429,0,0,1,0,0,0,0,0,0
-0.32064,0,1,0.48278,0,0,0.07223,0,0,1,0,0,0,0,0,0
-0.31096,0,1,0.4843,0,0,0.076032,0,0,1,0,0,0,0,0,0
-0.30124,0,1,0.4859,0,0,0.079833,0,0,1,0,0,0,0,0,0
-0.29149,0,1,0.48757,0,0,0.083635,0,0,1,0,0,0,0,0,0
-0.2817,0,1,0.48932,0,0,0.087437,0,0,1,0,0,0,0,0,0
-0.27188,0,1,0.49114,0,0,0.091238,0,0,1,0,0,0,0,0,0
-0.26202,0,1,0.49304,0,0,0.09504,0,0,1,0,0,0,0,0,0
-0.25212,0,1,0.49502,0,0,0.098841,0,0,1,0,0,0,0,0,0
-0.24218,0,1,0.49707,0,0,0.10264,0,0,1,0,0,0,0,0,0
-0.23219,0,1,0.4992,0,0,0.10644,0,0,1,0,0,0,0,0,0
-0.22217,0,1,0.50141,0,0,0.11025,0,0,1,0,0,0,0,0,0
-0.21209,0,1,0.50369,0,0,0.11405,0,0,1,0,0,0,0,0,0
-0.20197,0,1,0.50604,0,0,0.11785,0,0,1,0,0,0,0,0,0
-0.1918,0,1,0.50848,0,0,0.12165,0,0,1,0,0,0,0,0,0
-0.18158,0,1,0.51099,0,0,0.12545,0,0,1,0,0,0,0,0,0
-0.17131,0,1,0.51357,0,0,0.12925,0,0,1,0,0,0,0,0,0
-0.16099,0,1,0.51623,0,0,0.13306,0,0,1,0,0,0,0,0,0
-0.15061,0,1,0.51897,0,0,0.13686,0,0,1,0,0,0,0,0,0
-0.14017,0,1,0.52178,0,0,0.14066,0,0,1,0,0,0,0,0,0
-0.12968,0,1,0.52467,0,0,0.14446,0,0,1,0,0,0,0,0,0
-0.11912,0,1,0.52764,0,0,0.14826,0,0,1,0,0,0,0,0,0
-0.10851,0,1,0.53068,0,0,0.15206,0,0,1,0,0,0,0,0,0
-0.097834,0,1,0.5338,0,0,0.15587,0,0,1,0,0,0,0,0,0
-0.087095,0,1,0.53699,0,0,0.15967,0,0,1,0,0,0,0,0,0
-0.076289,0,1,0.54026,0,0,0.16347,0,0,1,0,0,0,0,0,0
-0.065417,0,1,0.5436,0,0,0.16727,0,0,1,0,0,0,0,0,0
-0.054477,0,1,0.54703,0,0,0.17107,0,0,1,0,0,0,0,0,0
-0.043466,0,1,0.55052,0,0,0.17487,0,0,1,0,0,0,0,0,0
-0.032384,0,1,0.5541,0,0,0.17867,0,0,1,0,0,0,0,0,0
-0.021229,0,1,0.55775,0,0,0.18248,0,0,1,0,0,0,0,0,0
-0.01,0,1,0.56147,0,0,0.18628,0,0,1,0,0,0,0,0,0
