0,0,0.75,0,0,0,1,0,0,0,0,0,0
0,0.005,0.75,0,12.5,0,1,0,0,0,0,0,0
0,0.01,0.75,0,0,0,1,0,0,0,0,0,0
0,0.015,0.75,0,-2.7756e-15,0,1,0,0,0,0,0,0
0,0.02,0.75,0,5.5511e-15,0,1,0,0,0,0,0,0
0,0.025,0.75,0,0,0,1,0,0,0,0,0,0
0,0.03,0.75,0,-9.7145e-15,0,1,0,0,0,0,0,0
0,0.035,0.75,0,1.8041e-14,0,1,0,0,0,0,0,0
0,0.04,0.75,0,-1.8041e-14,0,1,0,0,0,0,0,0
0,0.045,0.75,0,0,0,1,0,0,0,0,0,0
0,0.05,0.75,0,1.8041e-14,0,1,0,0,0,0,0,0
0,0.055,0.75,0,-1.8041e-14,0,1,0,0,0,0,0,0
0,0.06,0.75,0,0,0,1,0,0,0,0,0,0
0,0.065,0.75,0,1.8041e-14,0,1,0,0,0,0,0,0
0,0.07,0.75,0,0,0,1,0,0,0,0,0,0
0,0.075,0.75,0,-3.4694e-14,0,1,0,0,0,0,0,0
0,0.08,0.75,0,3.4694e-14,0,1,0,0,0,0,0,0
0,0.085,0.75,0,0,0,1,0,0,0,0,0,0
0,0.09,0.75,0,-3.4694e-14,0,1,0,0,0,0,0,0
0,0.095,0.75,0,3.4694e-14,0,1,0,0,0,0,0,0
0,0.1,0.75,0,0,0,1,0,0,0,0,0,0
0,0.105,0.75,0,-3.4694e-14,0,1,0,0,0,0,0,0
0,0.11,0.75,0,3.4694e-14,0,1,0,0,0,0,0,0
0,0.115,0.75,0,0,0,1,0,0,0,0,0,0
0,0.12,0.75,0,-3.4694e-14,0,1,0,0,0,0,0,0
0,0.125,0.75,0,3.4694e-14,0,1,0,0,0,0,0,0
0,0.13,0.75,0,0,0,1,0,0,0,0,0,0
0,0.135,0.75,0,0,0,1,0,0,0,0,0,0
0,0.14,0.75,0,0,0,1,0,0,0,0,0,0
0,0.145,0.75,0,-6.9389e-14,0,1,0,0,0,0,0,0
0,0.15,0.75,0,6.9389e-14,0,1,0,0,0,0,0,0
0,0.155,0.75,0,0,0,1,0,0,0,0,0,0
0,0.16,0.75,0,0,0,1,0,0,0,0,0,0
0,0.165,0.75,0,0,0,1,0,0,0,0,0,0
0,0.17,0.75,0,0,0,1,0,0,0,0,0,0
0,0.175,0.75,0,-6.9389e-14,0,1,0,0,0,0,0,0
0,0.18,0.75,0,6.9389e-14,0,1,0,0,0,0,0,0
0,0.185,0.75,0,0,0,1,0,0,0,0,0,0
0,0.19,0.75,0,0,0,1,0,0,0,0,0,0
0,0.195,0.75,0,0,0,1,0,0,0,0,0,0
0,0.2,0.75,0,0,0,1,0,0,0,0,0,0
0,0.205,0.75,0,-6.9389e-14,0,1,0,0,0,0,0,0
0,0.21,0.75,0,6.9389e-14,0,1,0,0,0,0,0,0
0,0.215,0.75,0,0,0,1,0,0,0,0,0,0
0,0.22,0.75,0,0,0,1,0,0,0,0,0,0
0,0.225,0.75,0,0,0,1,0,0,0,0,0,0
0,0.23,0.75,0,0,0,1,0,0,0,0,0,0
0,0.235,0.75,0,-6.9389e-14,0,1,0,0,0,0,0,0
0,0.24,0.75,0,6.9389e-14,0,1,0,0,0,0,0,0
0,0.245,0.75,0,0,0,1,0,0,0,0,0,0
0,0.25,0.75,0,0,0,1,0,0,0,0,0,0
0,0.255,0.75,0,0,0,1,0,0,0,0,0,0
0,0.26,0.75,0,0,0,1,0,0,0,0,0,0
0,0.265,0.75,0,0,0,1,0,0,0,0,0,0
0,0.27,0.75,0,0,0,1,0,0,0,0,0,0
0,0.275,0.75,0,0,0,1,0,0,0,0,0,0
0,0.28,0.75,0,0,0,1,0,0,0,0,0,0
0,0.285,0.75,0,-1.3878e-13,0,1,0,0,0,0,0,0
0,0.29,0.75,0,1.3878e-13,0,1,0,0,0,0,0,0
0,0.295,0.75,0,0,0,1,0,0,0,0,0,0
0,0.3,0.75,0,0,0,1,0,0,0,0,0,0
0,0.305,0.75,0,0,0,1,0,0,0,0,0,0
0,0.31,0.75,0,0,0,1,0,0,0,0,0,0
0,0.315,0.75,0,0,0,1,0,0,0,0,0,0
0,0.32,0.75,0,0,0,1,0,0,0,0,0,0
0,0.325,0.75,0,0,0,1,0,0,0,0,0,0
0,0.33,0.75,0,0,0,1,0,0,0,0,0,0
0,0.335,0.75,0,0,0,1,0,0,0,0,0,0
0,0.34,0.75,0,0,0,1,0,0,0,0,0,0
0,0.345,0.75,0,-1.3878e-13,0,1,0,0,0,0,0,0
0,0.35,0.75,0,1.3878e-13,0,1,0,0,0,0,0,0
0,0.355,0.75,0,0,0,1,0,0,0,0,0,0
0,0.36,0.75,0,0,0,1,0,0,0,0,0,0
0,0.365,0.75,0,0,0,1,0,0,0,0,0,0
0,0.37,0.75,0,0,0,1,0,0,0,0,0,0
0,0.375,0.75,0,0,0,1,0,0,0,0,0,0
0,0.38,0.75,0,0,0,1,0,0,0,0,0,0
0,0.385,0.75,0,0,0,1,0,0,0,0,0,0
0,0.39,0.75,0,0,0,1,0,0,0,0,0,0
0,0.395,0.75,0,0,0,1,0,0,0,0,0,0
0,0.4,0.75,0,0,0,1,0,0,0,0,0,0
0,0.405,0.75,0,0,0,1,0,0,0,0,0,0
0,0.41,0.75,0,-1.3878e-13,0,1,0,0,0,0,0,0
0,0.415,0.75,0,1.3878e-13,0,1,0,0,0,0,0,0
0,0.42,0.75,0,0,0,1,0,0,0,0,0,0
0,0.425,0.75,0,0,0,1,0,0,0,0,0,0
0,0.43,0.75,0,0,0,1,0,0,0,0,0,0
0,0.435,0.75,0,0,0,1,0,0,0,0,0,0
0,0.44,0.75,0,0,0,1,0,0,0,0,0,0
0,0.445,0.75,0,0,0,1,0,0,0,0,0,0
0,0.45,0.75,0,0,0,1,0,0,0,0,0,0
0,0.455,0.75,0,0,0,1,0,0,0,0,0,0
0,0.46,0.75,0,0,0,1,0,0,0,0,0,0
0,0.465,0.75,0,0,0,1,0,0,0,0,0,0
0,0.47,0.75,0,-1.3878e-13,0,1,0,0,0,0,0,0
0,0.475,0.75,0,1.3878e-13,0,1,0,0,0,0,0,0
0,0.48,0.75,0,0,0,1,0,0,0,0,0,0
0,0.485,0.75,0,0,0,1,0,0,0,0,0,0
0,0.49,0.75,0,0,0,1,0,0,0,0,0,0
0,0.495,0.75,0,0,0,1,0,0,0,0,0,0
0,0.5,0.75,0,0,0,1,0,0,0,0,0,0
0,0.5,0.75,0,-12.5,0,1,0,0,0,0,0,0
0,0.5,0.75,0,0,0,1,0,0,0,0,0,0
0,0.5,0.75,0,0,0,1,0,0,0,0,0,0
0,0.5,0.75,0,0,0,1,0,0,0,0,0,0
0,0.5,0.75,0,0,0,1,0,0,0,0,0,0
0,0.5,0.75,0,0,0,1,0,0,0,0,0,0
0,0.5,0.75,0,0,0,1,0,0,0,0,0,0
0,0.5,0.75,0,0,0,1,0,0,0,0,0,0
0,0.5,0.75,0,0,0,1,0,0,0,0,0,0
0,0.5,0.75,0,0,0,1,0,0,0,0,0,0
0,0.5,0.75,0,0,0,1,0,0,0,0,0,0
0,0.5,0.75,0,0,0,1,0,0,0,0,0,0
0,0.5,0.75,0,0,0,1,0,0,0,0,0,0
0,0.5,0.75,0,0,0,1,0,0,0,0,0,0
0,0.5,0.75,0,0,0,1,0,0,0,0,0,0
0,0.5,0.75,0,0,0,1,0,0,0,0,0,0
0,0.5,0.75,0,0,0,1,0,0,0,0,0,0
0,0.5,0.75,0,0,0,1,0,0,0,0,0,0
0,0.5,0.75,0,0,0,1,0,0,0,0,0,0
0,0.5,0.75,0,0,0,1,0,0,0,0,0,0
0,0.5,0.75,0,0,0,1,0,0,0,0,0,0
0,0.5,0.75,0,0,0,1,0,0,0,0,0,0
0,0.5,0.75,0,0,0,1,0,0,0,0,0,0
0,0.5,0.75,0,0,0,1,0,0,0,0,0,0
0,0.5,0.75,0,0,0,1,0,0,0,0,0,0
0,0.5,0.75,0,0,0,1,0,0,0,0,0,0
0,0.5,0.75,0,0,0,1,0,0,0,0,0,0
0,0.5,0.75,0,0,0,1,0,0,0,0,0,0
0,0.5,0.75,0,0,0,1,0,0,0,0,0,0
0,0.5,0.75,0,0,0,1,0,0,0,0,0,0
0,0.5,0.75,0,0,0,1,0,0,0,0,0,0
0,0.5,0.75,0,0,0,1,0,0,0,0,0,0
0,0.5,0.75,0,0,0,1,0,0,0,0,0,0
0,0.5,0.75,0,0,0,1,0,0,0,0,0,0
0,0.5,0.75,0,0,0,1,0,0,0,0,0,0
0,0.5,0.75,0,0,0,1,0,0,0,0,0,0
0,0.5,0.75,0,0,0,1,0,0,0,0,0,0
0,0.5,0.75,0,0,0,1,0,0,0,0,0,0
0,0.5,0.75,0,0,0,1,0,0,0,0,0,0
0,0.5,0.75,0,0,0,1,0,0,0,0,0,0
0,0.5,0.75,0,0,0,1,0,0,0,0,0,0
0,0.5,0.75,0,0,0,1,0,0,0,0,0,0
0,0.5,0.75,0,0,0,1,0,0,0,0,0,0
0,0.5,0.75,0,0,0,1,0,0,0,0,0,0
0,0.5,0.75,0,0,0,1,0,0,0,0,0,0
0,0.5,0.75,0,0,0,1,0,0,0,0,0,0
0,0.5,0.75,0,0,0,1,0,0,0,0,0,0
0,0.5,0.75,0,0,0,1,0,0,0,0,0,0
0,0.5,0.75,0,0,0,1,0,0,0,0,0,0
0,0.5,0.75,0,0,0,1,0,0,0,0,0,0
0,0.5,0.75,0,0,0,1,0,0,0,0,0,0
0,0.5,0.75,0,0,0,1,0,0,0,0,0,0
0,0.5,0.75,0,0,0,1,0,0,0,0,0,0
0,0.5,0.75,0,0,0,1,0,0,0,0,0,0
0,0.5,0.75,0,0,0,1,0,0,0,0,0,0
0,0.5,0.75,0,0,0,1,0,0,0,0,0,0
0,0.5,0.75,0,0,0,1,0,0,0,0,0,0
0,0.5,0.75,0,0,0,1,0,0,0,0,0,0
0,0.5,0.75,0,0,0,1,0,0,0,0,0,0
0,0.5,0.75,0,0,0,1,0,0,0,0,0,0
0,0.5,0.75,0,0,0,1,0,0,0,0,0,0
0,0.5,0.75,0,0,0,1,0,0,0,0,0,0
0,0.5,0.75,0,0,0,1,0,0,0,0,0,0
0,0.5,0.75,0,0,0,1,0,0,0,0,0,0
0,0.5,0.75,0,0,0,1,0,0,0,0,0,0
0,0.5,0.75,0,0,0,1,0,0,0,0,0,0
0,0.5,0.75,0,0,0,1,0,0,0,0,0,0
0,0.5,0.75,0,0,0,1,0,0,0,0,0,0
0,0.5,0.75,0,0,0,1,0,0,0,0,0,0
0,0.5,0.75,0,0,0,1,0,0,0,0,0,0
0,0.5,0.75,0,0,0,1,0,0,0,0,0,0
0,0.5,0.75,0,0,0,1,0,0,0,0,0,0
0,0.5,0.75,0,0,0,1,0,0,0,0,0,0
0,0.5,0.75,0,0,0,1,0,0,0,0,0,0
0,0.5,0.75,0,0,0,1,0,0,0,0,0,0
0,0.5,0.75,0,0,0,1,0,0,0,0,0,0
0,0.5,0.75,0,0,0,1,0,0,0,0,0,0
0,0.5,0.75,0,0,0,1,0,0,0,0,0,0
0,0.5,0.75,0,0,0,1,0,0,0,0,0,0
0,0.5,0.75,0,0,0,1,0,0,0,0,0,0
0,0.5,0.75,0,0,0,1,0,0,0,0,0,0
0,0.5,0.75,0,0,0,1,0,0,0,0,0,0
0,0.5,0.75,0,0,0,1,0,0,0,0,0,0
0,0.5,0.75,0,0,0,1,0,0,0,0,0,0
0,0.5,0.75,0,0,0,1,0,0,0,0,0,0
0,0.5,0.75,0,0,0,1,0,0,0,0,0,0
0,0.5,0.75,0,0,0,1,0,0,0,0,0,0
0,0.5,0.75,0,0,0,1,0,0,0,0,0,0
0,0.5,0.75,0,0,0,1,0,0,0,0,0,0
0,0.5,0.75,0,0,0,1,0,0,0,0,0,0
0,0.5,0.75,0,0,0,1,0,0,0,0,0,0
0,0.5,0.75,0,0,0,1,0,0,0,0,0,0
0,0.5,0.75,0,0,0,1,0,0,0,0,0,0
0,0.5,0.75,0,0,0,1,0,0,0,0,0,0
0,0.5,0.75,0,0,0,1,0,0,0,0,0,0
0,0.5,0.75,0,0,0,1,0,0,0,0,0,0
0,0.5,0.75,0,0,0,1,0,0,0,0,0,0
0,0.5,0.75,0,0,0,1,0,0,0,0,0,0
0,0.5,0.75,0,0,0,1,0,0,0,0,0,0
0,0.5,0.75,0,0,0,1,0,0,0,0,0,0
0,0.5,0.75,0,0,0,1,0,0,0,0,0,0
0,0.495,0.75,0,-12.5,0,1,0,0,0,0,0,0
0,0.49,0.75,0,0,0,1,0,0,0,0,0,0
0,0.485,0.75,0,0,0,1,0,0,0,0,0,0
0,0.48,0.75,0,0,0,1,0,0,0,0,0,0
0,0.475,0.75,0,1.3878e-13,0,1,0,0,0,0,0,0
0,0.47,0.75,0,-1.3878e-13,0,1,0,0,0,0,0,0
0,0.465,0.75,0,0,0,1,0,0,0,0,0,0
0,0.46,0.75,0,0,0,1,0,0,0,0,0,0
0,0.455,0.75,0,0,0,1,0,0,0,0,0,0
0,0.45,0.75,0,0,0,1,0,0,0,0,0,0
0,0.445,0.75,0,0,0,1,0,0,0,0,0,0
0,0.44,0.75,0,0,0,1,0,0,0,0,0,0
0,0.435,0.75,0,0,0,1,0,0,0,0,0,0
0,0.43,0.75,0,0,0,1,0,0,0,0,0,0
0,0.425,0.75,0,0,0,1,0,0,0,0,0,0
0,0.42,0.75,0,0,0,1,0,0,0,0,0,0
0,0.415,0.75,0,1.3878e-13,0,1,0,0,0,0,0,0
0,0.41,0.75,0,-1.3878e-13,0,1,0,0,0,0,0,0
0,0.405,0.75,0,0,0,1,0,0,0,0,0,0
0,0.4,0.75,0,0,0,1,0,0,0,0,0,0
0,0.395,0.75,0,0,0,1,0,0,0,0,0,0
0,0.39,0.75,0,0,0,1,0,0,0,0,0,0
0,0.385,0.75,0,0,0,1,0,0,0,0,0,0
0,0.38,0.75,0,0,0,1,0,0,0,0,0,0
0,0.375,0.75,0,0,0,1,0,0,0,0,0,0
0,0.37,0.75,0,0,0,1,0,0,0,0,0,0
0,0.365,0.75,0,0,0,1,0,0,0,0,0,0
0,0.36,0.75,0,0,0,1,0,0,0,0,0,0
0,0.355,0.75,0,0,0,1,0,0,0,0,0,0
0,0.35,0.75,0,1.3878e-13,0,1,0,0,0,0,0,0
0,0.345,0.75,0,-1.3878e-13,0,1,0,0,0,0,0,0
0,0.34,0.75,0,0,0,1,0,0,0,0,0,0
0,0.335,0.75,0,0,0,1,0,0,0,0,0,0
0,0.33,0.75,0,0,0,1,0,0,0,0,0,0
0,0.325,0.75,0,0,0,1,0,0,0,0,0,0
0,0.32,0.75,0,0,0,1,0,0,0,0,0,0
0,0.315,0.75,0,0,0,1,0,0,0,0,0,0
0,0.31,0.75,0,0,0,1,0,0,0,0,0,0
0,0.305,0.75,0,0,0,1,0,0,0,0,0,0
0,0.3,0.75,0,0,0,1,0,0,0,0,0,0
0,0.295,0.75,0,0,0,1,0,0,0,0,0,0
0,0.29,0.75,0,0,0,1,0,0,0,0,0,0
0,0.285,0.75,0,1.3878e-13,0,1,0,0,0,0,0,0
0,0.28,0.75,0,-1.3878e-13,0,1,0,0,0,0,0,0
0,0.275,0.75,0,0,0,1,0,0,0,0,0,0
0,0.27,0.75,0,0,0,1,0,0,0,0,0,0
0,0.265,0.75,0,0,0,1,0,0,0,0,0,0
0,0.26,0.75,0,0,0,1,0,0,0,0,0,0
0,0.255,0.75,0,0,0,1,0,0,0,0,0,0
0,0.25,0.75,0,0,0,1,0,0,0,0,0,0
0,0.245,0.75,0,0,0,1,0,0,0,0,0,0
0,0.24,0.75,0,0,0,1,0,0,0,0,0,0
0,0.235,0.75,0,6.9389e-14,0,1,0,0,0,0,0,0
0,0.23,0.75,0,-6.9389e-14,0,1,0,0,0,0,0,0
0,0.225,0.75,0,0,0,1,0,0,0,0,0,0
0,0.22,0.75,0,0,0,1,0,0,0,0,0,0
0,0.215,0.75,0,0,0,1,0,0,0,0,0,0
0,0.21,0.75,0,0,0,1,0,0,0,0,0,0
0,0.205,0.75,0,6.9389e-14,0,1,0,0,0,0,0,0
0,0.2,0.75,0,-6.9389e-14,0,1,0,0,0,0,0,0
0,0.195,0.75,0,0,0,1,0,0,0,0,0,0
0,0.19,0.75,0,0,0,1,0,0,0,0,0,0
0,0.185,0.75,0,0,0,1,0,0,0,0,0,0
0,0.18,0.75,0,0,0,1,0,0,0,0,0,0
0,0.175,0.75,0,6.9389e-14,0,1,0,0,0,0,0,0
0,0.17,0.75,0,-6.9389e-14,0,1,0,0,0,0,0,0
0,0.165,0.75,0,0,0,1,0,0,0,0,0,0
0,0.16,0.75,0,0,0,1,0,0,0,0,0,0
0,0.155,0.75,0,0,0,1,0,0,0,0,0,0
0,0.15,0.75,0,0,0,1,0,0,0,0,0,0
0,0.145,0.75,0,0,0,1,0,0,0,0,0,0
0,0.14,0.75,0,6.9389e-14,0,1,0,0,0,0,0,0
0,0.135,0.75,0,-6.9389e-14,0,1,0,0,0,0,0,0
0,0.13,0.75,0,0,0,1,0,0,0,0,0,0
0,0.125,0.75,0,0,0,1,0,0,0,0,0,0
0,0.12,0.75,0,0,0,1,0,0,0,0,0,0
0,0.115,0.75,0,3.4694e-14,0,1,0,0,0,0,0,0
0,0.11,0.75,0,-3.4694e-14,0,1,0,0,0,0,0,0
0,0.105,0.75,0,0,0,1,0,0,0,0,0,0
0,0.1,0.75,0,3.4694e-14,0,1,0,0,0,0,0,0
0,0.095,0.75,0,-3.4694e-14,0,1,0,0,0,0,0,0
0,0.09,0.75,0,0,0,1,0,0,0,0,0,0
0,0.085,0.75,0,3.4694e-14,0,1,0,0,0,0,0,0
0,0.08,0.75,0,-3.4694e-14,0,1,0,0,0,0,0,0
0,0.075,0.75,0,0,0,1,0,0,0,0,0,0
0,0.07,0.75,0,3.4694e-14,0,1,0,0,0,0,0,0
0,0.065,0.75,0,-3.4694e-14,0,1,0,0,0,0,0,0
0,0.06,0.75,0,0,0,1,0,0,0,0,0,0
0,0.055,0.75,0,1.8041e-14,0,1,0,0,0,0,0,0
0,0.05,0.75,0,0,0,1,0,0,0,0,0,0
0,0.045,0.75,0,-1.8041e-14,0,1,0,0,0,0,0,0
0,0.04,0.75,0,1.8041e-14,0,1,0,0,0,0,0,0
0,0.035,0.75,0,0,0,1,0,0,0,0,0,0
0,0.03,0.75,0,-1.8041e-14,0,1,0,0,0,0,0,0
0,0.025,0.75,0,1.8041e-14,0,1,0,0,0,0,0,0
0,0.02,0.75,0,-9.7145e-15,0,1,0,0,0,0,0,0
0,0.015,0.75,0,0,0,1,0,0,0,0,0,0
0,0.01,0.75,0,5.5511e-15,0,1,0,0,0,0,0,0
0,0.005,0.75,0,-2.7756e-15,0,1,0,0,0,0,0,0
0,0,0.75,0,0,0,1,0,0,0,0,0,0
0,-0.005,0.75,0,0,0,1,0,0,0,0,0,0
0,-0.01,0.75,0,0,0,1,0,0,0,0,0,0
0,-0.015,0.75,0,2.7756e-15,0,1,0,0,0,0,0,0
0,-0.02,0.75,0,-5.5511e-15,0,1,0,0,0,0,0,0
0,-0.025,0.75,0,0,0,1,0,0,0,0,0,0
0,-0.03,0.75,0,9.7145e-15,0,1,0,0,0,0,0,0
0,-0.035,0.75,0,-1.8041e-14,0,1,0,0,0,0,0,0
0,-0.04,0.75,0,1.8041e-14,0,1,0,0,0,0,0,0
0,-0.045,0.75,0,0,0,1,0,0,0,0,0,0
0,-0.05,0.75,0,-1.8041e-14,0,1,0,0,0,0,0,0
0,-0.055,0.75,0,1.8041e-14,0,1,0,0,0,0,0,0
0,-0.06,0.75,0,0,0,1,0,0,0,0,0,0
0,-0.065,0.75,0,-1.8041e-14,0,1,0,0,0,0,0,0
0,-0.07,0.75,0,0,0,1,0,0,0,0,0,0
0,-0.075,0.75,0,3.4694e-14,0,1,0,0,0,0,0,0
0,-0.08,0.75,0,-3.4694e-14,0,1,0,0,0,0,0,0
0,-0.085,0.75,0,0,0,1,0,0,0,0,0,0
0,-0.09,0.75,0,3.4694e-14,0,1,0,0,0,0,0,0
0,-0.095,0.75,0,-3.4694e-14,0,1,0,0,0,0,0,0
0,-0.1,0.75,0,0,0,1,0,0,0,0,0,0
0,-0.105,0.75,0,3.4694e-14,0,1,0,0,0,0,0,0
0,-0.11,0.75,0,-3.4694e-14,0,1,0,0,0,0,0,0
0,-0.115,0.75,0,0,0,1,0,0,0,0,0,0
0,-0.12,0.75,0,3.4694e-14,0,1,0,0,0,0,0,0
0,-0.125,0.75,0,-3.4694e-14,0,1,0,0,0,0,0,0
0,-0.13,0.75,0,0,0,1,0,0,0,0,0,0
0,-0.135,0.75,0,0,0,1,0,0,0,0,0,0
0,-0.14,0.75,0,0,0,1,0,0,0,0,0,0
0,-0.145,0.75,0,6.9389e-14,0,1,0,0,0,0,0,0
0,-0.15,0.75,0,-6.9389e-14,0,1,0,0,0,0,0,0
0,-0.155,0.75,0,0,0,1,0,0,0,0,0,0
0,-0.16,0.75,0,0,0,1,0,0,0,0,0,0
0,-0.165,0.75,0,0,0,1,0,0,0,0,0,0
0,-0.17,0.75,0,0,0,1,0,0,0,0,0,0
0,-0.175,0.75,0,0,0,1,0,0,0,0,0,0
0,-0.18,0.75,0,6.9389e-14,0,1,0,0,0,0,0,0
0,-0.185,0.75,0,-6.9389e-14,0,1,0,0,0,0,0,0
0,-0.19,0.75,0,0,0,1,0,0,0,0,0,0
0,-0.195,0.75,0,0,0,1,0,0,0,0,0,0
0,-0.2,0.75,0,0,0,1,0,0,0,0,0,0
0,-0.205,0.75,0,0,0,1,0,0,0,0,0,0
0,-0.21,0.75,0,6.9389e-14,0,1,0,0,0,0,0,0
0,-0.215,0.75,0,-6.9389e-14,0,1,0,0,0,0,0,0
0,-0.22,0.75,0,0,0,1,0,0,0,0,0,0
0,-0.225,0.75,0,0,0,1,0,0,0,0,0,0
0,-0.23,0.75,0,0,0,1,0,0,0,0,0,0
0,-0.235,0.75,0,0,0,1,0,0,0,0,0,0
0,-0.24,0.75,0,6.9389e-14,0,1,0,0,0,0,0,0
0,-0.245,0.75,0,-6.9389e-14,0,1,0,0,0,0,0,0
0,-0.25,0.75,0,0,0,1,0,0,0,0,0,0
0,-0.255,0.75,0,0,0,1,0,0,0,0,0,0
0,-0.26,0.75,0,0,0,1,0,0,0,0,0,0
0,-0.265,0.75,0,0,0,1,0,0,0,0,0,0
0,-0.27,0.75,0,0,0,1,0,0,0,0,0,0
0,-0.275,0.75,0,0,0,1,0,0,0,0,0,0
0,-0.28,0.75,0,0,0,1,0,0,0,0,0,0
0,-0.285,0.75,0,0,0,1,0,0,0,0,0,0
0,-0.29,0.75,0,1.3878e-13,0,1,0,0,0,0,0,0
0,-0.295,0.75,0,-1.3878e-13,0,1,0,0,0,0,0,0
0,-0.3,0.75,0,0,0,1,0,0,0,0,0,0
0,-0.305,0.75,0,0,0,1,0,0,0,0,0,0
0,-0.31,0.75,0,0,0,1,0,0,0,0,0,0
0,-0.315,0.75,0,0,0,1,0,0,0,0,0,0
0,-0.32,0.75,0,0,0,1,0,0,0,0,0,0
0,-0.325,0.75,0,0,0,1,0,0,0,0,0,0
0,-0.33,0.75,0,0,0,1,0,0,0,0,0,0
0,-0.335,0.75,0,0,0,1,0,0,0,0,0,0
0,-0.34,0.75,0,0,0,1,0,0,0,0,0,0
0,-0.345,0.75,0,0,0,1,0,0,0,0,0,0
0,-0.35,0.75,0,0,0,1,0,0,0,0,0,0
0,-0.355,0.75,0,1.3878e-13,0,1,0,0,0,0,0,0
0,-0.36,0.75,0,-1.3878e-13,0,1,0,0,0,0,0,0
0,-0.365,0.75,0,0,0,1,0,0,0,0,0,0
0,-0.37,0.75,0,0,0,1,0,0,0,0,0,0
0,-0.375,0.75,0,0,0,1,0,0,0,0,0,0
0,-0.38,0.75,0,0,0,1,0,0,0,0,0,0
0,-0.385,0.75,0,0,0,1,0,0,0,0,0,0
0,-0.39,0.75,0,0,0,1,0,0,0,0,0,0
0,-0.395,0.75,0,0,0,1,0,0,0,0,0,0
0,-0.4,0.75,0,0,0,1,0,0,0,0,0,0
0,-0.405,0.75,0,0,0,1,0,0,0,0,0,0
0,-0.41,0.75,0,0,0,1,0,0,0,0,0,0
0,-0.415,0.75,0,0,0,1,0,0,0,0,0,0
0,-0.42,0.75,0,1.3878e-13,0,1,0,0,0,0,0,0
0,-0.425,0.75,0,-1.3878e-13,0,1,0,0,0,0,0,0
0,-0.43,0.75,0,0,0,1,0,0,0,0,0,0
0,-0.435,0.75,0,0,0,1,0,0,0,0,0,0
0,-0.44,0.75,0,0,0,1,0,0,0,0,0,0
0,-0.445,0.75,0,0,0,1,0,0,0,0,0,0
0,-0.45,0.75,0,0,0,1,0,0,0,0,0,0
0,-0.455,0.75,0,0,0,1,0,0,0,0,0,0
0,-0.46,0.75,0,0,0,1,0,0,0,0,0,0
0,-0.465,0.75,0,0,0,1,0,0,0,0,0,0
0,-0.47,0.75,0,0,0,1,0,0,0,0,0,0
0,-0.475,0.75,0,0,0,1,0,0,0,0,0,0
0,-0.48,0.75,0,1.3878e-13,0,1,0,0,0,0,0,0
0,-0.485,0.75,0,-1.3878e-13,0,1,0,0,0,0,0,0
0,-0.49,0.75,0,0,0,1,0,0,0,0,0,0
0,-0.495,0.75,0,0,0,1,0,0,0,0,0,0
0,-0.495,0.75,0,12.5,0,1,0,0,0,0,0,0
0,-0.495,0.75,0,0,0,1,0,0,0,0,0,0
0,-0.495,0.75,0,0,0,1,0,0,0,0,0,0
0,-0.495,0.75,0,0,0,1,0,0,0,0,0,0
0,-0.495,0.75,0,0,0,1,0,0,0,0,0,0
0,-0.495,0.75,0,0,0,1,0,0,0,0,0,0
0,-0.495,0.75,0,0,0,1,0,0,0,0,0,0
0,-0.495,0.75,0,0,0,1,0,0,0,0,0,0
0,-0.495,0.75,0,0,0,1,0,0,0,0,0,0
0,-0.495,0.75,0,0,0,1,0,0,0,0,0,0
0,-0.495,0.75,0,0,0,1,0,0,0,0,0,0
0,-0.495,0.75,0,0,0,1,0,0,0,0,0,0
0,-0.495,0.75,0,0,0,1,0,0,0,0,0,0
0,-0.495,0.75,0,0,0,1,0,0,0,0,0,0
0,-0.495,0.75,0,0,0,1,0,0,0,0,0,0
0,-0.495,0.75,0,0,0,1,0,0,0,0,0,0
0,-0.495,0.75,0,0,0,1,0,0,0,0,0,0
0,-0.495,0.75,0,0,0,1,0,0,0,0,0,0
0,-0.495,0.75,0,0,0,1,0,0,0,0,0,0
0,-0.495,0.75,0,0,0,1,0,0,0,0,0,0
0,-0.495,0.75,0,0,0,1,0,0,0,0,0,0
0,-0.495,0.75,0,0,0,1,0,0,0,0,0,0
0,-0.495,0.75,0,0,0,1,0,0,0,0,0,0
0,-0.495,0.75,0,0,0,1,0,0,0,0,0,0
0,-0.495,0.75,0,0,0,1,0,0,0,0,0,0
0,-0.495,0.75,0,0,0,1,0,0,0,0,0,0
0,-0.495,0.75,0,0,0,1,0,0,0,0,0,0
0,-0.495,0.75,0,0,0,1,0,0,0,0,0,0
0,-0.495,0.75,0,0,0,1,0,0,0,0,0,0
0,-0.495,0.75,0,0,0,1,0,0,0,0,0,0
0,-0.495,0.75,0,0,0,1,0,0,0,0,0,0
0,-0.495,0.75,0,0,0,1,0,0,0,0,0,0
0,-0.495,0.75,0,0,0,1,0,0,0,0,0,0
0,-0.495,0.75,0,0,0,1,0,0,0,0,0,0
0,-0.495,0.75,0,0,0,1,0,0,0,0,0,0
0,-0.495,0.75,0,0,0,1,0,0,0,0,0,0
0,-0.495,0.75,0,0,0,1,0,0,0,0,0,0
0,-0.495,0.75,0,0,0,1,0,0,0,0,0,0
0,-0.495,0.75,0,0,0,1,0,0,0,0,0,0
0,-0.495,0.75,0,0,0,1,0,0,0,0,0,0
0,-0.495,0.75,0,0,0,1,0,0,0,0,0,0
0,-0.495,0.75,0,0,0,1,0,0,0,0,0,0
0,-0.495,0.75,0,0,0,1,0,0,0,0,0,0
0,-0.495,0.75,0,0,0,1,0,0,0,0,0,0
0,-0.495,0.75,0,0,0,1,0,0,0,0,0,0
0,-0.495,0.75,0,0,0,1,0,0,0,0,0,0
0,-0.495,0.75,0,0,0,1,0,0,0,0,0,0
0,-0.495,0.75,0,0,0,1,0,0,0,0,0,0
0,-0.495,0.75,0,0,0,1,0,0,0,0,0,0
0,-0.495,0.75,0,0,0,1,0,0,0,0,0,0
0,-0.495,0.75,0,0,0,1,0,0,0,0,0,0
0,-0.495,0.75,0,0,0,1,0,0,0,0,0,0
0,-0.495,0.75,0,0,0,1,0,0,0,0,0,0
0,-0.495,0.75,0,0,0,1,0,0,0,0,0,0
0,-0.495,0.75,0,0,0,1,0,0,0,0,0,0
0,-0.495,0.75,0,0,0,1,0,0,0,0,0,0
0,-0.495,0.75,0,0,0,1,0,0,0,0,0,0
0,-0.495,0.75,0,0,0,1,0,0,0,0,0,0
0,-0.495,0.75,0,0,0,1,0,0,0,0,0,0
0,-0.495,0.75,0,0,0,1,0,0,0,0,0,0
0,-0.495,0.75,0,0,0,1,0,0,0,0,0,0
0,-0.495,0.75,0,0,0,1,0,0,0,0,0,0
0,-0.495,0.75,0,0,0,1,0,0,0,0,0,0
0,-0.495,0.75,0,0,0,1,0,0,0,0,0,0
0,-0.495,0.75,0,0,0,1,0,0,0,0,0,0
0,-0.495,0.75,0,0,0,1,0,0,0,0,0,0
0,-0.495,0.75,0,0,0,1,0,0,0,0,0,0
0,-0.495,0.75,0,0,0,1,0,0,0,0,0,0
0,-0.495,0.75,0,0,0,1,0,0,0,0,0,0
0,-0.495,0.75,0,0,0,1,0,0,0,0,0,0
0,-0.495,0.75,0,0,0,1,0,0,0,0,0,0
0,-0.495,0.75,0,0,0,1,0,0,0,0,0,0
0,-0.495,0.75,0,0,0,1,0,0,0,0,0,0
0,-0.495,0.75,0,0,0,1,0,0,0,0,0,0
0,-0.495,0.75,0,0,0,1,0,0,0,0,0,0
0,-0.495,0.75,0,0,0,1,0,0,0,0,0,0
0,-0.495,0.75,0,0,0,1,0,0,0,0,0,0
0,-0.495,0.75,0,0,0,1,0,0,0,0,0,0
0,-0.495,0.75,0,0,0,1,0,0,0,0,0,0
0,-0.495,0.75,0,0,0,1,0,0,0,0,0,0
0,-0.495,0.75,0,0,0,1,0,0,0,0,0,0
0,-0.495,0.75,0,0,0,1,0,0,0,0,0,0
0,-0.495,0.75,0,0,0,1,0,0,0,0,0,0
0,-0.495,0.75,0,0,0,1,0,0,0,0,0,0
0,-0.495,0.75,0,0,0,1,0,0,0,0,0,0
0,-0.495,0.75,0,0,0,1,0,0,0,0,0,0
0,-0.495,0.75,0,0,0,1,0,0,0,0,0,0
0,-0.495,0.75,0,0,0,1,0,0,0,0,0,0
0,-0.495,0.75,0,0,0,1,0,0,0,0,0,0
0,-0.495,0.75,0,0,0,1,0,0,0,0,0,0
0,-0.495,0.75,0,0,0,1,0,0,0,0,0,0
0,-0.495,0.75,0,0,0,1,0,0,0,0,0,0
0,-0.495,0.75,0,0,0,1,0,0,0,0,0,0
0,-0.495,0.75,0,0,0,1,0,0,0,0,0,0
0,-0.495,0.75,0,0,0,1,0,0,0,0,0,0
0,-0.495,0.75,0,0,0,1,0,0,0,0,0,0
0,-0.495,0.75,0,0,0,1,0,0,0,0,0,0
0,-0.495,0.75,0,0,0,1,0,0,0,0,0,0
0,-0.495,0.75,0,0,0,1,0,0,0,0,0,0
0,-0.495,0.75,0,0,0,1,0,0,0,0,0,0
0,-0.5,0.75,0,-12.5,0,1,0,0,0,0,0,0
0,-0.495,0.75,0,25,0,1,0,0,0,0,0,0
0,-0.49,0.75,0,0,0,1,0,0,0,0,0,0
0,-0.485,0.75,0,0,0,1,0,0,0,0,0,0
0,-0.48,0.75,0,0,0,1,0,0,0,0,0,0
0,-0.475,0.75,0,0,0,1,0,0,0,0,0,0
0,-0.47,0.75,0,0,0,1,0,0,0,0,0,0
0,-0.465,0.75,0,0,0,1,0,0,0,0,0,0
0,-0.46,0.75,0,-1.3878e-13,0,1,0,0,0,0,0,0
0,-0.455,0.75,0,1.3878e-13,0,1,0,0,0,0,0,0
0,-0.45,0.75,0,0,0,1,0,0,0,0,0,0
0,-0.445,0.75,0,0,0,1,0,0,0,0,0,0
0,-0.44,0.75,0,0,0,1,0,0,0,0,0,0
0,-0.435,0.75,0,0,0,1,0,0,0,0,0,0
0,-0.43,0.75,0,0,0,1,0,0,0,0,0,0
0,-0.425,0.75,0,0,0,1,0,0,0,0,0,0
0,-0.42,0.75,0,0,0,1,0,0,0,0,0,0
0,-0.415,0.75,0,0,0,1,0,0,0,0,0,0
0,-0.41,0.75,0,-1.3878e-13,0,1,0,0,0,0,0,0
0,-0.405,0.75,0,1.3878e-13,0,1,0,0,0,0,0,0
0,-0.4,0.75,0,0,0,1,0,0,0,0,0,0
0,-0.395,0.75,0,0,0,1,0,0,0,0,0,0
0,-0.39,0.75,0,0,0,1,0,0,0,0,0,0
0,-0.385,0.75,0,0,0,1,0,0,0,0,0,0
0,-0.38,0.75,0,0,0,1,0,0,0,0,0,0
0,-0.375,0.75,0,0,0,1,0,0,0,0,0,0
0,-0.37,0.75,0,0,0,1,0,0,0,0,0,0
0,-0.365,0.75,0,0,0,1,0,0,0,0,0,0
0,-0.36,0.75,0,0,0,1,0,0,0,0,0,0
0,-0.355,0.75,0,0,0,1,0,0,0,0,0,0
0,-0.35,0.75,0,0,0,1,0,0,0,0,0,0
0,-0.345,0.75,0,0,0,1,0,0,0,0,0,0
0,-0.34,0.75,0,0,0,1,0,0,0,0,0,0
0,-0.335,0.75,0,0,0,1,0,0,0,0,0,0
0,-0.33,0.75,0,0,0,1,0,0,0,0,0,0
0,-0.325,0.75,0,-1.3878e-13,0,1,0,0,0,0,0,0
0,-0.32,0.75,0,1.3878e-13,0,1,0,0,0,0,0,0
0,-0.315,0.75,0,0,0,1,0,0,0,0,0,0
0,-0.31,0.75,0,0,0,1,0,0,0,0,0,0
0,-0.305,0.75,0,0,0,1,0,0,0,0,0,0
0,-0.3,0.75,0,0,0,1,0,0,0,0,0,0
0,-0.295,0.75,0,-1.3878e-13,0,1,0,0,0,0,0,0
0,-0.29,0.75,0,1.3878e-13,0,1,0,0,0,0,0,0
0,-0.285,0.75,0,0,0,1,0,0,0,0,0,0
0,-0.28,0.75,0,0,0,1,0,0,0,0,0,0
0,-0.275,0.75,0,0,0,1,0,0,0,0,0,0
0,-0.27,0.75,0,0,0,1,0,0,0,0,0,0
0,-0.265,0.75,0,0,0,1,0,0,0,0,0,0
0,-0.26,0.75,0,0,0,1,0,0,0,0,0,0
0,-0.255,0.75,0,0,0,1,0,0,0,0,0,0
0,-0.25,0.75,0,0,0,1,0,0,0,0,0,0
0,-0.245,0.75,0,0,0,1,0,0,0,0,0,0
0,-0.24,0.75,0,0,0,1,0,0,0,0,0,0
0,-0.235,0.75,0,0,0,1,0,0,0,0,0,0
0,-0.23,0.75,0,0,0,1,0,0,0,0,0,0
0,-0.225,0.75,0,0,0,1,0,0,0,0,0,0
0,-0.22,0.75,0,0,0,1,0,0,0,0,0,0
0,-0.215,0.75,0,-1.3878e-13,0,1,0,0,0,0,0,0
0,-0.21,0.75,0,1.3878e-13,0,1,0,0,0,0,0,0
0,-0.205,0.75,0,0,0,1,0,0,0,0,0,0
0,-0.2,0.75,0,0,0,1,0,0,0,0,0,0
0,-0.195,0.75,0,0,0,1,0,0,0,0,0,0
0,-0.19,0.75,0,0,0,1,0,0,0,0,0,0
0,-0.185,0.75,0,0,0,1,0,0,0,0,0,0
0,-0.18,0.75,0,0,0,1,0,0,0,0,0,0
0,-0.175,0.75,0,0,0,1,0,0,0,0,0,0
0,-0.17,0.75,0,0,0,1,0,0,0,0,0,0
0,-0.165,0.75,0,0,0,1,0,0,0,0,0,0
0,-0.16,0.75,0,0,0,1,0,0,0,0,0,0
0,-0.155,0.75,0,-1.3878e-13,0,1,0,0,0,0,0,0
0,-0.15,0.75,0,1.3878e-13,0,1,0,0,0,0,0,0
0,-0.145,0.75,0,0,0,1,0,0,0,0,0,0
0,-0.14,0.75,0,0,0,1,0,0,0,0,0,0
0,-0.135,0.75,0,0,0,1,0,0,0,0,0,0
0,-0.13,0.75,0,0,0,1,0,0,0,0,0,0
0,-0.125,0.75,0,0,0,1,0,0,0,0,0,0
0,-0.12,0.75,0,0,0,1,0,0,0,0,0,0
0,-0.115,0.75,0,0,0,1,0,0,0,0,0,0
0,-0.11,0.75,0,0,0,1,0,0,0,0,0,0
0,-0.105,0.75,0,0,0,1,0,0,0,0,0,0
0,-0.1,0.75,0,0,0,1,0,0,0,0,0,0
0,-0.095,0.75,0,0,0,1,0,0,0,0,0,0
0,-0.09,0.75,0,-1.3878e-13,0,1,0,0,0,0,0,0
0,-0.085,0.75,0,1.3878e-13,0,1,0,0,0,0,0,0
0,-0.08,0.75,0,0,0,1,0,0,0,0,0,0
0,-0.075,0.75,0,0,0,1,0,0,0,0,0,0
0,-0.07,0.75,0,0,0,1,0,0,0,0,0,0
0,-0.065,0.75,0,0,0,1,0,0,0,0,0,0
0,-0.06,0.75,0,0,0,1,0,0,0,0,0,0
0,-0.055,0.75,0,0,0,1,0,0,0,0,0,0
0,-0.05,0.75,0,0,0,1,0,0,0,0,0,0
0,-0.045,0.75,0,0,0,1,0,0,0,0,0,0
0,-0.04,0.75,0,0,0,1,0,0,0,0,0,0
0,-0.035,0.75,0,0,0,1,0,0,0,0,0,0
0,-0.03,0.75,0,-1.3878e-13,0,1,0,0,0,0,0,0
0,-0.025,0.75,0,1.3878e-13,0,1,0,0,0,0,0,0
0,-0.02,0.75,0,0,0,1,0,0,0,0,0,0
0,-0.015,0.75,0,0,0,1,0,0,0,0,0,0
0,-0.01,0.75,0,0,0,1,0,0,0,0,0,0
0,-0.005,0.75,0,0,0,1,0,0,0,0,0,0
