0,0,0.75,0,0,0,1,0,0,0,0,0,0
0,0,0.75,0,0,0,1,0,0,0.0031416,0,0,0.31416
0,0,0.75,0,0,0,0.99998,0,0,0.0062831,0,0,0.31416
0,0,0.75,0,0,0,0.99996,0,0,0.0094246,0,0,0.31416
0,0,0.75,0,0,0,0.99992,0,0,0.012566,0,0,0.31416
0,0,0.75,0,0,0,0.99988,0,0,0.015707,0,0,0.31416
0,0,0.75,0,0,0,0.99982,0,0,0.018848,0,0,0.31416
0,0,0.75,0,0,0,0.99976,0,0,0.021989,0,0,0.31416
0,0,0.75,0,0,0,0.99968,0,0,0.02513,0,0,0.31416
0,0,0.75,0,0,0,0.9996,0,0,0.028271,0,0,0.31416
0,0,0.75,0,0,0,0.99951,0,0,0.031411,0,0,0.31416
0,0,0.75,0,0,0,0.9994,0,0,0.034551,0,0,0.31416
0,0,0.75,0,0,0,0.99929,0,0,0.03769,0,0,0.31416
0,0,0.75,0,0,0,0.99917,0,0,0.040829,0,0,0.31416
0,0,0.75,0,0,0,0.99903,0,0,0.043968,0,0,0.31416
0,0,0.75,0,0,0,0.99889,0,0,0.047106,0,0,0.31416
0,0,0.75,0,0,0,0.99874,0,0,0.050244,0,0,0.31416
0,0,0.75,0,0,0,0.99857,0,0,0.053382,0,0,0.31416
0,0,0.75,0,0,0,0.9984,0,0,0.056519,0,0,0.31416
0,0,0.75,0,0,0,0.99822,0,0,0.059655,0,0,0.31416
0,0,0.75,0,0,0,0.99803,0,0,0.062791,0,0,0.31416
0,0,0.75,0,0,0,0.99782,0,0,0.065926,0,0,0.31416
0,0,0.75,0,0,0,0.99761,0,0,0.06906,0,0,0.31416
0,0,0.75,0,0,0,0.99739,0,0,0.072194,0,0,0.31416
0,0,0.75,0,0,0,0.99716,0,0,0.075327,0,0,0.31416
0,0,0.75,0,0,0,0.99692,0,0,0.078459,0,0,0.31416
0,0,0.75,0,0,0,0.99667,0,0,0.081591,0,0,0.31416
0,0,0.75,0,0,0,0.9964,0,0,0.084721,0,0,0.31416
0,0,0.75,0,0,0,0.99613,0,0,0.087851,0,0,0.31416
0,0,0.75,0,0,0,0.99585,0,0,0.09098,0,0,0.31416
0,0,0.75,0,0,0,0.99556,0,0,0.094108,0,0,0.31416
0,0,0.75,0,0,0,0.99526,0,0,0.097235,0,0,0.31416
0,0,0.75,0,0,0,0.99495,0,0,0.10036,0,0,0.31416
0,0,0.75,0,0,0,0.99463,0,0,0.10349,0,0,0.31416
0,0,0.75,0,0,0,0.9943,0,0,0.10661,0,0,0.31416
0,0,0.75,0,0,0,0.99396,0,0,0.10973,0,0,0.31416
0,0,0.75,0,0,0,0.99361,0,0,0.11286,0,0,0.31416
0,0,0.75,0,0,0,0.99325,0,0,0.11598,0,0,0.31416
0,0,0.75,0,0,0,0.99288,0,0,0.1191,0,0,0.31416
0,0,0.75,0,0,0,0.9925,0,0,0.12222,0,0,0.31416
0,0,0.75,0,0,0,0.99211,0,0,0.12533,0,0,0.31416
0,0,0.75,0,0,0,0.99172,0,0,0.12845,0,0,0.31416
0,0,0.75,0,0,0,0.99131,0,0,0.13156,0,0,0.31416
0,0,0.75,0,0,0,0.99089,0,0,0.13468,0,0,0.31416
0,0,0.75,0,0,0,0.99046,0,0,0.13779,0,0,0.31416
0,0,0.75,0,0,0,0.99002,0,0,0.1409,0,0,0.31416
0,0,0.75,0,0,0,0.98958,0,0,0.14401,0,0,0.31416
0,0,0.75,0,0,0,0.98912,0,0,0.14712,0,0,0.31416
0,0,0.75,0,0,0,0.98865,0,0,0.15023,0,0,0.31416
0,0,0.75,0,0,0,0.98817,0,0,0.15333,0,0,0.31416
0,0,0.75,0,0,0,0.98769,0,0,0.15643,0,0,0.31416
0,0,0.75,0,0,0,0.98719,0,0,0.15954,0,0,0.31416
0,0,0.75,0,0,0,0.98669,0,0,0.16264,0,0,0.31416
0,0,0.75,0,0,0,0.98617,0,0,0.16574,0,0,0.31416
0,0,0.75,0,0,0,0.98564,0,0,0.16883,0,0,0.31416
0,0,0.75,0,0,0,0.98511,0,0,0.17193,0,0,0.31416
0,0,0.75,0,0,0,0.98456,0,0,0.17502,0,0,0.31416
0,0,0.75,0,0,0,0.98401,0,0,0.17812,0,0,0.31416
0,0,0.75,0,0,0,0.98345,0,0,0.18121,0,0,0.31416
0,0,0.75,0,0,0,0.98287,0,0,0.18429,0,0,0.31416
0,0,0.75,0,0,0,0.98229,0,0,0.18738,0,0,0.31416
0,0,0.75,0,0,0,0.98169,0,0,0.19047,0,0,0.31416
0,0,0.75,0,0,0,0.98109,0,0,0.19355,0,0,0.31416
0,0,0.75,0,0,0,0.98048,0,0,0.19663,0,0,0.31416
0,0,0.75,0,0,0,0.97986,0,0,0.19971,0,0,0.31416
0,0,0.75,0,0,0,0.97922,0,0,0.20279,0,0,0.31416
0,0,0.75,0,0,0,0.97858,0,0,0.20586,0,0,0.31416
0,0,0.75,0,0,0,0.97793,0,0,0.20894,0,0,0.31416
0,0,0.75,0,0,0,0.97727,0,0,0.21201,0,0,0.31416
0,0,0.75,0,0,0,0.9766,0,0,0.21508,0,0,0.31416
0,0,0.75,0,0,0,0.97592,0,0,0.21814,0,0,0.31416
0,0,0.75,0,0,0,0.97523,0,0,0.22121,0,0,0.31416
0,0,0.75,0,0,0,0.97453,0,0,0.22427,0,0,0.31416
0,0,0.75,0,0,0,0.97382,0,0,0.22733,0,0,0.31416
0,0,0.75,0,0,0,0.9731,0,0,0.23039,0,0,0.31416
0,0,0.75,0,0,0,0.97237,0,0,0.23345,0,0,0.31416
0,0,0.75,0,0,0,0.97163,0,0,0.2365,0,0,0.31416
0,0,0.75,0,0,0,0.97088,0,0,0.23955,0,0,0.31416
0,0,0.75,0,0,0,0.97013,0,0,0.2426,0,0,0.31416
0,0,0.75,0,0,0,0.96936,0,0,0.24565,0,0,0.31416
0,0,0.75,0,0,0,0.96858,0,0,0.24869,0,0,0.31416
0,0,0.75,0,0,0,0.9678,0,0,0.25173,0,0,0.31416
0,0,0.75,0,0,0,0.967,0,0,0.25477,0,0,0.31416
0,0,0.75,0,0,0,0.9662,0,0,0.25781,0,0,0.31416
0,0,0.75,0,0,0,0.96538,0,0,0.26084,0,0,0.31416
0,0,0.75,0,0,0,0.96456,0,0,0.26387,0,0,0.31416
0,0,0.75,0,0,0,0.96372,0,0,0.2669,0,0,0.31416
0,0,0.75,0,0,0,0.96288,0,0,0.26993,0,0,0.31416
0,0,0.75,0,0,0,0.96203,0,0,0.27295,0,0,0.31416
0,0,0.75,0,0,0,0.96117,0,0,0.27597,0,0,0.31416
0,0,0.75,0,0,0,0.96029,0,0,0.27899,0,0,0.31416
0,0,0.75,0,0,0,0.95941,0,0,0.28201,0,0,0.31416
0,0,0.75,0,0,0,0.95852,0,0,0.28502,0,0,0.31416
0,0,0.75,0,0,0,0.95762,0,0,0.28803,0,0,0.31416
0,0,0.75,0,0,0,0.95671,0,0,0.29104,0,0,0.31416
0,0,0.75,0,0,0,0.95579,0,0,0.29404,0,0,0.31416
0,0,0.75,0,0,0,0.95486,0,0,0.29704,0,0,0.31416
0,0,0.75,0,0,0,0.95393,0,0,0.30004,0,0,0.31416
0,0,0.75,0,0,0,0.95298,0,0,0.30304,0,0,0.31416
0,0,0.75,0,0,0,0.95202,0,0,0.30603,0,0,0.31416
0,0,0.75,0,0,0,0.95106,0,0,0.30902,0,0,0.31416
0,0,0.75,0,0,0,0.95008,0,0,0.312,0,0,0.31416
0,0,0.75,0,0,0,0.9491,0,0,0.31499,0,0,0.31416
0,0,0.75,0,0,0,0.9481,0,0,0.31797,0,0,0.31416
0,0,0.75,0,0,0,0.9471,0,0,0.32094,0,0,0.31416
0,0,0.75,0,0,0,0.94609,0,0,0.32392,0,0,0.31416
0,0,0.75,0,0,0,0.94506,0,0,0.32689,0,0,0.31416
0,0,0.75,0,0,0,0.94403,0,0,0.32986,0,0,0.31416
0,0,0.75,0,0,0,0.94299,0,0,0.33282,0,0,0.31416
0,0,0.75,0,0,0,0.94194,0,0,0.33578,0,0,0.31416
0,0,0.75,0,0,0,0.94088,0,0,0.33874,0,0,0.31416
0,0,0.75,0,0,0,0.93981,0,0,0.34169,0,0,0.31416
0,0,0.75,0,0,0,0.93873,0,0,0.34464,0,0,0.31416
0,0,0.75,0,0,0,0.93765,0,0,0.34759,0,0,0.31416
0,0,0.75,0,0,0,0.93655,0,0,0.35053,0,0,0.31416
0,0,0.75,0,0,0,0.93544,0,0,0.35347,0,0,0.31416
0,0,0.75,0,0,0,0.93433,0,0,0.35641,0,0,0.31416
0,0,0.75,0,0,0,0.9332,0,0,0.35935,0,0,0.31416
0,0,0.75,0,0,0,0.93207,0,0,0.36228,0,0,0.31416
0,0,0.75,0,0,0,0.93093,0,0,0.3652,0,0,0.31416
0,0,0.75,0,0,0,0.92978,0,0,0.36812,0,0,0.31416
0,0,0.75,0,0,0,0.92862,0,0,0.37104,0,0,0.31416
0,0,0.75,0,0,0,0.92745,0,0,0.37396,0,0,0.31416
0,0,0.75,0,0,0,0.92627,0,0,0.37687,0,0,0.31416
0,0,0.75,0,0,0,0.92508,0,0,0.37978,0,0,0.31416
0,0,0.75,0,0,0,0.92388,0,0,0.38268,0,0,0.31416
0,0,0.75,0,0,0,0.92267,0,0,0.38558,0,0,0.31416
0,0,0.75,0,0,0,0.92146,0,0,0.38848,0,0,0.31416
0,0,0.75,0,0,0,0.92023,0,0,0.39137,0,0,0.31416
0,0,0.75,0,0,0,0.919,0,0,0.39426,0,0,0.31416
0,0,0.75,0,0,0,0.91775,0,0,0.39715,0,0,0.31416
0,0,0.75,0,0,0,0.9165,0,0,0.40003,0,0,0.31416
0,0,0.75,0,0,0,0.91524,0,0,0.40291,0,0,0.31416
0,0,0.75,0,0,0,0.91397,0,0,0.40578,0,0,0.31416
0,0,0.75,0,0,0,0.91269,0,0,0.40865,0,0,0.31416
0,0,0.75,0,0,0,0.9114,0,0,0.41151,0,0,0.31416
0,0,0.75,0,0,0,0.91011,0,0,0.41438,0,0,0.31416
0,0,0.75,0,0,0,0.9088,0,0,0.41723,0,0,0.31416
0,0,0.75,0,0,0,0.90748,0,0,0.42009,0,0,0.31416
0,0,0.75,0,0,0,0.90616,0,0,0.42293,0,0,0.31416
0,0,0.75,0,0,0,0.90483,0,0,0.42578,0,0,0.31416
0,0,0.75,0,0,0,0.90348,0,0,0.42862,0,0,0.31416
0,0,0.75,0,0,0,0.90213,0,0,0.43146,0,0,0.31416
0,0,0.75,0,0,0,0.90077,0,0,0.43429,0,0,0.31416
0,0,0.75,0,0,0,0.89941,0,0,0.43712,0,0,0.31416
0,0,0.75,0,0,0,0.89803,0,0,0.43994,0,0,0.31416
0,0,0.75,0,0,0,0.89664,0,0,0.44276,0,0,0.31416
0,0,0.75,0,0,0,0.89525,0,0,0.44557,0,0,0.31416
0,0,0.75,0,0,0,0.89384,0,0,0.44838,0,0,0.31416
0,0,0.75,0,0,0,0.89243,0,0,0.45119,0,0,0.31416
0,0,0.75,0,0,0,0.89101,0,0,0.45399,0,0,0.31416
0,0,0.75,0,0,0,0.88958,0,0,0.45679,0,0,0.31416
0,0,0.75,0,0,0,0.88814,0,0,0.45958,0,0,0.31416
0,0,0.75,0,0,0,0.88669,0,0,0.46237,0,0,0.31416
0,0,0.75,0,0,0,0.88523,0,0,0.46515,0,0,0.31416
0,0,0.75,0,0,0,0.88377,0,0,0.46793,0,0,0.31416
0,0,0.75,0,0,0,0.88229,0,0,0.4707,0,0,0.31416
0,0,0.75,0,0,0,0.88081,0,0,0.47347,0,0,0.31416
0,0,0.75,0,0,0,0.87932,0,0,0.47624,0,0,0.31416
0,0,0.75,0,0,0,0.87782,0,0,0.479,0,0,0.31416
0,0,0.75,0,0,0,0.87631,0,0,0.48175,0,0,0.31416
0,0,0.75,0,0,0,0.87479,0,0,0.4845,0,0,0.31416
0,0,0.75,0,0,0,0.87326,0,0,0.48725,0,0,0.31416
0,0,0.75,0,0,0,0.87173,0,0,0.48999,0,0,0.31416
0,0,0.75,0,0,0,0.87018,0,0,0.49273,0,0,0.31416
0,0,0.75,0,0,0,0.86863,0,0,0.49546,0,0,0.31416
0,0,0.75,0,0,0,0.86707,0,0,0.49819,0,0,0.31416
0,0,0.75,0,0,0,0.8655,0,0,0.50091,0,0,0.31416
0,0,0.75,0,0,0,0.86392,0,0,0.50362,0,0,0.31416
0,0,0.75,0,0,0,0.86234,0,0,0.50633,0,0,0.31416
0,0,0.75,0,0,0,0.86074,0,0,0.50904,0,0,0.31416
0,0,0.75,0,0,0,0.85914,0,0,0.51174,0,0,0.31416
0,0,0.75,0,0,0,0.85753,0,0,0.51444,0,0,0.31416
0,0,0.75,0,0,0,0.85591,0,0,0.51713,0,0,0.31416
0,0,0.75,0,0,0,0.85428,0,0,0.51982,0,0,0.31416
0,0,0.75,0,0,0,0.85264,0,0,0.5225,0,0,0.31416
0,0,0.75,0,0,0,0.85099,0,0,0.52517,0,0,0.31416
0,0,0.75,0,0,0,0.84934,0,0,0.52785,0,0,0.31416
0,0,0.75,0,0,0,0.84768,0,0,0.53051,0,0,0.31416
0,0,0.75,0,0,0,0.84601,0,0,0.53317,0,0,0.31416
0,0,0.75,0,0,0,0.84433,0,0,0.53583,0,0,0.31416
0,0,0.75,0,0,0,0.84264,0,0,0.53848,0,0,0.31416
0,0,0.75,0,0,0,0.84094,0,0,0.54112,0,0,0.31416
0,0,0.75,0,0,0,0.83924,0,0,0.54376,0,0,0.31416
0,0,0.75,0,0,0,0.83753,0,0,0.54639,0,0,0.31416
0,0,0.75,0,0,0,0.83581,0,0,0.54902,0,0,0.31416
0,0,0.75,0,0,0,0.83408,0,0,0.55165,0,0,0.31416
0,0,0.75,0,0,0,0.83234,0,0,0.55426,0,0,0.31416
0,0,0.75,0,0,0,0.8306,0,0,0.55688,0,0,0.31416
0,0,0.75,0,0,0,0.82884,0,0,0.55948,0,0,0.31416
0,0,0.75,0,0,0,0.82708,0,0,0.56208,0,0,0.31416
0,0,0.75,0,0,0,0.82531,0,0,0.56468,0,0,0.31416
0,0,0.75,0,0,0,0.82353,0,0,0.56727,0,0,0.31416
0,0,0.75,0,0,0,0.82175,0,0,0.56985,0,0,0.31416
0,0,0.75,0,0,0,0.81995,0,0,0.57243,0,0,0.31416
0,0,0.75,0,0,0,0.81815,0,0,0.57501,0,0,0.31416
0,0,0.75,0,0,0,0.81634,0,0,0.57757,0,0,0.31416
0,0,0.75,0,0,0,0.81452,0,0,0.58013,0,0,0.31416
0,0,0.75,0,0,0,0.81269,0,0,0.58269,0,0,0.31416
0,0,0.75,0,0,0,0.81086,0,0,0.58524,0,0,0.31416
0,0,0.75,0,0,0,0.80902,0,0,0.58779,0,0,0.31416
0,0,0.75,0,0,0,0.80717,0,0,0.59032,0,0,0.31416
0,0,0.75,0,0,0,0.80531,0,0,0.59286,0,0,0.31416
0,0,0.75,0,0,0,0.80344,0,0,0.59538,0,0,0.31416
0,0,0.75,0,0,0,0.80157,0,0,0.5979,0,0,0.31416
0,0,0.75,0,0,0,0.79968,0,0,0.60042,0,0,0.31416
0,0,0.75,0,0,0,0.79779,0,0,0.60293,0,0,0.31416
0,0,0.75,0,0,0,0.7959,0,0,0.60543,0,0,0.31416
0,0,0.75,0,0,0,0.79399,0,0,0.60793,0,0,0.31416
0,0,0.75,0,0,0,0.79208,0,0,0.61042,0,0,0.31416
0,0,0.75,0,0,0,0.79016,0,0,0.61291,0,0,0.31416
0,0,0.75,0,0,0,0.78823,0,0,0.61539,0,0,0.31416
0,0,0.75,0,0,0,0.78629,0,0,0.61786,0,0,0.31416
0,0,0.75,0,0,0,0.78434,0,0,0.62033,0,0,0.31416
0,0,0.75,0,0,0,0.78239,0,0,0.62279,0,0,0.31416
0,0,0.75,0,0,0,0.78043,0,0,0.62524,0,0,0.31416
0,0,0.75,0,0,0,0.77846,0,0,0.62769,0,0,0.31416
0,0,0.75,0,0,0,0.77649,0,0,0.63013,0,0,0.31416
0,0,0.75,0,0,0,0.7745,0,0,0.63257,0,0,0.31416
0,0,0.75,0,0,0,0.77251,0,0,0.635,0,0,0.31416
0,0,0.75,0,0,0,0.77051,0,0,0.63742,0,0,0.31416
0,0,0.75,0,0,0,0.76851,0,0,0.63984,0,0,0.31416
0,0,0.75,0,0,0,0.76649,0,0,0.64225,0,0,0.31416
0,0,0.75,0,0,0,0.76447,0,0,0.64466,0,0,0.31416
0,0,0.75,0,0,0,0.76244,0,0,0.64706,0,0,0.31416
0,0,0.75,0,0,0,0.76041,0,0,0.64945,0,0,0.31416
0,0,0.75,0,0,0,0.75836,0,0,0.65183,0,0,0.31416
0,0,0.75,0,0,0,0.75631,0,0,0.65421,0,0,0.31416
0,0,0.75,0,0,0,0.75425,0,0,0.65659,0,0,0.31416
0,0,0.75,0,0,0,0.75218,0,0,0.65895,0,0,0.31416
0,0,0.75,0,0,0,0.75011,0,0,0.66131,0,0,0.31416
0,0,0.75,0,0,0,0.74803,0,0,0.66367,0,0,0.31416
0,0,0.75,0,0,0,0.74594,0,0,0.66601,0,0,0.31416
0,0,0.75,0,0,0,0.74385,0,0,0.66835,0,0,0.31416
0,0,0.75,0,0,0,0.74174,0,0,0.67069,0,0,0.31416
0,0,0.75,0,0,0,0.73963,0,0,0.67301,0,0,0.31416
0,0,0.75,0,0,0,0.73751,0,0,0.67533,0,0,0.31416
0,0,0.75,0,0,0,0.73539,0,0,0.67765,0,0,0.31416
0,0,0.75,0,0,0,0.73326,0,0,0.67995,0,0,0.31416
0,0,0.75,0,0,0,0.73112,0,0,0.68225,0,0,0.31416
0,0,0.75,0,0,0,0.72897,0,0,0.68455,0,0,0.31416
0,0,0.75,0,0,0,0.72681,0,0,0.68683,0,0,0.31416
0,0,0.75,0,0,0,0.72465,0,0,0.68911,0,0,0.31416
0,0,0.75,0,0,0,0.72248,0,0,0.69139,0,0,0.31416
0,0,0.75,0,0,0,0.72031,0,0,0.69365,0,0,0.31416
0,0,0.75,0,0,0,0.71813,0,0,0.69591,0,0,0.31416
0,0,0.75,0,0,0,0.71594,0,0,0.69817,0,0,0.31416
0,0,0.75,0,0,0,0.71374,0,0,0.70041,0,0,0.31416
0,0,0.75,0,0,0,0.71154,0,0,0.70265,0,0,0.31416
0,0,0.75,0,0,0,0.70932,0,0,0.70488,0,0,0.31416
0,0,0.75,0,0,0,0.70711,0,0,0.70711,0,0,0.31416
0,0,0.75,0,0,0,0.70488,0,0,0.70932,0,0,0.31416
0,0,0.75,0,0,0,0.70265,0,0,0.71154,0,0,0.31416
0,0,0.75,0,0,0,0.70041,0,0,0.71374,0,0,0.31416
0,0,0.75,0,0,0,0.69817,0,0,0.71594,0,0,0.31416
0,0,0.75,0,0,0,0.69591,0,0,0.71813,0,0,0.31416
0,0,0.75,0,0,0,0.69365,0,0,0.72031,0,0,0.31416
0,0,0.75,0,0,0,0.69139,0,0,0.72248,0,0,0.31416
0,0,0.75,0,0,0,0.68911,0,0,0.72465,0,0,0.31416
0,0,0.75,0,0,0,0.68683,0,0,0.72681,0,0,0.31416
0,0,0.75,0,0,0,0.68455,0,0,0.72897,0,0,0.31416
0,0,0.75,0,0,0,0.68225,0,0,0.73112,0,0,0.31416
0,0,0.75,0,0,0,0.67995,0,0,0.73326,0,0,0.31416
0,0,0.75,0,0,0,0.67765,0,0,0.73539,0,0,0.31416
0,0,0.75,0,0,0,0.67533,0,0,0.73751,0,0,0.31416
0,0,0.75,0,0,0,0.67301,0,0,0.73963,0,0,0.31416
0,0,0.75,0,0,0,0.67069,0,0,0.74174,0,0,0.31416
0,0,0.75,0,0,0,0.66835,0,0,0.74385,0,0,0.31416
0,0,0.75,0,0,0,0.66601,0,0,0.74594,0,0,0.31416
0,0,0.75,0,0,0,0.66367,0,0,0.74803,0,0,0.31416
0,0,0.75,0,0,0,0.66131,0,0,0.75011,0,0,0.31416
0,0,0.75,0,0,0,0.65895,0,0,0.75218,0,0,0.31416
0,0,0.75,0,0,0,0.65659,0,0,0.75425,0,0,0.31416
0,0,0.75,0,0,0,0.65421,0,0,0.75631,0,0,0.31416
0,0,0.75,0,0,0,0.65183,0,0,0.75836,0,0,0.31416
0,0,0.75,0,0,0,0.64945,0,0,0.76041,0,0,0.31416
0,0,0.75,0,0,0,0.64706,0,0,0.76244,0,0,0.31416
0,0,0.75,0,0,0,0.64466,0,0,0.76447,0,0,0.31416
0,0,0.75,0,0,0,0.64225,0,0,0.76649,0,0,0.31416
0,0,0.75,0,0,0,0.63984,0,0,0.76851,0,0,0.31416
0,0,0.75,0,0,0,0.63742,0,0,0.77051,0,0,0.31416
0,0,0.75,0,0,0,0.635,0,0,0.77251,0,0,0.31416
0,0,0.75,0,0,0,0.63257,0,0,0.7745,0,0,0.31416
0,0,0.75,0,0,0,0.63013,0,0,0.77649,0,0,0.31416
0,0,0.75,0,0,0,0.62769,0,0,0.77846,0,0,0.31416
0,0,0.75,0,0,0,0.62524,0,0,0.78043,0,0,0.31416
0,0,0.75,0,0,0,0.62279,0,0,0.78239,0,0,0.31416
0,0,0.75,0,0,0,0.62033,0,0,0.78434,0,0,0.31416
0,0,0.75,0,0,0,0.61786,0,0,0.78629,0,0,0.31416
0,0,0.75,0,0,0,0.61539,0,0,0.78823,0,0,0.31416
0,0,0.75,0,0,0,0.61291,0,0,0.79016,0,0,0.31416
0,0,0.75,0,0,0,0.61042,0,0,0.79208,0,0,0.31416
0,0,0.75,0,0,0,0.60793,0,0,0.79399,0,0,0.31416
0,0,0.75,0,0,0,0.60543,0,0,0.7959,0,0,0.31416
0,0,0.75,0,0,0,0.60293,0,0,0.79779,0,0,0.31416
0,0,0.75,0,0,0,0.60042,0,0,0.79968,0,0,0.31416
0,0,0.75,0,0,0,0.5979,0,0,0.80157,0,0,0.31416
0,0,0.75,0,0,0,0.59538,0,0,0.80344,0,0,0.31416
0,0,0.75,0,0,0,0.59286,0,0,0.80531,0,0,0.31416
0,0,0.75,0,0,0,0.59032,0,0,0.80717,0,0,0.31416
0,0,0.75,0,0,0,0.58779,0,0,0.80902,0,0,0.31416
0,0,0.75,0,0,0,0.58524,0,0,0.81086,0,0,0.31416
0,0,0.75,0,0,0,0.58269,0,0,0.81269,0,0,0.31416
0,0,0.75,0,0,0,0.58013,0,0,0.81452,0,0,0.31416
0,0,0.75,0,0,0,0.57757,0,0,0.81634,0,0,0.31416
0,0,0.75,0,0,0,0.57501,0,0,0.81815,0,0,0.31416
0,0,0.75,0,0,0,0.57243,0,0,0.81995,0,0,0.31416
0,0,0.75,0,0,0,0.56985,0,0,0.82175,0,0,0.31416
0,0,0.75,0,0,0,0.56727,0,0,0.82353,0,0,0.31416
0,0,0.75,0,0,0,0.56468,0,0,0.82531,0,0,0.31416
0,0,0.75,0,0,0,0.56208,0,0,0.82708,0,0,0.31416
0,0,0.75,0,0,0,0.55948,0,0,0.82884,0,0,0.31416
0,0,0.75,0,0,0,0.55688,0,0,0.8306,0,0,0.31416
0,0,0.75,0,0,0,0.55426,0,0,0.83234,0,0,0.31416
0,0,0.75,0,0,0,0.55165,0,0,0.83408,0,0,0.31416
0,0,0.75,0,0,0,0.54902,0,0,0.83581,0,0,0.31416
0,0,0.75,0,0,0,0.54639,0,0,0.83753,0,0,0.31416
0,0,0.75,0,0,0,0.54376,0,0,0.83924,0,0,0.31416
0,0,0.75,0,0,0,0.54112,0,0,0.84094,0,0,0.31416
0,0,0.75,0,0,0,0.53848,0,0,0.84264,0,0,0.31416
0,0,0.75,0,0,0,0.53583,0,0,0.84433,0,0,0.31416
0,0,0.75,0,0,0,0.53317,0,0,0.84601,0,0,0.31416
0,0,0.75,0,0,0,0.53051,0,0,0.84768,0,0,0.31416
0,0,0.75,0,0,0,0.52785,0,0,0.84934,0,0,0.31416
0,0,0.75,0,0,0,0.52517,0,0,0.85099,0,0,0.31416
0,0,0.75,0,0,0,0.5225,0,0,0.85264,0,0,0.31416
0,0,0.75,0,0,0,0.51982,0,0,0.85428,0,0,0.31416
0,0,0.75,0,0,0,0.51713,0,0,0.85591,0,0,0.31416
0,0,0.75,0,0,0,0.51444,0,0,0.85753,0,0,0.31416
0,0,0.75,0,0,0,0.51174,0,0,0.85914,0,0,0.31416
0,0,0.75,0,0,0,0.50904,0,0,0.86074,0,0,0.31416
0,0,0.75,0,0,0,0.50633,0,0,0.86234,0,0,0.31416
0,0,0.75,0,0,0,0.50362,0,0,0.86392,0,0,0.31416
0,0,0.75,0,0,0,0.50091,0,0,0.8655,0,0,0.31416
0,0,0.75,0,0,0,0.49819,0,0,0.86707,0,0,0.31416
0,0,0.75,0,0,0,0.49546,0,0,0.86863,0,0,0.31416
0,0,0.75,0,0,0,0.49273,0,0,0.87018,0,0,0.31416
0,0,0.75,0,0,0,0.48999,0,0,0.87173,0,0,0.31416
0,0,0.75,0,0,0,0.48725,0,0,0.87326,0,0,0.31416
0,0,0.75,0,0,0,0.4845,0,0,0.87479,0,0,0.31416
0,0,0.75,0,0,0,0.48175,0,0,0.87631,0,0,0.31416
0,0,0.75,0,0,0,0.479,0,0,0.87782,0,0,0.31416
0,0,0.75,0,0,0,0.47624,0,0,0.87932,0,0,0.31416
0,0,0.75,0,0,0,0.47347,0,0,0.88081,0,0,0.31416
0,0,0.75,0,0,0,0.4707,0,0,0.88229,0,0,0.31416
0,0,0.75,0,0,0,0.46793,0,0,0.88377,0,0,0.31416
0,0,0.75,0,0,0,0.46515,0,0,0.88523,0,0,0.31416
0,0,0.75,0,0,0,0.46237,0,0,0.88669,0,0,0.31416
0,0,0.75,0,0,0,0.45958,0,0,0.88814,0,0,0.31416
0,0,0.75,0,0,0,0.45679,0,0,0.88958,0,0,0.31416
0,0,0.75,0,0,0,0.45399,0,0,0.89101,0,0,0.31416
0,0,0.75,0,0,0,0.45119,0,0,0.89243,0,0,0.31416
0,0,0.75,0,0,0,0.44838,0,0,0.89384,0,0,0.31416
0,0,0.75,0,0,0,0.44557,0,0,0.89525,0,0,0.31416
0,0,0.75,0,0,0,0.44276,0,0,0.89664,0,0,0.31416
0,0,0.75,0,0,0,0.43994,0,0,0.89803,0,0,0.31416
0,0,0.75,0,0,0,0.43712,0,0,0.89941,0,0,0.31416
0,0,0.75,0,0,0,0.43429,0,0,0.90077,0,0,0.31416
0,0,0.75,0,0,0,0.43146,0,0,0.90213,0,0,0.31416
0,0,0.75,0,0,0,0.42862,0,0,0.90348,0,0,0.31416
0,0,0.75,0,0,0,0.42578,0,0,0.90483,0,0,0.31416
0,0,0.75,0,0,0,0.42293,0,0,0.90616,0,0,0.31416
0,0,0.75,0,0,0,0.42009,0,0,0.90748,0,0,0.31416
0,0,0.75,0,0,0,0.41723,0,0,0.9088,0,0,0.31416
0,0,0.75,0,0,0,0.41438,0,0,0.91011,0,0,0.31416
0,0,0.75,0,0,0,0.41151,0,0,0.9114,0,0,0.31416
0,0,0.75,0,0,0,0.40865,0,0,0.91269,0,0,0.31416
0,0,0.75,0,0,0,0.40578,0,0,0.91397,0,0,0.31416
0,0,0.75,0,0,0,0.40291,0,0,0.91524,0,0,0.31416
0,0,0.75,0,0,0,0.40003,0,0,0.9165,0,0,0.31416
0,0,0.75,0,0,0,0.39715,0,0,0.91775,0,0,0.31416
0,0,0.75,0,0,0,0.39426,0,0,0.919,0,0,0.31416
0,0,0.75,0,0,0,0.39137,0,0,0.92023,0,0,0.31416
0,0,0.75,0,0,0,0.38848,0,0,0.92146,0,0,0.31416
0,0,0.75,0,0,0,0.38558,0,0,0.92267,0,0,0.31416
0,0,0.75,0,0,0,0.38268,0,0,0.92388,0,0,0.31416
0,0,0.75,0,0,0,0.37978,0,0,0.92508,0,0,0.31416
0,0,0.75,0,0,0,0.37687,0,0,0.92627,0,0,0.31416
0,0,0.75,0,0,0,0.37396,0,0,0.92745,0,0,0.31416
0,0,0.75,0,0,0,0.37104,0,0,0.92862,0,0,0.31416
0,0,0.75,0,0,0,0.36812,0,0,0.92978,0,0,0.31416
0,0,0.75,0,0,0,0.3652,0,0,0.93093,0,0,0.31416
0,0,0.75,0,0,0,0.36228,0,0,0.93207,0,0,0.31416
0,0,0.75,0,0,0,0.35935,0,0,0.9332,0,0,0.31416
0,0,0.75,0,0,0,0.35641,0,0,0.93433,0,0,0.31416
0,0,0.75,0,0,0,0.35347,0,0,0.93544,0,0,0.31416
0,0,0.75,0,0,0,0.35053,0,0,0.93655,0,0,0.31416
0,0,0.75,0,0,0,0.34759,0,0,0.93765,0,0,0.31416
0,0,0.75,0,0,0,0.34464,0,0,0.93873,0,0,0.31416
0,0,0.75,0,0,0,0.34169,0,0,0.93981,0,0,0.31416
0,0,0.75,0,0,0,0.33874,0,0,0.94088,0,0,0.31416
0,0,0.75,0,0,0,0.33578,0,0,0.94194,0,0,0.31416
0,0,0.75,0,0,0,0.33282,0,0,0.94299,0,0,0.31416
0,0,0.75,0,0,0,0.32986,0,0,0.94403,0,0,0.31416
0,0,0.75,0,0,0,0.32689,0,0,0.94506,0,0,0.31416
0,0,0.75,0,0,0,0.32392,0,0,0.94609,0,0,0.31416
0,0,0.75,0,0,0,0.32094,0,0,0.9471,0,0,0.31416
0,0,0.75,0,0,0,0.31797,0,0,0.9481,0,0,0.31416
0,0,0.75,0,0,0,0.31499,0,0,0.9491,0,0,0.31416
0,0,0.75,0,0,0,0.312,0,0,0.95008,0,0,0.31416
0,0,0.75,0,0,0,0.30902,0,0,0.95106,0,0,0.31416
0,0,0.75,0,0,0,0.30603,0,0,0.95202,0,0,0.31416
0,0,0.75,0,0,0,0.30304,0,0,0.95298,0,0,0.31416
0,0,0.75,0,0,0,0.30004,0,0,0.95393,0,0,0.31416
0,0,0.75,0,0,0,0.29704,0,0,0.95486,0,0,0.31416
0,0,0.75,0,0,0,0.29404,0,0,0.95579,0,0,0.31416
0,0,0.75,0,0,0,0.29104,0,0,0.95671,0,0,0.31416
0,0,0.75,0,0,0,0.28803,0,0,0.95762,0,0,0.31416
0,0,0.75,0,0,0,0.28502,0,0,0.95852,0,0,0.31416
0,0,0.75,0,0,0,0.28201,0,0,0.95941,0,0,0.31416
0,0,0.75,0,0,0,0.27899,0,0,0.96029,0,0,0.31416
0,0,0.75,0,0,0,0.27597,0,0,0.96117,0,0,0.31416
0,0,0.75,0,0,0,0.27295,0,0,0.96203,0,0,0.31416
0,0,0.75,0,0,0,0.26993,0,0,0.96288,0,0,0.31416
0,0,0.75,0,0,0,0.2669,0,0,0.96372,0,0,0.31416
0,0,0.75,0,0,0,0.26387,0,0,0.96456,0,0,0.31416
0,0,0.75,0,0,0,0.26084,0,0,0.96538,0,0,0.31416
0,0,0.75,0,0,0,0.25781,0,0,0.9662,0,0,0.31416
0,0,0.75,0,0,0,0.25477,0,0,0.967,0,0,0.31416
0,0,0.75,0,0,0,0.25173,0,0,0.9678,0,0,0.31416
0,0,0.75,0,0,0,0.24869,0,0,0.96858,0,0,0.31416
0,0,0.75,0,0,0,0.24565,0,0,0.96936,0,0,0.31416
0,0,0.75,0,0,0,0.2426,0,0,0.97013,0,0,0.31416
0,0,0.75,0,0,0,0.23955,0,0,0.97088,0,0,0.31416
0,0,0.75,0,0,0,0.2365,0,0,0.97163,0,0,0.31416
0,0,0.75,0,0,0,0.23345,0,0,0.97237,0,0,0.31416
0,0,0.75,0,0,0,0.23039,0,0,0.9731,0,0,0.31416
0,0,0.75,0,0,0,0.22733,0,0,0.97382,0,0,0.31416
0,0,0.75,0,0,0,0.22427,0,0,0.97453,0,0,0.31416
0,0,0.75,0,0,0,0.22121,0,0,0.97523,0,0,0.31416
0,0,0.75,0,0,0,0.21814,0,0,0.97592,0,0,0.31416
0,0,0.75,0,0,0,0.21508,0,0,0.9766,0,0,0.31416
0,0,0.75,0,0,0,0.21201,0,0,0.97727,0,0,0.31416
0,0,0.75,0,0,0,0.20894,0,0,0.97793,0,0,0.31416
0,0,0.75,0,0,0,0.20586,0,0,0.97858,0,0,0.31416
0,0,0.75,0,0,0,0.20279,0,0,0.97922,0,0,0.31416
0,0,0.75,0,0,0,0.19971,0,0,0.97986,0,0,0.31416
0,0,0.75,0,0,0,0.19663,0,0,0.98048,0,0,0.31416
0,0,0.75,0,0,0,0.19355,0,0,0.98109,0,0,0.31416
0,0,0.75,0,0,0,0.19047,0,0,0.98169,0,0,0.31416
0,0,0.75,0,0,0,0.18738,0,0,0.98229,0,0,0.31416
0,0,0.75,0,0,0,0.18429,0,0,0.98287,0,0,0.31416
0,0,0.75,0,0,0,0.18121,0,0,0.98345,0,0,0.31416
0,0,0.75,0,0,0,0.17812,0,0,0.98401,0,0,0.31416
0,0,0.75,0,0,0,0.17502,0,0,0.98456,0,0,0.31416
0,0,0.75,0,0,0,0.17193,0,0,0.98511,0,0,0.31416
0,0,0.75,0,0,0,0.16883,0,0,0.98564,0,0,0.31416
0,0,0.75,0,0,0,0.16574,0,0,0.98617,0,0,0.31416
0,0,0.75,0,0,0,0.16264,0,0,0.98669,0,0,0.31416
0,0,0.75,0,0,0,0.15954,0,0,0.98719,0,0,0.31416
0,0,0.75,0,0,0,0.15643,0,0,0.98769,0,0,0.31416
0,0,0.75,0,0,0,0.15333,0,0,0.98817,0,0,0.31416
0,0,0.75,0,0,0,0.15023,0,0,0.98865,0,0,0.31416
0,0,0.75,0,0,0,0.14712,0,0,0.98912,0,0,0.31416
0,0,0.75,0,0,0,0.14401,0,0,0.98958,0,0,0.31416
0,0,0.75,0,0,0,0.1409,0,0,0.99002,0,0,0.31416
0,0,0.75,0,0,0,0.13779,0,0,0.99046,0,0,0.31416
0,0,0.75,0,0,0,0.13468,0,0,0.99089,0,0,0.31416
0,0,0.75,0,0,0,0.13156,0,0,0.99131,0,0,0.31416
0,0,0.75,0,0,0,0.12845,0,0,0.99172,0,0,0.31416
0,0,0.75,0,0,0,0.12533,0,0,0.99211,0,0,0.31416
0,0,0.75,0,0,0,0.12222,0,0,0.9925,0,0,0.31416
0,0,0.75,0,0,0,0.1191,0,0,0.99288,0,0,0.31416
0,0,0.75,0,0,0,0.11598,0,0,0.99325,0,0,0.31416
0,0,0.75,0,0,0,0.11286,0,0,0.99361,0,0,0.31416
0,0,0.75,0,0,0,0.10973,0,0,0.99396,0,0,0.31416
0,0,0.75,0,0,0,0.10661,0,0,0.9943,0,0,0.31416
0,0,0.75,0,0,0,0.10349,0,0,0.99463,0,0,0.31416
0,0,0.75,0,0,0,0.10036,0,0,0.99495,0,0,0.31416
0,0,0.75,0,0,0,0.097235,0,0,0.99526,0,0,0.31416
0,0,0.75,0,0,0,0.094108,0,0,0.99556,0,0,0.31416
0,0,0.75,0,0,0,0.09098,0,0,0.99585,0,0,0.31416
0,0,0.75,0,0,0,0.087851,0,0,0.99613,0,0,0.31416
0,0,0.75,0,0,0,0.084721,0,0,0.9964,0,0,0.31416
0,0,0.75,0,0,0,0.081591,0,0,0.99667,0,0,0.31416
0,0,0.75,0,0,0,0.078459,0,0,0.99692,0,0,0.31416
0,0,0.75,0,0,0,0.075327,0,0,0.99716,0,0,0.31416
0,0,0.75,0,0,0,0.072194,0,0,0.99739,0,0,0.31416
0,0,0.75,0,0,0,0.06906,0,0,0.99761,0,0,0.31416
0,0,0.75,0,0,0,0.065926,0,0,0.99782,0,0,0.31416
0,0,0.75,0,0,0,0.062791,0,0,0.99803,0,0,0.31416
0,0,0.75,0,0,0,0.059655,0,0,0.99822,0,0,0.31416
0,0,0.75,0,0,0,0.056519,0,0,0.9984,0,0,0.31416
0,0,0.75,0,0,0,0.053382,0,0,0.99857,0,0,0.31416
0,0,0.75,0,0,0,0.050244,0,0,0.99874,0,0,0.31416
0,0,0.75,0,0,0,0.047106,0,0,0.99889,0,0,0.31416
0,0,0.75,0,0,0,0.043968,0,0,0.99903,0,0,0.31416
0,0,0.75,0,0,0,0.040829,0,0,0.99917,0,0,0.31416
0,0,0.75,0,0,0,0.03769,0,0,0.99929,0,0,0.31416
0,0,0.75,0,0,0,0.034551,0,0,0.9994,0,0,0.31416
0,0,0.75,0,0,0,0.031411,0,0,0.99951,0,0,0.31416
0,0,0.75,0,0,0,0.028271,0,0,0.9996,0,0,0.31416
0,0,0.75,0,0,0,0.02513,0,0,0.99968,0,0,0.31416
0,0,0.75,0,0,0,0.021989,0,0,0.99976,0,0,0.31416
0,0,0.75,0,0,0,0.018848,0,0,0.99982,0,0,0.31416
0,0,0.75,0,0,0,0.015707,0,0,0.99988,0,0,0.31416
0,0,0.75,0,0,0,0.012566,0,0,0.99992,0,0,0.31416
0,0,0.75,0,0,0,0.0094246,0,0,0.99996,0,0,0.31416
0,0,0.75,0,0,0,0.0062831,0,0,0.99998,0,0,0.31416
0,0,0.75,0,0,0,0.0031416,0,0,1,0,0,0.31416
0,0,0.75,0,0,0,6.1232e-17,0,0,1,0,0,0.31416
0,0,0.75,0,0,0,-0.0031416,0,-0,1,0,0,0.31416
0,0,0.75,0,0,0,-0.0062831,0,-0,0.99998,0,0,0.31416
0,0,0.75,0,0,0,-0.0094246,0,-0,0.99996,0,0,0.31416
0,0,0.75,0,0,0,-0.012566,0,-0,0.99992,0,0,0.31416
0,0,0.75,0,0,0,-0.015707,0,-0,0.99988,0,0,0.31416
0,0,0.75,0,0,0,-0.018848,0,-0,0.99982,0,0,0.31416
0,0,0.75,0,0,0,-0.021989,0,-0,0.99976,0,0,0.31416
0,0,0.75,0,0,0,-0.02513,0,-0,0.99968,0,0,0.31416
0,0,0.75,0,0,0,-0.028271,0,-0,0.9996,0,0,0.31416
0,0,0.75,0,0,0,-0.031411,0,-0,0.99951,0,0,0.31416
0,0,0.75,0,0,0,-0.034551,0,-0,0.9994,0,0,0.31416
0,0,0.75,0,0,0,-0.03769,0,-0,0.99929,0,0,0.31416
0,0,0.75,0,0,0,-0.040829,0,-0,0.99917,0,0,0.31416
0,0,0.75,0,0,0,-0.043968,0,-0,0.99903,0,0,0.31416
0,0,0.75,0,0,0,-0.047106,0,-0,0.99889,0,0,0.31416
0,0,0.75,0,0,0,-0.050244,0,-0,0.99874,0,0,0.31416
0,0,0.75,0,0,0,-0.053382,0,-0,0.99857,0,0,0.31416
0,0,0.75,0,0,0,-0.056519,0,-0,0.9984,0,0,0.31416
0,0,0.75,0,0,0,-0.059655,0,-0,0.99822,0,0,0.31416
0,0,0.75,0,0,0,-0.062791,0,-0,0.99803,0,0,0.31416
0,0,0.75,0,0,0,-0.065926,0,-0,0.99782,0,0,0.31416
0,0,0.75,0,0,0,-0.06906,0,-0,0.99761,0,0,0.31416
0,0,0.75,0,0,0,-0.072194,0,-0,0.99739,0,0,0.31416
0,0,0.75,0,0,0,-0.075327,0,-0,0.99716,0,0,0.31416
0,0,0.75,0,0,0,-0.078459,0,-0,0.99692,0,0,0.31416
0,0,0.75,0,0,0,-0.081591,0,-0,0.99667,0,0,0.31416
0,0,0.75,0,0,0,-0.084721,0,-0,0.9964,0,0,0.31416
0,0,0.75,0,0,0,-0.087851,0,-0,0.99613,0,0,0.31416
0,0,0.75,0,0,0,-0.09098,0,-0,0.99585,0,0,0.31416
0,0,0.75,0,0,0,-0.094108,0,-0,0.99556,0,0,0.31416
0,0,0.75,0,0,0,-0.097235,0,-0,0.99526,0,0,0.31416
0,0,0.75,0,0,0,-0.10036,0,-0,0.99495,0,0,0.31416
0,0,0.75,0,0,0,-0.10349,0,-0,0.99463,0,0,0.31416
0,0,0.75,0,0,0,-0.10661,0,-0,0.9943,0,0,0.31416
0,0,0.75,0,0,0,-0.10973,0,-0,0.99396,0,0,0.31416
0,0,0.75,0,0,0,-0.11286,0,-0,0.99361,0,0,0.31416
0,0,0.75,0,0,0,-0.11598,0,-0,0.99325,0,0,0.31416
0,0,0.75,0,0,0,-0.1191,0,-0,0.99288,0,0,0.31416
0,0,0.75,0,0,0,-0.12222,0,-0,0.9925,0,0,0.31416
0,0,0.75,0,0,0,-0.12533,0,-0,0.99211,0,0,0.31416
0,0,0.75,0,0,0,-0.12845,0,-0,0.99172,0,0,0.31416
0,0,0.75,0,0,0,-0.13156,0,-0,0.99131,0,0,0.31416
0,0,0.75,0,0,0,-0.13468,0,-0,0.99089,0,0,0.31416
0,0,0.75,0,0,0,-0.13779,0,-0,0.99046,0,0,0.31416
0,0,0.75,0,0,0,-0.1409,0,-0,0.99002,0,0,0.31416
0,0,0.75,0,0,0,-0.14401,0,-0,0.98958,0,0,0.31416
0,0,0.75,0,0,0,-0.14712,0,-0,0.98912,0,0,0.31416
0,0,0.75,0,0,0,-0.15023,0,-0,0.98865,0,0,0.31416
0,0,0.75,0,0,0,-0.15333,0,-0,0.98817,0,0,0.31416
0,0,0.75,0,0,0,-0.15643,0,-0,0.98769,0,0,0.31416
0,0,0.75,0,0,0,-0.15954,0,-0,0.98719,0,0,0.31416
0,0,0.75,0,0,0,-0.16264,0,-0,0.98669,0,0,0.31416
0,0,0.75,0,0,0,-0.16574,0,-0,0.98617,0,0,0.31416
0,0,0.75,0,0,0,-0.16883,0,-0,0.98564,0,0,0.31416
0,0,0.75,0,0,0,-0.17193,0,-0,0.98511,0,0,0.31416
0,0,0.75,0,0,0,-0.17502,0,-0,0.98456,0,0,0.31416
0,0,0.75,0,0,0,-0.17812,0,-0,0.98401,0,0,0.31416
0,0,0.75,0,0,0,-0.18121,0,-0,0.98345,0,0,0.31416
0,0,0.75,0,0,0,-0.18429,0,-0,0.98287,0,0,0.31416
0,0,0.75,0,0,0,-0.18738,0,-0,0.98229,0,0,0.31416
0,0,0.75,0,0,0,-0.19047,0,-0,0.98169,0,0,0.31416
0,0,0.75,0,0,0,-0.19355,0,-0,0.98109,0,0,0.31416
0,0,0.75,0,0,0,-0.19663,0,-0,0.98048,0,0,0.31416
0,0,0.75,0,0,0,-0.19971,0,-0,0.97986,0,0,0.31416
0,0,0.75,0,0,0,-0.20279,0,-0,0.97922,0,0,0.31416
0,0,0.75,0,0,0,-0.20586,0,-0,0.97858,0,0,0.31416
0,0,0.75,0,0,0,-0.20894,0,-0,0.97793,0,0,0.31416
0,0,0.75,0,0,0,-0.21201,0,-0,0.97727,0,0,0.31416
0,0,0.75,0,0,0,-0.21508,0,-0,0.9766,0,0,0.31416
0,0,0.75,0,0,0,-0.21814,0,-0,0.97592,0,0,0.31416
0,0,0.75,0,0,0,-0.22121,0,-0,0.97523,0,0,0.31416
0,0,0.75,0,0,0,-0.22427,0,-0,0.97453,0,0,0.31416
0,0,0.75,0,0,0,-0.22733,0,-0,0.97382,0,0,0.31416
0,0,0.75,0,0,0,-0.23039,0,-0,0.9731,0,0,0.31416
0,0,0.75,0,0,0,-0.23345,0,-0,0.97237,0,0,0.31416
0,0,0.75,0,0,0,-0.2365,0,-0,0.97163,0,0,0.31416
0,0,0.75,0,0,0,-0.23955,0,-0,0.97088,0,0,0.31416
0,0,0.75,0,0,0,-0.2426,0,-0,0.97013,0,0,0.31416
0,0,0.75,0,0,0,-0.24565,0,-0,0.96936,0,0,0.31416
0,0,0.75,0,0,0,-0.24869,0,-0,0.96858,0,0,0.31416
0,0,0.75,0,0,0,-0.25173,0,-0,0.9678,0,0,0.31416
0,0,0.75,0,0,0,-0.25477,0,-0,0.967,0,0,0.31416
0,0,0.75,0,0,0,-0.25781,0,-0,0.9662,0,0,0.31416
0,0,0.75,0,0,0,-0.26084,0,-0,0.96538,0,0,0.31416
0,0,0.75,0,0,0,-0.26387,0,-0,0.96456,0,0,0.31416
0,0,0.75,0,0,0,-0.2669,0,-0,0.96372,0,0,0.31416
0,0,0.75,0,0,0,-0.26993,0,-0,0.96288,0,0,0.31416
0,0,0.75,0,0,0,-0.27295,0,-0,0.96203,0,0,0.31416
0,0,0.75,0,0,0,-0.27597,0,-0,0.96117,0,0,0.31416
0,0,0.75,0,0,0,-0.27899,0,-0,0.96029,0,0,0.31416
0,0,0.75,0,0,0,-0.28201,0,-0,0.95941,0,0,0.31416
0,0,0.75,0,0,0,-0.28502,0,-0,0.95852,0,0,0.31416
0,0,0.75,0,0,0,-0.28803,0,-0,0.95762,0,0,0.31416
0,0,0.75,0,0,0,-0.29104,0,-0,0.95671,0,0,0.31416
0,0,0.75,0,0,0,-0.29404,0,-0,0.95579,0,0,0.31416
0,0,0.75,0,0,0,-0.29704,0,-0,0.95486,0,0,0.31416
0,0,0.75,0,0,0,-0.30004,0,-0,0.95393,0,0,0.31416
0,0,0.75,0,0,0,-0.30304,0,-0,0.95298,0,0,0.31416
0,0,0.75,0,0,0,-0.30603,0,-0,0.95202,0,0,0.31416
0,0,0.75,0,0,0,-0.30902,0,-0,0.95106,0,0,0.31416
0,0,0.75,0,0,0,-0.312,0,-0,0.95008,0,0,0.31416
0,0,0.75,0,0,0,-0.31499,0,-0,0.9491,0,0,0.31416
0,0,0.75,0,0,0,-0.31797,0,-0,0.9481,0,0,0.31416
0,0,0.75,0,0,0,-0.32094,0,-0,0.9471,0,0,0.31416
0,0,0.75,0,0,0,-0.32392,0,-0,0.94609,0,0,0.31416
0,0,0.75,0,0,0,-0.32689,0,-0,0.94506,0,0,0.31416
0,0,0.75,0,0,0,-0.32986,0,-0,0.94403,0,0,0.31416
0,0,0.75,0,0,0,-0.33282,0,-0,0.94299,0,0,0.31416
0,0,0.75,0,0,0,-0.33578,0,-0,0.94194,0,0,0.31416
0,0,0.75,0,0,0,-0.33874,0,-0,0.94088,0,0,0.31416
0,0,0.75,0,0,0,-0.34169,0,-0,0.93981,0,0,0.31416
0,0,0.75,0,0,0,-0.34464,0,-0,0.93873,0,0,0.31416
0,0,0.75,0,0,0,-0.34759,0,-0,0.93765,0,0,0.31416
0,0,0.75,0,0,0,-0.35053,0,-0,0.93655,0,0,0.31416
0,0,0.75,0,0,0,-0.35347,0,-0,0.93544,0,0,0.31416
0,0,0.75,0,0,0,-0.35641,0,-0,0.93433,0,0,0.31416
0,0,0.75,0,0,0,-0.35935,0,-0,0.9332,0,0,0.31416
0,0,0.75,0,0,0,-0.36228,0,-0,0.93207,0,0,0.31416
0,0,0.75,0,0,0,-0.3652,0,-0,0.93093,0,0,0.31416
0,0,0.75,0,0,0,-0.36812,0,-0,0.92978,0,0,0.31416
0,0,0.75,0,0,0,-0.37104,0,-0,0.92862,0,0,0.31416
0,0,0.75,0,0,0,-0.37396,0,-0,0.92745,0,0,0.31416
0,0,0.75,0,0,0,-0.37687,0,-0,0.92627,0,0,0.31416
0,0,0.75,0,0,0,-0.37978,0,-0,0.92508,0,0,0.31416
0,0,0.75,0,0,0,-0.38268,0,-0,0.92388,0,0,0.31416
0,0,0.75,0,0,0,-0.38558,0,-0,0.92267,0,0,0.31416
0,0,0.75,0,0,0,-0.38848,0,-0,0.92146,0,0,0.31416
0,0,0.75,0,0,0,-0.39137,0,-0,0.92023,0,0,0.31416
0,0,0.75,0,0,0,-0.39426,0,-0,0.919,0,0,0.31416
0,0,0.75,0,0,0,-0.39715,0,-0,0.91775,0,0,0.31416
0,0,0.75,0,0,0,-0.40003,0,-0,0.9165,0,0,0.31416
0,0,0.75,0,0,0,-0.40291,0,-0,0.91524,0,0,0.31416
0,0,0.75,0,0,0,-0.40578,0,-0,0.91397,0,0,0.31416
0,0,0.75,0,0,0,-0.40865,0,-0,0.91269,0,0,0.31416
0,0,0.75,0,0,0,-0.41151,0,-0,0.9114,0,0,0.31416
0,0,0.75,0,0,0,-0.41438,0,-0,0.91011,0,0,0.31416
0,0,0.75,0,0,0,-0.41723,0,-0,0.9088,0,0,0.31416
0,0,0.75,0,0,0,-0.42009,0,-0,0.90748,0,0,0.31416
0,0,0.75,0,0,0,-0.42293,0,-0,0.90616,0,0,0.31416
0,0,0.75,0,0,0,-0.42578,0,-0,0.90483,0,0,0.31416
0,0,0.75,0,0,0,-0.42862,0,-0,0.90348,0,0,0.31416
0,0,0.75,0,0,0,-0.43146,0,-0,0.90213,0,0,0.31416
0,0,0.75,0,0,0,-0.43429,0,-0,0.90077,0,0,0.31416
0,0,0.75,0,0,0,-0.43712,0,-0,0.89941,0,0,0.31416
0,0,0.75,0,0,0,-0.43994,0,-0,0.89803,0,0,0.31416
0,0,0.75,0,0,0,-0.44276,0,-0,0.89664,0,0,0.31416
0,0,0.75,0,0,0,-0.44557,0,-0,0.89525,0,0,0.31416
0,0,0.75,0,0,0,-0.44838,0,-0,0.89384,0,0,0.31416
0,0,0.75,0,0,0,-0.45119,0,-0,0.89243,0,0,0.31416
0,0,0.75,0,0,0,-0.45399,0,-0,0.89101,0,0,0.31416
0,0,0.75,0,0,0,-0.45679,0,-0,0.88958,0,0,0.31416
0,0,0.75,0,0,0,-0.45958,0,-0,0.88814,0,0,0.31416
0,0,0.75,0,0,0,-0.46237,0,-0,0.88669,0,0,0.31416
0,0,0.75,0,0,0,-0.46515,0,-0,0.88523,0,0,0.31416
0,0,0.75,0,0,0,-0.46793,0,-0,0.88377,0,0,0.31416
0,0,0.75,0,0,0,-0.4707,0,-0,0.88229,0,0,0.31416
0,0,0.75,0,0,0,-0.47347,0,-0,0.88081,0,0,0.31416
0,0,0.75,0,0,0,-0.47624,0,-0,0.87932,0,0,0.31416
0,0,0.75,0,0,0,-0.479,0,-0,0.87782,0,0,0.31416
0,0,0.75,0,0,0,-0.48175,0,-0,0.87631,0,0,0.31416
0,0,0.75,0,0,0,-0.4845,0,-0,0.87479,0,0,0.31416
0,0,0.75,0,0,0,-0.48725,0,-0,0.87326,0,0,0.31416
0,0,0.75,0,0,0,-0.48999,0,-0,0.87173,0,0,0.31416
0,0,0.75,0,0,0,-0.49273,0,-0,0.87018,0,0,0.31416
0,0,0.75,0,0,0,-0.49546,0,-0,0.86863,0,0,0.31416
0,0,0.75,0,0,0,-0.49819,0,-0,0.86707,0,0,0.31416
0,0,0.75,0,0,0,-0.50091,0,-0,0.8655,0,0,0.31416
0,0,0.75,0,0,0,-0.50362,0,-0,0.86392,0,0,0.31416
0,0,0.75,0,0,0,-0.50633,0,-0,0.86234,0,0,0.31416
0,0,0.75,0,0,0,-0.50904,0,-0,0.86074,0,0,0.31416
0,0,0.75,0,0,0,-0.51174,0,-0,0.85914,0,0,0.31416
0,0,0.75,0,0,0,-0.51444,0,-0,0.85753,0,0,0.31416
0,0,0.75,0,0,0,-0.51713,0,-0,0.85591,0,0,0.31416
0,0,0.75,0,0,0,-0.51982,0,-0,0.85428,0,0,0.31416
0,0,0.75,0,0,0,-0.5225,0,-0,0.85264,0,0,0.31416
0,0,0.75,0,0,0,-0.52517,0,-0,0.85099,0,0,0.31416
0,0,0.75,0,0,0,-0.52785,0,-0,0.84934,0,0,0.31416
0,0,0.75,0,0,0,-0.53051,0,-0,0.84768,0,0,0.31416
0,0,0.75,0,0,0,-0.53317,0,-0,0.84601,0,0,0.31416
0,0,0.75,0,0,0,-0.53583,0,-0,0.84433,0,0,0.31416
0,0,0.75,0,0,0,-0.53848,0,-0,0.84264,0,0,0.31416
0,0,0.75,0,0,0,-0.54112,0,-0,0.84094,0,0,0.31416
0,0,0.75,0,0,0,-0.54376,0,-0,0.83924,0,0,0.31416
0,0,0.75,0,0,0,-0.54639,0,-0,0.83753,0,0,0.31416
0,0,0.75,0,0,0,-0.54902,0,-0,0.83581,0,0,0.31416
0,0,0.75,0,0,0,-0.55165,0,-0,0.83408,0,0,0.31416
0,0,0.75,0,0,0,-0.55426,0,-0,0.83234,0,0,0.31416
0,0,0.75,0,0,0,-0.55688,0,-0,0.8306,0,0,0.31416
0,0,0.75,0,0,0,-0.55948,0,-0,0.82884,0,0,0.31416
0,0,0.75,0,0,0,-0.56208,0,-0,0.82708,0,0,0.31416
0,0,0.75,0,0,0,-0.56468,0,-0,0.82531,0,0,0.31416
0,0,0.75,0,0,0,-0.56727,0,-0,0.82353,0,0,0.31416
0,0,0.75,0,0,0,-0.56985,0,-0,0.82175,0,0,0.31416
0,0,0.75,0,0,0,-0.57243,0,-0,0.81995,0,0,0.31416
0,0,0.75,0,0,0,-0.57501,0,-0,0.81815,0,0,0.31416
0,0,0.75,0,0,0,-0.57757,0,-0,0.81634,0,0,0.31416
0,0,0.75,0,0,0,-0.58013,0,-0,0.81452,0,0,0.31416
0,0,0.75,0,0,0,-0.58269,0,-0,0.81269,0,0,0.31416
0,0,0.75,0,0,0,-0.58524,0,-0,0.81086,0,0,0.31416
0,0,0.75,0,0,0,-0.58779,0,-0,0.80902,0,0,0.31416
0,0,0.75,0,0,0,-0.59032,0,-0,0.80717,0,0,0.31416
0,0,0.75,0,0,0,-0.59286,0,-0,0.80531,0,0,0.31416
0,0,0.75,0,0,0,-0.59538,0,-0,0.80344,0,0,0.31416
0,0,0.75,0,0,0,-0.5979,0,-0,0.80157,0,0,0.31416
0,0,0.75,0,0,0,-0.60042,0,-0,0.79968,0,0,0.31416
0,0,0.75,0,0,0,-0.60293,0,-0,0.79779,0,0,0.31416
0,0,0.75,0,0,0,-0.60543,0,-0,0.7959,0,0,0.31416
0,0,0.75,0,0,0,-0.60793,0,-0,0.79399,0,0,0.31416
0,0,0.75,0,0,0,-0.61042,0,-0,0.79208,0,0,0.31416
0,0,0.75,0,0,0,-0.61291,0,-0,0.79016,0,0,0.31416
0,0,0.75,0,0,0,-0.61539,0,-0,0.78823,0,0,0.31416
0,0,0.75,0,0,0,-0.61786,0,-0,0.78629,0,0,0.31416
0,0,0.75,0,0,0,-0.62033,0,-0,0.78434,0,0,0.31416
0,0,0.75,0,0,0,-0.62279,0,-0,0.78239,0,0,0.31416
0,0,0.75,0,0,0,-0.62524,0,-0,0.78043,0,0,0.31416
0,0,0.75,0,0,0,-0.62769,0,-0,0.77846,0,0,0.31416
0,0,0.75,0,0,0,-0.63013,0,-0,0.77649,0,0,0.31416
0,0,0.75,0,0,0,-0.63257,0,-0,0.7745,0,0,0.31416
0,0,0.75,0,0,0,-0.635,0,-0,0.77251,0,0,0.31416
0,0,0.75,0,0,0,-0.63742,0,-0,0.77051,0,0,0.31416
0,0,0.75,0,0,0,-0.63984,0,-0,0.76851,0,0,0.31416
0,0,0.75,0,0,0,-0.64225,0,-0,0.76649,0,0,0.31416
0,0,0.75,0,0,0,-0.64466,0,-0,0.76447,0,0,0.31416
0,0,0.75,0,0,0,-0.64706,0,-0,0.76244,0,0,0.31416
0,0,0.75,0,0,0,-0.64945,0,-0,0.76041,0,0,0.31416
0,0,0.75,0,0,0,-0.65183,0,-0,0.75836,0,0,0.31416
0,0,0.75,0,0,0,-0.65421,0,-0,0.75631,0,0,0.31416
0,0,0.75,0,0,0,-0.65659,0,-0,0.75425,0,0,0.31416
0,0,0.75,0,0,0,-0.65895,0,-0,0.75218,0,0,0.31416
0,0,0.75,0,0,0,-0.66131,0,-0,0.75011,0,0,0.31416
0,0,0.75,0,0,0,-0.66367,0,-0,0.74803,0,0,0.31416
0,0,0.75,0,0,0,-0.66601,0,-0,0.74594,0,0,0.31416
0,0,0.75,0,0,0,-0.66835,0,-0,0.74385,0,0,0.31416
0,0,0.75,0,0,0,-0.67069,0,-0,0.74174,0,0,0.31416
0,0,0.75,0,0,0,-0.67301,0,-0,0.73963,0,0,0.31416
0,0,0.75,0,0,0,-0.67533,0,-0,0.73751,0,0,0.31416
0,0,0.75,0,0,0,-0.67765,0,-0,0.73539,0,0,0.31416
0,0,0.75,0,0,0,-0.67995,0,-0,0.73326,0,0,0.31416
0,0,0.75,0,0,0,-0.68225,0,-0,0.73112,0,0,0.31416
0,0,0.75,0,0,0,-0.68455,0,-0,0.72897,0,0,0.31416
0,0,0.75,0,0,0,-0.68683,0,-0,0.72681,0,0,0.31416
0,0,0.75,0,0,0,-0.68911,0,-0,0.72465,0,0,0.31416
0,0,0.75,0,0,0,-0.69139,0,-0,0.72248,0,0,0.31416
0,0,0.75,0,0,0,-0.69365,0,-0,0.72031,0,0,0.31416
0,0,0.75,0,0,0,-0.69591,0,-0,0.71813,0,0,0.31416
0,0,0.75,0,0,0,-0.69817,0,-0,0.71594,0,0,0.31416
0,0,0.75,0,0,0,-0.70041,0,-0,0.71374,0,0,0.31416
0,0,0.75,0,0,0,-0.70265,0,-0,0.71154,0,0,0.31416
0,0,0.75,0,0,0,-0.70488,0,-0,0.70932,0,0,0.31416
0,0,0.75,0,0,0,-0.70711,0,-0,0.70711,0,0,0.31416
0,0,0.75,0,0,0,-0.70932,0,-0,0.70488,0,0,0.31416
0,0,0.75,0,0,0,-0.71154,0,-0,0.70265,0,0,0.31416
0,0,0.75,0,0,0,-0.71374,0,-0,0.70041,0,0,0.31416
0,0,0.75,0,0,0,-0.71594,0,-0,0.69817,0,0,0.31416
0,0,0.75,0,0,0,-0.71813,0,-0,0.69591,0,0,0.31416
0,0,0.75,0,0,0,-0.72031,0,-0,0.69365,0,0,0.31416
0,0,0.75,0,0,0,-0.72248,0,-0,0.69139,0,0,0.31416
0,0,0.75,0,0,0,-0.72465,0,-0,0.68911,0,0,0.31416
0,0,0.75,0,0,0,-0.72681,0,-0,0.68683,0,0,0.31416
0,0,0.75,0,0,0,-0.72897,0,-0,0.68455,0,0,0.31416
0,0,0.75,0,0,0,-0.73112,0,-0,0.68225,0,0,0.31416
0,0,0.75,0,0,0,-0.73326,0,-0,0.67995,0,0,0.31416
0,0,0.75,0,0,0,-0.73539,0,-0,0.67765,0,0,0.31416
0,0,0.75,0,0,0,-0.73751,0,-0,0.67533,0,0,0.31416
0,0,0.75,0,0,0,-0.73963,0,-0,0.67301,0,0,0.31416
0,0,0.75,0,0,0,-0.74174,0,-0,0.67069,0,0,0.31416
0,0,0.75,0,0,0,-0.74385,0,-0,0.66835,0,0,0.31416
0,0,0.75,0,0,0,-0.74594,0,-0,0.66601,0,0,0.31416
0,0,0.75,0,0,0,-0.74803,0,-0,0.66367,0,0,0.31416
0,0,0.75,0,0,0,-0.75011,0,-0,0.66131,0,0,0.31416
0,0,0.75,0,0,0,-0.75218,0,-0,0.65895,0,0,0.31416
0,0,0.75,0,0,0,-0.75425,0,-0,0.65659,0,0,0.31416
0,0,0.75,0,0,0,-0.75631,0,-0,0.65421,0,0,0.31416
0,0,0.75,0,0,0,-0.75836,0,-0,0.65183,0,0,0.31416
0,0,0.75,0,0,0,-0.76041,0,-0,0.64945,0,0,0.31416
0,0,0.75,0,0,0,-0.76244,0,-0,0.64706,0,0,0.31416
0,0,0.75,0,0,0,-0.76447,0,-0,0.64466,0,0,0.31416
0,0,0.75,0,0,0,-0.76649,0,-0,0.64225,0,0,0.31416
0,0,0.75,0,0,0,-0.76851,0,-0,0.63984,0,0,0.31416
0,0,0.75,0,0,0,-0.77051,0,-0,0.63742,0,0,0.31416
0,0,0.75,0,0,0,-0.77251,0,-0,0.635,0,0,0.31416
0,0,0.75,0,0,0,-0.7745,0,-0,0.63257,0,0,0.31416
0,0,0.75,0,0,0,-0.77649,0,-0,0.63013,0,0,0.31416
0,0,0.75,0,0,0,-0.77846,0,-0,0.62769,0,0,0.31416
0,0,0.75,0,0,0,-0.78043,0,-0,0.62524,0,0,0.31416
0,0,0.75,0,0,0,-0.78239,0,-0,0.62279,0,0,0.31416
0,0,0.75,0,0,0,-0.78434,0,-0,0.62033,0,0,0.31416
0,0,0.75,0,0,0,-0.78629,0,-0,0.61786,0,0,0.31416
0,0,0.75,0,0,0,-0.78823,0,-0,0.61539,0,0,0.31416
0,0,0.75,0,0,0,-0.79016,0,-0,0.61291,0,0,0.31416
0,0,0.75,0,0,0,-0.79208,0,-0,0.61042,0,0,0.31416
0,0,0.75,0,0,0,-0.79399,0,-0,0.60793,0,0,0.31416
0,0,0.75,0,0,0,-0.7959,0,-0,0.60543,0,0,0.31416
0,0,0.75,0,0,0,-0.79779,0,-0,0.60293,0,0,0.31416
0,0,0.75,0,0,0,-0.79968,0,-0,0.60042,0,0,0.31416
0,0,0.75,0,0,0,-0.80157,0,-0,0.5979,0,0,0.31416
0,0,0.75,0,0,0,-0.80344,0,-0,0.59538,0,0,0.31416
0,0,0.75,0,0,0,-0.80531,0,-0,0.59286,0,0,0.31416
0,0,0.75,0,0,0,-0.80717,0,-0,0.59032,0,0,0.31416
0,0,0.75,0,0,0,-0.80902,0,-0,0.58779,0,0,0.31416
0,0,0.75,0,0,0,-0.81086,0,-0,0.58524,0,0,0.31416
0,0,0.75,0,0,0,-0.81269,0,-0,0.58269,0,0,0.31416
0,0,0.75,0,0,0,-0.81452,0,-0,0.58013,0,0,0.31416
0,0,0.75,0,0,0,-0.81634,0,-0,0.57757,0,0,0.31416
0,0,0.75,0,0,0,-0.81815,0,-0,0.57501,0,0,0.31416
0,0,0.75,0,0,0,-0.81995,0,-0,0.57243,0,0,0.31416
0,0,0.75,0,0,0,-0.82175,0,-0,0.56985,0,0,0.31416
0,0,0.75,0,0,0,-0.82353,0,-0,0.56727,0,0,0.31416
0,0,0.75,0,0,0,-0.82531,0,-0,0.56468,0,0,0.31416
0,0,0.75,0,0,0,-0.82708,0,-0,0.56208,0,0,0.31416
0,0,0.75,0,0,0,-0.82884,0,-0,0.55948,0,0,0.31416
0,0,0.75,0,0,0,-0.8306,0,-0,0.55688,0,0,0.31416
0,0,0.75,0,0,0,-0.83234,0,-0,0.55426,0,0,0.31416
0,0,0.75,0,0,0,-0.83408,0,-0,0.55165,0,0,0.31416
0,0,0.75,0,0,0,-0.83581,0,-0,0.54902,0,0,0.31416
0,0,0.75,0,0,0,-0.83753,0,-0,0.54639,0,0,0.31416
0,0,0.75,0,0,0,-0.83924,0,-0,0.54376,0,0,0.31416
0,0,0.75,0,0,0,-0.84094,0,-0,0.54112,0,0,0.31416
0,0,0.75,0,0,0,-0.84264,0,-0,0.53848,0,0,0.31416
0,0,0.75,0,0,0,-0.84433,0,-0,0.53583,0,0,0.31416
0,0,0.75,0,0,0,-0.84601,0,-0,0.53317,0,0,0.31416
0,0,0.75,0,0,0,-0.84768,0,-0,0.53051,0,0,0.31416
0,0,0.75,0,0,0,-0.84934,0,-0,0.52785,0,0,0.31416
0,0,0.75,0,0,0,-0.85099,0,-0,0.52517,0,0,0.31416
0,0,0.75,0,0,0,-0.85264,0,-0,0.5225,0,0,0.31416
0,0,0.75,0,0,0,-0.85428,0,-0,0.51982,0,0,0.31416
0,0,0.75,0,0,0,-0.85591,0,-0,0.51713,0,0,0.31416
0,0,0.75,0,0,0,-0.85753,0,-0,0.51444,0,0,0.31416
0,0,0.75,0,0,0,-0.85914,0,-0,0.51174,0,0,0.31416
0,0,0.75,0,0,0,-0.86074,0,-0,0.50904,0,0,0.31416
0,0,0.75,0,0,0,-0.86234,0,-0,0.50633,0,0,0.31416
0,0,0.75,0,0,0,-0.86392,0,-0,0.50362,0,0,0.31416
0,0,0.75,0,0,0,-0.8655,0,-0,0.50091,0,0,0.31416
0,0,0.75,0,0,0,-0.86707,0,-0,0.49819,0,0,0.31416
0,0,0.75,0,0,0,-0.86863,0,-0,0.49546,0,0,0.31416
0,0,0.75,0,0,0,-0.87018,0,-0,0.49273,0,0,0.31416
0,0,0.75,0,0,0,-0.87173,0,-0,0.48999,0,0,0.31416
0,0,0.75,0,0,0,-0.87326,0,-0,0.48725,0,0,0.31416
0,0,0.75,0,0,0,-0.87479,0,-0,0.4845,0,0,0.31416
0,0,0.75,0,0,0,-0.87631,0,-0,0.48175,0,0,0.31416
0,0,0.75,0,0,0,-0.87782,0,-0,0.479,0,0,0.31416
0,0,0.75,0,0,0,-0.87932,0,-0,0.47624,0,0,0.31416
0,0,0.75,0,0,0,-0.88081,0,-0,0.47347,0,0,0.31416
0,0,0.75,0,0,0,-0.88229,0,-0,0.4707,0,0,0.31416
0,0,0.75,0,0,0,-0.88377,0,-0,0.46793,0,0,0.31416
0,0,0.75,0,0,0,-0.88523,0,-0,0.46515,0,0,0.31416
0,0,0.75,0,0,0,-0.88669,0,-0,0.46237,0,0,0.31416
0,0,0.75,0,0,0,-0.88814,0,-0,0.45958,0,0,0.31416
0,0,0.75,0,0,0,-0.88958,0,-0,0.45679,0,0,0.31416
0,0,0.75,0,0,0,-0.89101,0,-0,0.45399,0,0,0.31416
0,0,0.75,0,0,0,-0.89243,0,-0,0.45119,0,0,0.31416
0,0,0.75,0,0,0,-0.89384,0,-0,0.44838,0,0,0.31416
0,0,0.75,0,0,0,-0.89525,0,-0,0.44557,0,0,0.31416
0,0,0.75,0,0,0,-0.89664,0,-0,0.44276,0,0,0.31416
0,0,0.75,0,0,0,-0.89803,0,-0,0.43994,0,0,0.31416
0,0,0.75,0,0,0,-0.89941,0,-0,0.43712,0,0,0.31416
0,0,0.75,0,0,0,-0.90077,0,-0,0.43429,0,0,0.31416
0,0,0.75,0,0,0,-0.90213,0,-0,0.43146,0,0,0.31416
0,0,0.75,0,0,0,-0.90348,0,-0,0.42862,0,0,0.31416
0,0,0.75,0,0,0,-0.90483,0,-0,0.42578,0,0,0.31416
0,0,0.75,0,0,0,-0.90616,0,-0,0.42293,0,0,0.31416
0,0,0.75,0,0,0,-0.90748,0,-0,0.42009,0,0,0.31416
0,0,0.75,0,0,0,-0.9088,0,-0,0.41723,0,0,0.31416
0,0,0.75,0,0,0,-0.91011,0,-0,0.41438,0,0,0.31416
0,0,0.75,0,0,0,-0.9114,0,-0,0.41151,0,0,0.31416
0,0,0.75,0,0,0,-0.91269,0,-0,0.40865,0,0,0.31416
0,0,0.75,0,0,0,-0.91397,0,-0,0.40578,0,0,0.31416
0,0,0.75,0,0,0,-0.91524,0,-0,0.40291,0,0,0.31416
0,0,0.75,0,0,0,-0.9165,0,-0,0.40003,0,0,0.31416
0,0,0.75,0,0,0,-0.91775,0,-0,0.39715,0,0,0.31416
0,0,0.75,0,0,0,-0.919,0,-0,0.39426,0,0,0.31416
0,0,0.75,0,0,0,-0.92023,0,-0,0.39137,0,0,0.31416
0,0,0.75,0,0,0,-0.92146,0,-0,0.38848,0,0,0.31416
0,0,0.75,0,0,0,-0.92267,0,-0,0.38558,0,0,0.31416
0,0,0.75,0,0,0,-0.92388,0,-0,0.38268,0,0,0.31416
0,0,0.75,0,0,0,-0.92508,0,-0,0.37978,0,0,0.31416
0,0,0.75,0,0,0,-0.92627,0,-0,0.37687,0,0,0.31416
0,0,0.75,0,0,0,-0.92745,0,-0,0.37396,0,0,0.31416
0,0,0.75,0,0,0,-0.92862,0,-0,0.37104,0,0,0.31416
0,0,0.75,0,0,0,-0.92978,0,-0,0.36812,0,0,0.31416
0,0,0.75,0,0,0,-0.93093,0,-0,0.3652,0,0,0.31416
0,0,0.75,0,0,0,-0.93207,0,-0,0.36228,0,0,0.31416
0,0,0.75,0,0,0,-0.9332,0,-0,0.35935,0,0,0.31416
0,0,0.75,0,0,0,-0.93433,0,-0,0.35641,0,0,0.31416
0,0,0.75,0,0,0,-0.93544,0,-0,0.35347,0,0,0.31416
0,0,0.75,0,0,0,-0.93655,0,-0,0.35053,0,0,0.31416
0,0,0.75,0,0,0,-0.93765,0,-0,0.34759,0,0,0.31416
0,0,0.75,0,0,0,-0.93873,0,-0,0.34464,0,0,0.31416
0,0,0.75,0,0,0,-0.93981,0,-0,0.34169,0,0,0.31416
0,0,0.75,0,0,0,-0.94088,0,-0,0.33874,0,0,0.31416
0,0,0.75,0,0,0,-0.94194,0,-0,0.33578,0,0,0.31416
0,0,0.75,0,0,0,-0.94299,0,-0,0.33282,0,0,0.31416
0,0,0.75,0,0,0,-0.94403,0,-0,0.32986,0,0,0.31416
0,0,0.75,0,0,0,-0.94506,0,-0,0.32689,0,0,0.31416
0,0,0.75,0,0,0,-0.94609,0,-0,0.32392,0,0,0.31416
0,0,0.75,0,0,0,-0.9471,0,-0,0.32094,0,0,0.31416
0,0,0.75,0,0,0,-0.9481,0,-0,0.31797,0,0,0.31416
0,0,0.75,0,0,0,-0.9491,0,-0,0.31499,0,0,0.31416
0,0,0.75,0,0,0,-0.95008,0,-0,0.312,0,0,0.31416
0,0,0.75,0,0,0,-0.95106,0,-0,0.30902,0,0,0.31416
0,0,0.75,0,0,0,-0.95202,0,-0,0.30603,0,0,0.31416
0,0,0.75,0,0,0,-0.95298,0,-0,0.30304,0,0,0.31416
0,0,0.75,0,0,0,-0.95393,0,-0,0.30004,0,0,0.31416
0,0,0.75,0,0,0,-0.95486,0,-0,0.29704,0,0,0.31416
0,0,0.75,0,0,0,-0.95579,0,-0,0.29404,0,0,0.31416
0,0,0.75,0,0,0,-0.95671,0,-0,0.29104,0,0,0.31416
0,0,0.75,0,0,0,-0.95762,0,-0,0.28803,0,0,0.31416
0,0,0.75,0,0,0,-0.95852,0,-0,0.28502,0,0,0.31416
0,0,0.75,0,0,0,-0.95941,0,-0,0.28201,0,0,0.31416
0,0,0.75,0,0,0,-0.96029,0,-0,0.27899,0,0,0.31416
0,0,0.75,0,0,0,-0.96117,0,-0,0.27597,0,0,0.31416
0,0,0.75,0,0,0,-0.96203,0,-0,0.27295,0,0,0.31416
0,0,0.75,0,0,0,-0.96288,0,-0,0.26993,0,0,0.31416
0,0,0.75,0,0,0,-0.96372,0,-0,0.2669,0,0,0.31416
0,0,0.75,0,0,0,-0.96456,0,-0,0.26387,0,0,0.31416
0,0,0.75,0,0,0,-0.96538,0,-0,0.26084,0,0,0.31416
0,0,0.75,0,0,0,-0.9662,0,-0,0.25781,0,0,0.31416
0,0,0.75,0,0,0,-0.967,0,-0,0.25477,0,0,0.31416
0,0,0.75,0,0,0,-0.9678,0,-0,0.25173,0,0,0.31416
0,0,0.75,0,0,0,-0.96858,0,-0,0.24869,0,0,0.31416
0,0,0.75,0,0,0,-0.96936,0,-0,0.24565,0,0,0.31416
0,0,0.75,0,0,0,-0.97013,0,-0,0.2426,0,0,0.31416
0,0,0.75,0,0,0,-0.97088,0,-0,0.23955,0,0,0.31416
0,0,0.75,0,0,0,-0.97163,0,-0,0.2365,0,0,0.31416
0,0,0.75,0,0,0,-0.97237,0,-0,0.23345,0,0,0.31416
0,0,0.75,0,0,0,-0.9731,0,-0,0.23039,0,0,0.31416
0,0,0.75,0,0,0,-0.97382,0,-0,0.22733,0,0,0.31416
0,0,0.75,0,0,0,-0.97453,0,-0,0.22427,0,0,0.31416
0,0,0.75,0,0,0,-0.97523,0,-0,0.22121,0,0,0.31416
0,0,0.75,0,0,0,-0.97592,0,-0,0.21814,0,0,0.31416
0,0,0.75,0,0,0,-0.9766,0,-0,0.21508,0,0,0.31416
0,0,0.75,0,0,0,-0.97727,0,-0,0.21201,0,0,0.31416
0,0,0.75,0,0,0,-0.97793,0,-0,0.20894,0,0,0.31416
0,0,0.75,0,0,0,-0.97858,0,-0,0.20586,0,0,0.31416
0,0,0.75,0,0,0,-0.97922,0,-0,0.20279,0,0,0.31416
0,0,0.75,0,0,0,-0.97986,0,-0,0.19971,0,0,0.31416
0,0,0.75,0,0,0,-0.98048,0,-0,0.19663,0,0,0.31416
0,0,0.75,0,0,0,-0.98109,0,-0,0.19355,0,0,0.31416
0,0,0.75,0,0,0,-0.98169,0,-0,0.19047,0,0,0.31416
0,0,0.75,0,0,0,-0.98229,0,-0,0.18738,0,0,0.31416
0,0,0.75,0,0,0,-0.98287,0,-0,0.18429,0,0,0.31416
0,0,0.75,0,0,0,-0.98345,0,-0,0.18121,0,0,0.31416
0,0,0.75,0,0,0,-0.98401,0,-0,0.17812,0,0,0.31416
0,0,0.75,0,0,0,-0.98456,0,-0,0.17502,0,0,0.31416
0,0,0.75,0,0,0,-0.98511,0,-0,0.17193,0,0,0.31416
0,0,0.75,0,0,0,-0.98564,0,-0,0.16883,0,0,0.31416
0,0,0.75,0,0,0,-0.98617,0,-0,0.16574,0,0,0.31416
0,0,0.75,0,0,0,-0.98669,0,-0,0.16264,0,0,0.31416
0,0,0.75,0,0,0,-0.98719,0,-0,0.15954,0,0,0.31416
0,0,0.75,0,0,0,-0.98769,0,-0,0.15643,0,0,0.31416
0,0,0.75,0,0,0,-0.98817,0,-0,0.15333,0,0,0.31416
0,0,0.75,0,0,0,-0.98865,0,-0,0.15023,0,0,0.31416
0,0,0.75,0,0,0,-0.98912,0,-0,0.14712,0,0,0.31416
0,0,0.75,0,0,0,-0.98958,0,-0,0.14401,0,0,0.31416
0,0,0.75,0,0,0,-0.99002,0,-0,0.1409,0,0,0.31416
0,0,0.75,0,0,0,-0.99046,0,-0,0.13779,0,0,0.31416
0,0,0.75,0,0,0,-0.99089,0,-0,0.13468,0,0,0.31416
0,0,0.75,0,0,0,-0.99131,0,-0,0.13156,0,0,0.31416
0,0,0.75,0,0,0,-0.99172,0,-0,0.12845,0,0,0.31416
0,0,0.75,0,0,0,-0.99211,0,-0,0.12533,0,0,0.31416
0,0,0.75,0,0,0,-0.9925,0,-0,0.12222,0,0,0.31416
0,0,0.75,0,0,0,-0.99288,0,-0,0.1191,0,0,0.31416
0,0,0.75,0,0,0,-0.99325,0,-0,0.11598,0,0,0.31416
0,0,0.75,0,0,0,-0.99361,0,-0,0.11286,0,0,0.31416
0,0,0.75,0,0,0,-0.99396,0,-0,0.10973,0,0,0.31416
0,0,0.75,0,0,0,-0.9943,0,-0,0.10661,0,0,0.31416
0,0,0.75,0,0,0,-0.99463,0,-0,0.10349,0,0,0.31416
0,0,0.75,0,0,0,-0.99495,0,-0,0.10036,0,0,0.31416
0,0,0.75,0,0,0,-0.99526,0,-0,0.097235,0,0,0.31416
0,0,0.75,0,0,0,-0.99556,0,-0,0.094108,0,0,0.31416
0,0,0.75,0,0,0,-0.99585,0,-0,0.09098,0,0,0.31416
0,0,0.75,0,0,0,-0.99613,0,-0,0.087851,0,0,0.31416
0,0,0.75,0,0,0,-0.9964,0,-0,0.084721,0,0,0.31416
0,0,0.75,0,0,0,-0.99667,0,-0,0.081591,0,0,0.31416
0,0,0.75,0,0,0,-0.99692,0,-0,0.078459,0,0,0.31416
0,0,0.75,0,0,0,-0.99716,0,-0,0.075327,0,0,0.31416
0,0,0.75,0,0,0,-0.99739,0,-0,0.072194,0,0,0.31416
0,0,0.75,0,0,0,-0.99761,0,-0,0.06906,0,0,0.31416
0,0,0.75,0,0,0,-0.99782,0,-0,0.065926,0,0,0.31416
0,0,0.75,0,0,0,-0.99803,0,-0,0.062791,0,0,0.31416
0,0,0.75,0,0,0,-0.99822,0,-0,0.059655,0,0,0.31416
0,0,0.75,0,0,0,-0.9984,0,-0,0.056519,0,0,0.31416
0,0,0.75,0,0,0,-0.99857,0,-0,0.053382,0,0,0.31416
0,0,0.75,0,0,0,-0.99874,0,-0,0.050244,0,0,0.31416
0,0,0.75,0,0,0,-0.99889,0,-0,0.047106,0,0,0.31416
0,0,0.75,0,0,0,-0.99903,0,-0,0.043968,0,0,0.31416
0,0,0.75,0,0,0,-0.99917,0,-0,0.040829,0,0,0.31416
0,0,0.75,0,0,0,-0.99929,0,-0,0.03769,0,0,0.31416
0,0,0.75,0,0,0,-0.9994,0,-0,0.034551,0,0,0.31416
0,0,0.75,0,0,0,-0.99951,0,-0,0.031411,0,0,0.31416
0,0,0.75,0,0,0,-0.9996,0,-0,0.028271,0,0,0.31416
0,0,0.75,0,0,0,-0.99968,0,-0,0.02513,0,0,0.31416
0,0,0.75,0,0,0,-0.99976,0,-0,0.021989,0,0,0.31416
0,0,0.75,0,0,0,-0.99982,0,-0,0.018848,0,0,0.31416
0,0,0.75,0,0,0,-0.99988,0,-0,0.015707,0,0,0.31416
0,0,0.75,0,0,0,-0.99992,0,-0,0.012566,0,0,0.31416
0,0,0.75,0,0,0,-0.99996,0,-0,0.0094246,0,0,0.31416
0,0,0.75,0,0,0,-0.99998,0,-0,0.0062831,0,0,0.31416
0,0,0.75,0,0,0,-1,0,-0,0.0031416,0,0,0.31416
0,0,0.75,0,0,0,-1,0,-0,1.2246e-16,0,0,0.31416
0,0,0.75,0,0,0,-1,0,-0,0.0031416,-0,0,-0.31416
0,0,0.75,0,0,0,-0.99998,0,-0,0.0062831,-0,0,-0.31416
0,0,0.75,0,0,0,-0.99996,0,-0,0.0094246,-0,0,-0.31416
0,0,0.75,0,0,0,-0.99992,0,-0,0.012566,-0,0,-0.31416
0,0,0.75,0,0,0,-0.99988,0,-0,0.015707,-0,0,-0.31416
0,0,0.75,0,0,0,-0.99982,0,-0,0.018848,-0,0,-0.31416
0,0,0.75,0,0,0,-0.99976,0,-0,0.021989,-0,0,-0.31416
0,0,0.75,0,0,0,-0.99968,0,-0,0.02513,-0,0,-0.31416
0,0,0.75,0,0,0,-0.9996,0,-0,0.028271,-0,0,-0.31416
0,0,0.75,0,0,0,-0.99951,0,-0,0.031411,-0,0,-0.31416
0,0,0.75,0,0,0,-0.9994,0,-0,0.034551,-0,0,-0.31416
0,0,0.75,0,0,0,-0.99929,0,-0,0.03769,-0,0,-0.31416
0,0,0.75,0,0,0,-0.99917,0,-0,0.040829,-0,0,-0.31416
0,0,0.75,0,0,0,-0.99903,0,-0,0.043968,-0,0,-0.31416
0,0,0.75,0,0,0,-0.99889,0,-0,0.047106,-0,0,-0.31416
0,0,0.75,0,0,0,-0.99874,0,-0,0.050244,-0,0,-0.31416
0,0,0.75,0,0,0,-0.99857,0,-0,0.053382,-0,0,-0.31416
0,0,0.75,0,0,0,-0.9984,0,-0,0.056519,-0,0,-0.31416
0,0,0.75,0,0,0,-0.99822,0,-0,0.059655,-0,0,-0.31416
0,0,0.75,0,0,0,-0.99803,0,-0,0.062791,-0,0,-0.31416
0,0,0.75,0,0,0,-0.99782,0,-0,0.065926,-0,0,-0.31416
0,0,0.75,0,0,0,-0.99761,0,-0,0.06906,-0,0,-0.31416
0,0,0.75,0,0,0,-0.99739,0,-0,0.072194,-0,0,-0.31416
0,0,0.75,0,0,0,-0.99716,0,-0,0.075327,-0,0,-0.31416
0,0,0.75,0,0,0,-0.99692,0,-0,0.078459,-0,0,-0.31416
0,0,0.75,0,0,0,-0.99667,0,-0,0.081591,-0,0,-0.31416
0,0,0.75,0,0,0,-0.9964,0,-0,0.084721,-0,0,-0.31416
0,0,0.75,0,0,0,-0.99613,0,-0,0.087851,-0,0,-0.31416
0,0,0.75,0,0,0,-0.99585,0,-0,0.09098,-0,0,-0.31416
0,0,0.75,0,0,0,-0.99556,0,-0,0.094108,-0,0,-0.31416
0,0,0.75,0,0,0,-0.99526,0,-0,0.097235,-0,0,-0.31416
0,0,0.75,0,0,0,-0.99495,0,-0,0.10036,-0,0,-0.31416
0,0,0.75,0,0,0,-0.99463,0,-0,0.10349,-0,0,-0.31416
0,0,0.75,0,0,0,-0.9943,0,-0,0.10661,-0,0,-0.31416
0,0,0.75,0,0,0,-0.99396,0,-0,0.10973,-0,0,-0.31416
0,0,0.75,0,0,0,-0.99361,0,-0,0.11286,-0,0,-0.31416
0,0,0.75,0,0,0,-0.99325,0,-0,0.11598,-0,0,-0.31416
0,0,0.75,0,0,0,-0.99288,0,-0,0.1191,-0,0,-0.31416
0,0,0.75,0,0,0,-0.9925,0,-0,0.12222,-0,0,-0.31416
0,0,0.75,0,0,0,-0.99211,0,-0,0.12533,-0,0,-0.31416
0,0,0.75,0,0,0,-0.99172,0,-0,0.12845,-0,0,-0.31416
0,0,0.75,0,0,0,-0.99131,0,-0,0.13156,-0,0,-0.31416
0,0,0.75,0,0,0,-0.99089,0,-0,0.13468,-0,0,-0.31416
0,0,0.75,0,0,0,-0.99046,0,-0,0.13779,-0,0,-0.31416
0,0,0.75,0,0,0,-0.99002,0,-0,0.1409,-0,0,-0.31416
0,0,0.75,0,0,0,-0.98958,0,-0,0.14401,-0,0,-0.31416
0,0,0.75,0,0,0,-0.98912,0,-0,0.14712,-0,0,-0.31416
0,0,0.75,0,0,0,-0.98865,0,-0,0.15023,-0,0,-0.31416
0,0,0.75,0,0,0,-0.98817,0,-0,0.15333,-0,0,-0.31416
0,0,0.75,0,0,0,-0.98769,0,-0,0.15643,-0,0,-0.31416
0,0,0.75,0,0,0,-0.98719,0,-0,0.15954,-0,0,-0.31416
0,0,0.75,0,0,0,-0.98669,0,-0,0.16264,-0,0,-0.31416
0,0,0.75,0,0,0,-0.98617,0,-0,0.16574,-0,0,-0.31416
0,0,0.75,0,0,0,-0.98564,0,-0,0.16883,-0,0,-0.31416
0,0,0.75,0,0,0,-0.98511,0,-0,0.17193,-0,0,-0.31416
0,0,0.75,0,0,0,-0.98456,0,-0,0.17502,-0,0,-0.31416
0,0,0.75,0,0,0,-0.98401,0,-0,0.17812,-0,0,-0.31416
0,0,0.75,0,0,0,-0.98345,0,-0,0.18121,-0,0,-0.31416
0,0,0.75,0,0,0,-0.98287,0,-0,0.18429,-0,0,-0.31416
0,0,0.75,0,0,0,-0.98229,0,-0,0.18738,-0,0,-0.31416
0,0,0.75,0,0,0,-0.98169,0,-0,0.19047,-0,0,-0.31416
0,0,0.75,0,0,0,-0.98109,0,-0,0.19355,-0,0,-0.31416
0,0,0.75,0,0,0,-0.98048,0,-0,0.19663,-0,0,-0.31416
0,0,0.75,0,0,0,-0.97986,0,-0,0.19971,-0,0,-0.31416
0,0,0.75,0,0,0,-0.97922,0,-0,0.20279,-0,0,-0.31416
0,0,0.75,0,0,0,-0.97858,0,-0,0.20586,-0,0,-0.31416
0,0,0.75,0,0,0,-0.97793,0,-0,0.20894,-0,0,-0.31416
0,0,0.75,0,0,0,-0.97727,0,-0,0.21201,-0,0,-0.31416
0,0,0.75,0,0,0,-0.9766,0,-0,0.21508,-0,0,-0.31416
0,0,0.75,0,0,0,-0.97592,0,-0,0.21814,-0,0,-0.31416
0,0,0.75,0,0,0,-0.97523,0,-0,0.22121,-0,0,-0.31416
0,0,0.75,0,0,0,-0.97453,0,-0,0.22427,-0,0,-0.31416
0,0,0.75,0,0,0,-0.97382,0,-0,0.22733,-0,0,-0.31416
0,0,0.75,0,0,0,-0.9731,0,-0,0.23039,-0,0,-0.31416
0,0,0.75,0,0,0,-0.97237,0,-0,0.23345,-0,0,-0.31416
0,0,0.75,0,0,0,-0.97163,0,-0,0.2365,-0,0,-0.31416
0,0,0.75,0,0,0,-0.97088,0,-0,0.23955,-0,0,-0.31416
0,0,0.75,0,0,0,-0.97013,0,-0,0.2426,-0,0,-0.31416
0,0,0.75,0,0,0,-0.96936,0,-0,0.24565,-0,0,-0.31416
0,0,0.75,0,0,0,-0.96858,0,-0,0.24869,-0,0,-0.31416
0,0,0.75,0,0,0,-0.9678,0,-0,0.25173,-0,0,-0.31416
0,0,0.75,0,0,0,-0.967,0,-0,0.25477,-0,0,-0.31416
0,0,0.75,0,0,0,-0.9662,0,-0,0.25781,-0,0,-0.31416
0,0,0.75,0,0,0,-0.96538,0,-0,0.26084,-0,0,-0.31416
0,0,0.75,0,0,0,-0.96456,0,-0,0.26387,-0,0,-0.31416
0,0,0.75,0,0,0,-0.96372,0,-0,0.2669,-0,0,-0.31416
0,0,0.75,0,0,0,-0.96288,0,-0,0.26993,-0,0,-0.31416
0,0,0.75,0,0,0,-0.96203,0,-0,0.27295,-0,0,-0.31416
0,0,0.75,0,0,0,-0.96117,0,-0,0.27597,-0,0,-0.31416
0,0,0.75,0,0,0,-0.96029,0,-0,0.27899,-0,0,-0.31416
0,0,0.75,0,0,0,-0.95941,0,-0,0.28201,-0,0,-0.31416
0,0,0.75,0,0,0,-0.95852,0,-0,0.28502,-0,0,-0.31416
0,0,0.75,0,0,0,-0.95762,0,-0,0.28803,-0,0,-0.31416
0,0,0.75,0,0,0,-0.95671,0,-0,0.29104,-0,0,-0.31416
0,0,0.75,0,0,0,-0.95579,0,-0,0.29404,-0,0,-0.31416
0,0,0.75,0,0,0,-0.95486,0,-0,0.29704,-0,0,-0.31416
0,0,0.75,0,0,0,-0.95393,0,-0,0.30004,-0,0,-0.31416
0,0,0.75,0,0,0,-0.95298,0,-0,0.30304,-0,0,-0.31416
0,0,0.75,0,0,0,-0.95202,0,-0,0.30603,-0,0,-0.31416
0,0,0.75,0,0,0,-0.95106,0,-0,0.30902,-0,0,-0.31416
0,0,0.75,0,0,0,-0.95008,0,-0,0.312,-0,0,-0.31416
0,0,0.75,0,0,0,-0.9491,0,-0,0.31499,-0,0,-0.31416
0,0,0.75,0,0,0,-0.9481,0,-0,0.31797,-0,0,-0.31416
0,0,0.75,0,0,0,-0.9471,0,-0,0.32094,-0,0,-0.31416
0,0,0.75,0,0,0,-0.94609,0,-0,0.32392,-0,0,-0.31416
0,0,0.75,0,0,0,-0.94506,0,-0,0.32689,-0,0,-0.31416
0,0,0.75,0,0,0,-0.94403,0,-0,0.32986,-0,0,-0.31416
0,0,0.75,0,0,0,-0.94299,0,-0,0.33282,-0,0,-0.31416
0,0,0.75,0,0,0,-0.94194,0,-0,0.33578,-0,0,-0.31416
0,0,0.75,0,0,0,-0.94088,0,-0,0.33874,-0,0,-0.31416
0,0,0.75,0,0,0,-0.93981,0,-0,0.34169,-0,0,-0.31416
0,0,0.75,0,0,0,-0.93873,0,-0,0.34464,-0,0,-0.31416
0,0,0.75,0,0,0,-0.93765,0,-0,0.34759,-0,0,-0.31416
0,0,0.75,0,0,0,-0.93655,0,-0,0.35053,-0,0,-0.31416
0,0,0.75,0,0,0,-0.93544,0,-0,0.35347,-0,0,-0.31416
0,0,0.75,0,0,0,-0.93433,0,-0,0.35641,-0,0,-0.31416
0,0,0.75,0,0,0,-0.9332,0,-0,0.35935,-0,0,-0.31416
0,0,0.75,0,0,0,-0.93207,0,-0,0.36228,-0,0,-0.31416
0,0,0.75,0,0,0,-0.93093,0,-0,0.3652,-0,0,-0.31416
0,0,0.75,0,0,0,-0.92978,0,-0,0.36812,-0,0,-0.31416
0,0,0.75,0,0,0,-0.92862,0,-0,0.37104,-0,0,-0.31416
0,0,0.75,0,0,0,-0.92745,0,-0,0.37396,-0,0,-0.31416
0,0,0.75,0,0,0,-0.92627,0,-0,0.37687,-0,0,-0.31416
0,0,0.75,0,0,0,-0.92508,0,-0,0.37978,-0,0,-0.31416
0,0,0.75,0,0,0,-0.92388,0,-0,0.38268,-0,0,-0.31416
0,0,0.75,0,0,0,-0.92267,0,-0,0.38558,-0,0,-0.31416
0,0,0.75,0,0,0,-0.92146,0,-0,0.38848,-0,0,-0.31416
0,0,0.75,0,0,0,-0.92023,0,-0,0.39137,-0,0,-0.31416
0,0,0.75,0,0,0,-0.919,0,-0,0.39426,-0,0,-0.31416
0,0,0.75,0,0,0,-0.91775,0,-0,0.39715,-0,0,-0.31416
0,0,0.75,0,0,0,-0.9165,0,-0,0.40003,-0,0,-0.31416
0,0,0.75,0,0,0,-0.91524,0,-0,0.40291,-0,0,-0.31416
0,0,0.75,0,0,0,-0.91397,0,-0,0.40578,-0,0,-0.31416
0,0,0.75,0,0,0,-0.91269,0,-0,0.40865,-0,0,-0.31416
0,0,0.75,0,0,0,-0.9114,0,-0,0.41151,-0,0,-0.31416
0,0,0.75,0,0,0,-0.91011,0,-0,0.41438,-0,0,-0.31416
0,0,0.75,0,0,0,-0.9088,0,-0,0.41723,-0,0,-0.31416
0,0,0.75,0,0,0,-0.90748,0,-0,0.42009,-0,0,-0.31416
0,0,0.75,0,0,0,-0.90616,0,-0,0.42293,-0,0,-0.31416
0,0,0.75,0,0,0,-0.90483,0,-0,0.42578,-0,0,-0.31416
0,0,0.75,0,0,0,-0.90348,0,-0,0.42862,-0,0,-0.31416
0,0,0.75,0,0,0,-0.90213,0,-0,0.43146,-0,0,-0.31416
0,0,0.75,0,0,0,-0.90077,0,-0,0.43429,-0,0,-0.31416
0,0,0.75,0,0,0,-0.89941,0,-0,0.43712,-0,0,-0.31416
0,0,0.75,0,0,0,-0.89803,0,-0,0.43994,-0,0,-0.31416
0,0,0.75,0,0,0,-0.89664,0,-0,0.44276,-0,0,-0.31416
0,0,0.75,0,0,0,-0.89525,0,-0,0.44557,-0,0,-0.31416
0,0,0.75,0,0,0,-0.89384,0,-0,0.44838,-0,0,-0.31416
0,0,0.75,0,0,0,-0.89243,0,-0,0.45119,-0,0,-0.31416
0,0,0.75,0,0,0,-0.89101,0,-0,0.45399,-0,0,-0.31416
0,0,0.75,0,0,0,-0.88958,0,-0,0.45679,-0,0,-0.31416
0,0,0.75,0,0,0,-0.88814,0,-0,0.45958,-0,0,-0.31416
0,0,0.75,0,0,0,-0.88669,0,-0,0.46237,-0,0,-0.31416
0,0,0.75,0,0,0,-0.88523,0,-0,0.46515,-0,0,-0.31416
0,0,0.75,0,0,0,-0.88377,0,-0,0.46793,-0,0,-0.31416
0,0,0.75,0,0,0,-0.88229,0,-0,0.4707,-0,0,-0.31416
0,0,0.75,0,0,0,-0.88081,0,-0,0.47347,-0,0,-0.31416
0,0,0.75,0,0,0,-0.87932,0,-0,0.47624,-0,0,-0.31416
0,0,0.75,0,0,0,-0.87782,0,-0,0.479,-0,0,-0.31416
0,0,0.75,0,0,0,-0.87631,0,-0,0.48175,-0,0,-0.31416
0,0,0.75,0,0,0,-0.87479,0,-0,0.4845,-0,0,-0.31416
0,0,0.75,0,0,0,-0.87326,0,-0,0.48725,-0,0,-0.31416
0,0,0.75,0,0,0,-0.87173,0,-0,0.48999,-0,0,-0.31416
0,0,0.75,0,0,0,-0.87018,0,-0,0.49273,-0,0,-0.31416
0,0,0.75,0,0,0,-0.86863,0,-0,0.49546,-0,0,-0.31416
0,0,0.75,0,0,0,-0.86707,0,-0,0.49819,-0,0,-0.31416
0,0,0.75,0,0,0,-0.8655,0,-0,0.50091,-0,0,-0.31416
0,0,0.75,0,0,0,-0.86392,0,-0,0.50362,-0,0,-0.31416
0,0,0.75,0,0,0,-0.86234,0,-0,0.50633,-0,0,-0.31416
0,0,0.75,0,0,0,-0.86074,0,-0,0.50904,-0,0,-0.31416
0,0,0.75,0,0,0,-0.85914,0,-0,0.51174,-0,0,-0.31416
0,0,0.75,0,0,0,-0.85753,0,-0,0.51444,-0,0,-0.31416
0,0,0.75,0,0,0,-0.85591,0,-0,0.51713,-0,0,-0.31416
0,0,0.75,0,0,0,-0.85428,0,-0,0.51982,-0,0,-0.31416
0,0,0.75,0,0,0,-0.85264,0,-0,0.5225,-0,0,-0.31416
0,0,0.75,0,0,0,-0.85099,0,-0,0.52517,-0,0,-0.31416
0,0,0.75,0,0,0,-0.84934,0,-0,0.52785,-0,0,-0.31416
0,0,0.75,0,0,0,-0.84768,0,-0,0.53051,-0,0,-0.31416
0,0,0.75,0,0,0,-0.84601,0,-0,0.53317,-0,0,-0.31416
0,0,0.75,0,0,0,-0.84433,0,-0,0.53583,-0,0,-0.31416
0,0,0.75,0,0,0,-0.84264,0,-0,0.53848,-0,0,-0.31416
0,0,0.75,0,0,0,-0.84094,0,-0,0.54112,-0,0,-0.31416
0,0,0.75,0,0,0,-0.83924,0,-0,0.54376,-0,0,-0.31416
0,0,0.75,0,0,0,-0.83753,0,-0,0.54639,-0,0,-0.31416
0,0,0.75,0,0,0,-0.83581,0,-0,0.54902,-0,0,-0.31416
0,0,0.75,0,0,0,-0.83408,0,-0,0.55165,-0,0,-0.31416
0,0,0.75,0,0,0,-0.83234,0,-0,0.55426,-0,0,-0.31416
0,0,0.75,0,0,0,-0.8306,0,-0,0.55688,-0,0,-0.31416
0,0,0.75,0,0,0,-0.82884,0,-0,0.55948,-0,0,-0.31416
0,0,0.75,0,0,0,-0.82708,0,-0,0.56208,-0,0,-0.31416
0,0,0.75,0,0,0,-0.82531,0,-0,0.56468,-0,0,-0.31416
0,0,0.75,0,0,0,-0.82353,0,-0,0.56727,-0,0,-0.31416
0,0,0.75,0,0,0,-0.82175,0,-0,0.56985,-0,0,-0.31416
0,0,0.75,0,0,0,-0.81995,0,-0,0.57243,-0,0,-0.31416
0,0,0.75,0,0,0,-0.81815,0,-0,0.57501,-0,0,-0.31416
0,0,0.75,0,0,0,-0.81634,0,-0,0.57757,-0,0,-0.31416
0,0,0.75,0,0,0,-0.81452,0,-0,0.58013,-0,0,-0.31416
0,0,0.75,0,0,0,-0.81269,0,-0,0.58269,-0,0,-0.31416
0,0,0.75,0,0,0,-0.81086,0,-0,0.58524,-0,0,-0.31416
0,0,0.75,0,0,0,-0.80902,0,-0,0.58779,-0,0,-0.31416
0,0,0.75,0,0,0,-0.80717,0,-0,0.59032,-0,0,-0.31416
0,0,0.75,0,0,0,-0.80531,0,-0,0.59286,-0,0,-0.31416
0,0,0.75,0,0,0,-0.80344,0,-0,0.59538,-0,0,-0.31416
0,0,0.75,0,0,0,-0.80157,0,-0,0.5979,-0,0,-0.31416
0,0,0.75,0,0,0,-0.79968,0,-0,0.60042,-0,0,-0.31416
0,0,0.75,0,0,0,-0.79779,0,-0,0.60293,-0,0,-0.31416
0,0,0.75,0,0,0,-0.7959,0,-0,0.60543,-0,0,-0.31416
0,0,0.75,0,0,0,-0.79399,0,-0,0.60793,-0,0,-0.31416
0,0,0.75,0,0,0,-0.79208,0,-0,0.61042,-0,0,-0.31416
0,0,0.75,0,0,0,-0.79016,0,-0,0.61291,-0,0,-0.31416
0,0,0.75,0,0,0,-0.78823,0,-0,0.61539,-0,0,-0.31416
0,0,0.75,0,0,0,-0.78629,0,-0,0.61786,-0,0,-0.31416
0,0,0.75,0,0,0,-0.78434,0,-0,0.62033,-0,0,-0.31416
0,0,0.75,0,0,0,-0.78239,0,-0,0.62279,-0,0,-0.31416
0,0,0.75,0,0,0,-0.78043,0,-0,0.62524,-0,0,-0.31416
0,0,0.75,0,0,0,-0.77846,0,-0,0.62769,-0,0,-0.31416
0,0,0.75,0,0,0,-0.77649,0,-0,0.63013,-0,0,-0.31416
0,0,0.75,0,0,0,-0.7745,0,-0,0.63257,-0,0,-0.31416
0,0,0.75,0,0,0,-0.77251,0,-0,0.635,-0,0,-0.31416
0,0,0.75,0,0,0,-0.77051,0,-0,0.63742,-0,0,-0.31416
0,0,0.75,0,0,0,-0.76851,0,-0,0.63984,-0,0,-0.31416
0,0,0.75,0,0,0,-0.76649,0,-0,0.64225,-0,0,-0.31416
0,0,0.75,0,0,0,-0.76447,0,-0,0.64466,-0,0,-0.31416
0,0,0.75,0,0,0,-0.76244,0,-0,0.64706,-0,0,-0.31416
0,0,0.75,0,0,0,-0.76041,0,-0,0.64945,-0,0,-0.31416
0,0,0.75,0,0,0,-0.75836,0,-0,0.65183,-0,0,-0.31416
0,0,0.75,0,0,0,-0.75631,0,-0,0.65421,-0,0,-0.31416
0,0,0.75,0,0,0,-0.75425,0,-0,0.65659,-0,0,-0.31416
0,0,0.75,0,0,0,-0.75218,0,-0,0.65895,-0,0,-0.31416
0,0,0.75,0,0,0,-0.75011,0,-0,0.66131,-0,0,-0.31416
0,0,0.75,0,0,0,-0.74803,0,-0,0.66367,-0,0,-0.31416
0,0,0.75,0,0,0,-0.74594,0,-0,0.66601,-0,0,-0.31416
0,0,0.75,0,0,0,-0.74385,0,-0,0.66835,-0,0,-0.31416
0,0,0.75,0,0,0,-0.74174,0,-0,0.67069,-0,0,-0.31416
0,0,0.75,0,0,0,-0.73963,0,-0,0.67301,-0,0,-0.31416
0,0,0.75,0,0,0,-0.73751,0,-0,0.67533,-0,0,-0.31416
0,0,0.75,0,0,0,-0.73539,0,-0,0.67765,-0,0,-0.31416
0,0,0.75,0,0,0,-0.73326,0,-0,0.67995,-0,0,-0.31416
0,0,0.75,0,0,0,-0.73112,0,-0,0.68225,-0,0,-0.31416
0,0,0.75,0,0,0,-0.72897,0,-0,0.68455,-0,0,-0.31416
0,0,0.75,0,0,0,-0.72681,0,-0,0.68683,-0,0,-0.31416
0,0,0.75,0,0,0,-0.72465,0,-0,0.68911,-0,0,-0.31416
0,0,0.75,0,0,0,-0.72248,0,-0,0.69139,-0,0,-0.31416
0,0,0.75,0,0,0,-0.72031,0,-0,0.69365,-0,0,-0.31416
0,0,0.75,0,0,0,-0.71813,0,-0,0.69591,-0,0,-0.31416
0,0,0.75,0,0,0,-0.71594,0,-0,0.69817,-0,0,-0.31416
0,0,0.75,0,0,0,-0.71374,0,-0,0.70041,-0,0,-0.31416
0,0,0.75,0,0,0,-0.71154,0,-0,0.70265,-0,0,-0.31416
0,0,0.75,0,0,0,-0.70932,0,-0,0.70488,-0,0,-0.31416
0,0,0.75,0,0,0,-0.70711,0,-0,0.70711,-0,0,-0.31416
0,0,0.75,0,0,0,-0.70488,0,-0,0.70932,-0,0,-0.31416
0,0,0.75,0,0,0,-0.70265,0,-0,0.71154,-0,0,-0.31416
0,0,0.75,0,0,0,-0.70041,0,-0,0.71374,-0,0,-0.31416
0,0,0.75,0,0,0,-0.69817,0,-0,0.71594,-0,0,-0.31416
0,0,0.75,0,0,0,-0.69591,0,-0,0.71813,-0,0,-0.31416
0,0,0.75,0,0,0,-0.69365,0,-0,0.72031,-0,0,-0.31416
0,0,0.75,0,0,0,-0.69139,0,-0,0.72248,-0,0,-0.31416
0,0,0.75,0,0,0,-0.68911,0,-0,0.72465,-0,0,-0.31416
0,0,0.75,0,0,0,-0.68683,0,-0,0.72681,-0,0,-0.31416
0,0,0.75,0,0,0,-0.68455,0,-0,0.72897,-0,0,-0.31416
0,0,0.75,0,0,0,-0.68225,0,-0,0.73112,-0,0,-0.31416
0,0,0.75,0,0,0,-0.67995,0,-0,0.73326,-0,0,-0.31416
0,0,0.75,0,0,0,-0.67765,0,-0,0.73539,-0,0,-0.31416
0,0,0.75,0,0,0,-0.67533,0,-0,0.73751,-0,0,-0.31416
0,0,0.75,0,0,0,-0.67301,0,-0,0.73963,-0,0,-0.31416
0,0,0.75,0,0,0,-0.67069,0,-0,0.74174,-0,0,-0.31416
0,0,0.75,0,0,0,-0.66835,0,-0,0.74385,-0,0,-0.31416
0,0,0.75,0,0,0,-0.66601,0,-0,0.74594,-0,0,-0.31416
0,0,0.75,0,0,0,-0.66367,0,-0,0.74803,-0,0,-0.31416
0,0,0.75,0,0,0,-0.66131,0,-0,0.75011,-0,0,-0.31416
0,0,0.75,0,0,0,-0.65895,0,-0,0.75218,-0,0,-0.31416
0,0,0.75,0,0,0,-0.65659,0,-0,0.75425,-0,0,-0.31416
0,0,0.75,0,0,0,-0.65421,0,-0,0.75631,-0,0,-0.31416
0,0,0.75,0,0,0,-0.65183,0,-0,0.75836,-0,0,-0.31416
0,0,0.75,0,0,0,-0.64945,0,-0,0.76041,-0,0,-0.31416
0,0,0.75,0,0,0,-0.64706,0,-0,0.76244,-0,0,-0.31416
0,0,0.75,0,0,0,-0.64466,0,-0,0.76447,-0,0,-0.31416
0,0,0.75,0,0,0,-0.64225,0,-0,0.76649,-0,0,-0.31416
0,0,0.75,0,0,0,-0.63984,0,-0,0.76851,-0,0,-0.31416
0,0,0.75,0,0,0,-0.63742,0,-0,0.77051,-0,0,-0.31416
0,0,0.75,0,0,0,-0.635,0,-0,0.77251,-0,0,-0.31416
0,0,0.75,0,0,0,-0.63257,0,-0,0.7745,-0,0,-0.31416
0,0,0.75,0,0,0,-0.63013,0,-0,0.77649,-0,0,-0.31416
0,0,0.75,0,0,0,-0.62769,0,-0,0.77846,-0,0,-0.31416
0,0,0.75,0,0,0,-0.62524,0,-0,0.78043,-0,0,-0.31416
0,0,0.75,0,0,0,-0.62279,0,-0,0.78239,-0,0,-0.31416
0,0,0.75,0,0,0,-0.62033,0,-0,0.78434,-0,0,-0.31416
0,0,0.75,0,0,0,-0.61786,0,-0,0.78629,-0,0,-0.31416
0,0,0.75,0,0,0,-0.61539,0,-0,0.78823,-0,0,-0.31416
0,0,0.75,0,0,0,-0.61291,0,-0,0.79016,-0,0,-0.31416
0,0,0.75,0,0,0,-0.61042,0,-0,0.79208,-0,0,-0.31416
0,0,0.75,0,0,0,-0.60793,0,-0,0.79399,-0,0,-0.31416
0,0,0.75,0,0,0,-0.60543,0,-0,0.7959,-0,0,-0.31416
0,0,0.75,0,0,0,-0.60293,0,-0,0.79779,-0,0,-0.31416
0,0,0.75,0,0,0,-0.60042,0,-0,0.79968,-0,0,-0.31416
0,0,0.75,0,0,0,-0.5979,0,-0,0.80157,-0,0,-0.31416
0,0,0.75,0,0,0,-0.59538,0,-0,0.80344,-0,0,-0.31416
0,0,0.75,0,0,0,-0.59286,0,-0,0.80531,-0,0,-0.31416
0,0,0.75,0,0,0,-0.59032,0,-0,0.80717,-0,0,-0.31416
0,0,0.75,0,0,0,-0.58779,0,-0,0.80902,-0,0,-0.31416
0,0,0.75,0,0,0,-0.58524,0,-0,0.81086,-0,0,-0.31416
0,0,0.75,0,0,0,-0.58269,0,-0,0.81269,-0,0,-0.31416
0,0,0.75,0,0,0,-0.58013,0,-0,0.81452,-0,0,-0.31416
0,0,0.75,0,0,0,-0.57757,0,-0,0.81634,-0,0,-0.31416
0,0,0.75,0,0,0,-0.57501,0,-0,0.81815,-0,0,-0.31416
0,0,0.75,0,0,0,-0.57243,0,-0,0.81995,-0,0,-0.31416
0,0,0.75,0,0,0,-0.56985,0,-0,0.82175,-0,0,-0.31416
0,0,0.75,0,0,0,-0.56727,0,-0,0.82353,-0,0,-0.31416
0,0,0.75,0,0,0,-0.56468,0,-0,0.82531,-0,0,-0.31416
0,0,0.75,0,0,0,-0.56208,0,-0,0.82708,-0,0,-0.31416
0,0,0.75,0,0,0,-0.55948,0,-0,0.82884,-0,0,-0.31416
0,0,0.75,0,0,0,-0.55688,0,-0,0.8306,-0,0,-0.31416
0,0,0.75,0,0,0,-0.55426,0,-0,0.83234,-0,0,-0.31416
0,0,0.75,0,0,0,-0.55165,0,-0,0.83408,-0,0,-0.31416
0,0,0.75,0,0,0,-0.54902,0,-0,0.83581,-0,0,-0.31416
0,0,0.75,0,0,0,-0.54639,0,-0,0.83753,-0,0,-0.31416
0,0,0.75,0,0,0,-0.54376,0,-0,0.83924,-0,0,-0.31416
0,0,0.75,0,0,0,-0.54112,0,-0,0.84094,-0,0,-0.31416
0,0,0.75,0,0,0,-0.53848,0,-0,0.84264,-0,0,-0.31416
0,0,0.75,0,0,0,-0.53583,0,-0,0.84433,-0,0,-0.31416
0,0,0.75,0,0,0,-0.53317,0,-0,0.84601,-0,0,-0.31416
0,0,0.75,0,0,0,-0.53051,0,-0,0.84768,-0,0,-0.31416
0,0,0.75,0,0,0,-0.52785,0,-0,0.84934,-0,0,-0.31416
0,0,0.75,0,0,0,-0.52517,0,-0,0.85099,-0,0,-0.31416
0,0,0.75,0,0,0,-0.5225,0,-0,0.85264,-0,0,-0.31416
0,0,0.75,0,0,0,-0.51982,0,-0,0.85428,-0,0,-0.31416
0,0,0.75,0,0,0,-0.51713,0,-0,0.85591,-0,0,-0.31416
0,0,0.75,0,0,0,-0.51444,0,-0,0.85753,-0,0,-0.31416
0,0,0.75,0,0,0,-0.51174,0,-0,0.85914,-0,0,-0.31416
0,0,0.75,0,0,0,-0.50904,0,-0,0.86074,-0,0,-0.31416
0,0,0.75,0,0,0,-0.50633,0,-0,0.86234,-0,0,-0.31416
0,0,0.75,0,0,0,-0.50362,0,-0,0.86392,-0,0,-0.31416
0,0,0.75,0,0,0,-0.50091,0,-0,0.8655,-0,0,-0.31416
0,0,0.75,0,0,0,-0.49819,0,-0,0.86707,-0,0,-0.31416
0,0,0.75,0,0,0,-0.49546,0,-0,0.86863,-0,0,-0.31416
0,0,0.75,0,0,0,-0.49273,0,-0,0.87018,-0,0,-0.31416
0,0,0.75,0,0,0,-0.48999,0,-0,0.87173,-0,0,-0.31416
0,0,0.75,0,0,0,-0.48725,0,-0,0.87326,-0,0,-0.31416
0,0,0.75,0,0,0,-0.4845,0,-0,0.87479,-0,0,-0.31416
0,0,0.75,0,0,0,-0.48175,0,-0,0.87631,-0,0,-0.31416
0,0,0.75,0,0,0,-0.479,0,-0,0.87782,-0,0,-0.31416
0,0,0.75,0,0,0,-0.47624,0,-0,0.87932,-0,0,-0.31416
0,0,0.75,0,0,0,-0.47347,0,-0,0.88081,-0,0,-0.31416
0,0,0.75,0,0,0,-0.4707,0,-0,0.88229,-0,0,-0.31416
0,0,0.75,0,0,0,-0.46793,0,-0,0.88377,-0,0,-0.31416
0,0,0.75,0,0,0,-0.46515,0,-0,0.88523,-0,0,-0.31416
0,0,0.75,0,0,0,-0.46237,0,-0,0.88669,-0,0,-0.31416
0,0,0.75,0,0,0,-0.45958,0,-0,0.88814,-0,0,-0.31416
0,0,0.75,0,0,0,-0.45679,0,-0,0.88958,-0,0,-0.31416
0,0,0.75,0,0,0,-0.45399,0,-0,0.89101,-0,0,-0.31416
0,0,0.75,0,0,0,-0.45119,0,-0,0.89243,-0,0,-0.31416
0,0,0.75,0,0,0,-0.44838,0,-0,0.89384,-0,0,-0.31416
0,0,0.75,0,0,0,-0.44557,0,-0,0.89525,-0,0,-0.31416
0,0,0.75,0,0,0,-0.44276,0,-0,0.89664,-0,0,-0.31416
0,0,0.75,0,0,0,-0.43994,0,-0,0.89803,-0,0,-0.31416
0,0,0.75,0,0,0,-0.43712,0,-0,0.89941,-0,0,-0.31416
0,0,0.75,0,0,0,-0.43429,0,-0,0.90077,-0,0,-0.31416
0,0,0.75,0,0,0,-0.43146,0,-0,0.90213,-0,0,-0.31416
0,0,0.75,0,0,0,-0.42862,0,-0,0.90348,-0,0,-0.31416
0,0,0.75,0,0,0,-0.42578,0,-0,0.90483,-0,0,-0.31416
0,0,0.75,0,0,0,-0.42293,0,-0,0.90616,-0,0,-0.31416
0,0,0.75,0,0,0,-0.42009,0,-0,0.90748,-0,0,-0.31416
0,0,0.75,0,0,0,-0.41723,0,-0,0.9088,-0,0,-0.31416
0,0,0.75,0,0,0,-0.41438,0,-0,0.91011,-0,0,-0.31416
0,0,0.75,0,0,0,-0.41151,0,-0,0.9114,-0,0,-0.31416
0,0,0.75,0,0,0,-0.40865,0,-0,0.91269,-0,0,-0.31416
0,0,0.75,0,0,0,-0.40578,0,-0,0.91397,-0,0,-0.31416
0,0,0.75,0,0,0,-0.40291,0,-0,0.91524,-0,0,-0.31416
0,0,0.75,0,0,0,-0.40003,0,-0,0.9165,-0,0,-0.31416
0,0,0.75,0,0,0,-0.39715,0,-0,0.91775,-0,0,-0.31416
0,0,0.75,0,0,0,-0.39426,0,-0,0.919,-0,0,-0.31416
0,0,0.75,0,0,0,-0.39137,0,-0,0.92023,-0,0,-0.31416
0,0,0.75,0,0,0,-0.38848,0,-0,0.92146,-0,0,-0.31416
0,0,0.75,0,0,0,-0.38558,0,-0,0.92267,-0,0,-0.31416
0,0,0.75,0,0,0,-0.38268,0,-0,0.92388,-0,0,-0.31416
0,0,0.75,0,0,0,-0.37978,0,-0,0.92508,-0,0,-0.31416
0,0,0.75,0,0,0,-0.37687,0,-0,0.92627,-0,0,-0.31416
0,0,0.75,0,0,0,-0.37396,0,-0,0.92745,-0,0,-0.31416
0,0,0.75,0,0,0,-0.37104,0,-0,0.92862,-0,0,-0.31416
0,0,0.75,0,0,0,-0.36812,0,-0,0.92978,-0,0,-0.31416
0,0,0.75,0,0,0,-0.3652,0,-0,0.93093,-0,0,-0.31416
0,0,0.75,0,0,0,-0.36228,0,-0,0.93207,-0,0,-0.31416
0,0,0.75,0,0,0,-0.35935,0,-0,0.9332,-0,0,-0.31416
0,0,0.75,0,0,0,-0.35641,0,-0,0.93433,-0,0,-0.31416
0,0,0.75,0,0,0,-0.35347,0,-0,0.93544,-0,0,-0.31416
0,0,0.75,0,0,0,-0.35053,0,-0,0.93655,-0,0,-0.31416
0,0,0.75,0,0,0,-0.34759,0,-0,0.93765,-0,0,-0.31416
0,0,0.75,0,0,0,-0.34464,0,-0,0.93873,-0,0,-0.31416
0,0,0.75,0,0,0,-0.34169,0,-0,0.93981,-0,0,-0.31416
0,0,0.75,0,0,0,-0.33874,0,-0,0.94088,-0,0,-0.31416
0,0,0.75,0,0,0,-0.33578,0,-0,0.94194,-0,0,-0.31416
0,0,0.75,0,0,0,-0.33282,0,-0,0.94299,-0,0,-0.31416
0,0,0.75,0,0,0,-0.32986,0,-0,0.94403,-0,0,-0.31416
0,0,0.75,0,0,0,-0.32689,0,-0,0.94506,-0,0,-0.31416
0,0,0.75,0,0,0,-0.32392,0,-0,0.94609,-0,0,-0.31416
0,0,0.75,0,0,0,-0.32094,0,-0,0.9471,-0,0,-0.31416
0,0,0.75,0,0,0,-0.31797,0,-0,0.9481,-0,0,-0.31416
0,0,0.75,0,0,0,-0.31499,0,-0,0.9491,-0,0,-0.31416
0,0,0.75,0,0,0,-0.312,0,-0,0.95008,-0,0,-0.31416
0,0,0.75,0,0,0,-0.30902,0,-0,0.95106,-0,0,-0.31416
0,0,0.75,0,0,0,-0.30603,0,-0,0.95202,-0,0,-0.31416
0,0,0.75,0,0,0,-0.30304,0,-0,0.95298,-0,0,-0.31416
0,0,0.75,0,0,0,-0.30004,0,-0,0.95393,-0,0,-0.31416
0,0,0.75,0,0,0,-0.29704,0,-0,0.95486,-0,0,-0.31416
0,0,0.75,0,0,0,-0.29404,0,-0,0.95579,-0,0,-0.31416
0,0,0.75,0,0,0,-0.29104,0,-0,0.95671,-0,0,-0.31416
0,0,0.75,0,0,0,-0.28803,0,-0,0.95762,-0,0,-0.31416
0,0,0.75,0,0,0,-0.28502,0,-0,0.95852,-0,0,-0.31416
0,0,0.75,0,0,0,-0.28201,0,-0,0.95941,-0,0,-0.31416
0,0,0.75,0,0,0,-0.27899,0,-0,0.96029,-0,0,-0.31416
0,0,0.75,0,0,0,-0.27597,0,-0,0.96117,-0,0,-0.31416
0,0,0.75,0,0,0,-0.27295,0,-0,0.96203,-0,0,-0.31416
0,0,0.75,0,0,0,-0.26993,0,-0,0.96288,-0,0,-0.31416
0,0,0.75,0,0,0,-0.2669,0,-0,0.96372,-0,0,-0.31416
0,0,0.75,0,0,0,-0.26387,0,-0,0.96456,-0,0,-0.31416
0,0,0.75,0,0,0,-0.26084,0,-0,0.96538,-0,0,-0.31416
0,0,0.75,0,0,0,-0.25781,0,-0,0.9662,-0,0,-0.31416
0,0,0.75,0,0,0,-0.25477,0,-0,0.967,-0,0,-0.31416
0,0,0.75,0,0,0,-0.25173,0,-0,0.9678,-0,0,-0.31416
0,0,0.75,0,0,0,-0.24869,0,-0,0.96858,-0,0,-0.31416
0,0,0.75,0,0,0,-0.24565,0,-0,0.96936,-0,0,-0.31416
0,0,0.75,0,0,0,-0.2426,0,-0,0.97013,-0,0,-0.31416
0,0,0.75,0,0,0,-0.23955,0,-0,0.97088,-0,0,-0.31416
0,0,0.75,0,0,0,-0.2365,0,-0,0.97163,-0,0,-0.31416
0,0,0.75,0,0,0,-0.23345,0,-0,0.97237,-0,0,-0.31416
0,0,0.75,0,0,0,-0.23039,0,-0,0.9731,-0,0,-0.31416
0,0,0.75,0,0,0,-0.22733,0,-0,0.97382,-0,0,-0.31416
0,0,0.75,0,0,0,-0.22427,0,-0,0.97453,-0,0,-0.31416
0,0,0.75,0,0,0,-0.22121,0,-0,0.97523,-0,0,-0.31416
0,0,0.75,0,0,0,-0.21814,0,-0,0.97592,-0,0,-0.31416
0,0,0.75,0,0,0,-0.21508,0,-0,0.9766,-0,0,-0.31416
0,0,0.75,0,0,0,-0.21201,0,-0,0.97727,-0,0,-0.31416
0,0,0.75,0,0,0,-0.20894,0,-0,0.97793,-0,0,-0.31416
0,0,0.75,0,0,0,-0.20586,0,-0,0.97858,-0,0,-0.31416
0,0,0.75,0,0,0,-0.20279,0,-0,0.97922,-0,0,-0.31416
0,0,0.75,0,0,0,-0.19971,0,-0,0.97986,-0,0,-0.31416
0,0,0.75,0,0,0,-0.19663,0,-0,0.98048,-0,0,-0.31416
0,0,0.75,0,0,0,-0.19355,0,-0,0.98109,-0,0,-0.31416
0,0,0.75,0,0,0,-0.19047,0,-0,0.98169,-0,0,-0.31416
0,0,0.75,0,0,0,-0.18738,0,-0,0.98229,-0,0,-0.31416
0,0,0.75,0,0,0,-0.18429,0,-0,0.98287,-0,0,-0.31416
0,0,0.75,0,0,0,-0.18121,0,-0,0.98345,-0,0,-0.31416
0,0,0.75,0,0,0,-0.17812,0,-0,0.98401,-0,0,-0.31416
0,0,0.75,0,0,0,-0.17502,0,-0,0.98456,-0,0,-0.31416
0,0,0.75,0,0,0,-0.17193,0,-0,0.98511,-0,0,-0.31416
0,0,0.75,0,0,0,-0.16883,0,-0,0.98564,-0,0,-0.31416
0,0,0.75,0,0,0,-0.16574,0,-0,0.98617,-0,0,-0.31416
0,0,0.75,0,0,0,-0.16264,0,-0,0.98669,-0,0,-0.31416
0,0,0.75,0,0,0,-0.15954,0,-0,0.98719,-0,0,-0.31416
0,0,0.75,0,0,0,-0.15643,0,-0,0.98769,-0,0,-0.31416
0,0,0.75,0,0,0,-0.15333,0,-0,0.98817,-0,0,-0.31416
0,0,0.75,0,0,0,-0.15023,0,-0,0.98865,-0,0,-0.31416
0,0,0.75,0,0,0,-0.14712,0,-0,0.98912,-0,0,-0.31416
0,0,0.75,0,0,0,-0.14401,0,-0,0.98958,-0,0,-0.31416
0,0,0.75,0,0,0,-0.1409,0,-0,0.99002,-0,0,-0.31416
0,0,0.75,0,0,0,-0.13779,0,-0,0.99046,-0,0,-0.31416
0,0,0.75,0,0,0,-0.13468,0,-0,0.99089,-0,0,-0.31416
0,0,0.75,0,0,0,-0.13156,0,-0,0.99131,-0,0,-0.31416
0,0,0.75,0,0,0,-0.12845,0,-0,0.99172,-0,0,-0.31416
0,0,0.75,0,0,0,-0.12533,0,-0,0.99211,-0,0,-0.31416
0,0,0.75,0,0,0,-0.12222,0,-0,0.9925,-0,0,-0.31416
0,0,0.75,0,0,0,-0.1191,0,-0,0.99288,-0,0,-0.31416
0,0,0.75,0,0,0,-0.11598,0,-0,0.99325,-0,0,-0.31416
0,0,0.75,0,0,0,-0.11286,0,-0,0.99361,-0,0,-0.31416
0,0,0.75,0,0,0,-0.10973,0,-0,0.99396,-0,0,-0.31416
0,0,0.75,0,0,0,-0.10661,0,-0,0.9943,-0,0,-0.31416
0,0,0.75,0,0,0,-0.10349,0,-0,0.99463,-0,0,-0.31416
0,0,0.75,0,0,0,-0.10036,0,-0,0.99495,-0,0,-0.31416
0,0,0.75,0,0,0,-0.097235,0,-0,0.99526,-0,0,-0.31416
0,0,0.75,0,0,0,-0.094108,0,-0,0.99556,-0,0,-0.31416
0,0,0.75,0,0,0,-0.09098,0,-0,0.99585,-0,0,-0.31416
0,0,0.75,0,0,0,-0.087851,0,-0,0.99613,-0,0,-0.31416
0,0,0.75,0,0,0,-0.084721,0,-0,0.9964,-0,0,-0.31416
0,0,0.75,0,0,0,-0.081591,0,-0,0.99667,-0,0,-0.31416
0,0,0.75,0,0,0,-0.078459,0,-0,0.99692,-0,0,-0.31416
0,0,0.75,0,0,0,-0.075327,0,-0,0.99716,-0,0,-0.31416
0,0,0.75,0,0,0,-0.072194,0,-0,0.99739,-0,0,-0.31416
0,0,0.75,0,0,0,-0.06906,0,-0,0.99761,-0,0,-0.31416
0,0,0.75,0,0,0,-0.065926,0,-0,0.99782,-0,0,-0.31416
0,0,0.75,0,0,0,-0.062791,0,-0,0.99803,-0,0,-0.31416
0,0,0.75,0,0,0,-0.059655,0,-0,0.99822,-0,0,-0.31416
0,0,0.75,0,0,0,-0.056519,0,-0,0.9984,-0,0,-0.31416
0,0,0.75,0,0,0,-0.053382,0,-0,0.99857,-0,0,-0.31416
0,0,0.75,0,0,0,-0.050244,0,-0,0.99874,-0,0,-0.31416
0,0,0.75,0,0,0,-0.047106,0,-0,0.99889,-0,0,-0.31416
0,0,0.75,0,0,0,-0.043968,0,-0,0.99903,-0,0,-0.31416
0,0,0.75,0,0,0,-0.040829,0,-0,0.99917,-0,0,-0.31416
0,0,0.75,0,0,0,-0.03769,0,-0,0.99929,-0,0,-0.31416
0,0,0.75,0,0,0,-0.034551,0,-0,0.9994,-0,0,-0.31416
0,0,0.75,0,0,0,-0.031411,0,-0,0.99951,-0,0,-0.31416
0,0,0.75,0,0,0,-0.028271,0,-0,0.9996,-0,0,-0.31416
0,0,0.75,0,0,0,-0.02513,0,-0,0.99968,-0,0,-0.31416
0,0,0.75,0,0,0,-0.021989,0,-0,0.99976,-0,0,-0.31416
0,0,0.75,0,0,0,-0.018848,0,-0,0.99982,-0,0,-0.31416
0,0,0.75,0,0,0,-0.015707,0,-0,0.99988,-0,0,-0.31416
0,0,0.75,0,0,0,-0.012566,0,-0,0.99992,-0,0,-0.31416
0,0,0.75,0,0,0,-0.0094246,0,-0,0.99996,-0,0,-0.31416
0,0,0.75,0,0,0,-0.0062831,0,-0,0.99998,-0,0,-0.31416
0,0,0.75,0,0,0,-0.0031416,0,-0,1,-0,0,-0.31416
0,0,0.75,0,0,0,6.1232e-17,0,0,1,-0,0,-0.31416
0,0,0.75,0,0,0,0.0031416,0,0,1,0,0,-0.31416
0,0,0.75,0,0,0,0.0062831,0,0,0.99998,0,0,-0.31416
0,0,0.75,0,0,0,0.0094246,0,0,0.99996,0,0,-0.31416
0,0,0.75,0,0,0,0.012566,0,0,0.99992,0,0,-0.31416
0,0,0.75,0,0,0,0.015707,0,0,0.99988,0,0,-0.31416
0,0,0.75,0,0,0,0.018848,0,0,0.99982,0,0,-0.31416
0,0,0.75,0,0,0,0.021989,0,0,0.99976,0,0,-0.31416
0,0,0.75,0,0,0,0.02513,0,0,0.99968,0,0,-0.31416
0,0,0.75,0,0,0,0.028271,0,0,0.9996,0,0,-0.31416
0,0,0.75,0,0,0,0.031411,0,0,0.99951,0,0,-0.31416
0,0,0.75,0,0,0,0.034551,0,0,0.9994,0,0,-0.31416
0,0,0.75,0,0,0,0.03769,0,0,0.99929,0,0,-0.31416
0,0,0.75,0,0,0,0.040829,0,0,0.99917,0,0,-0.31416
0,0,0.75,0,0,0,0.043968,0,0,0.99903,0,0,-0.31416
0,0,0.75,0,0,0,0.047106,0,0,0.99889,0,0,-0.31416
0,0,0.75,0,0,0,0.050244,0,0,0.99874,0,0,-0.31416
0,0,0.75,0,0,0,0.053382,0,0,0.99857,0,0,-0.31416
0,0,0.75,0,0,0,0.056519,0,0,0.9984,0,0,-0.31416
0,0,0.75,0,0,0,0.059655,0,0,0.99822,0,0,-0.31416
0,0,0.75,0,0,0,0.062791,0,0,0.99803,0,0,-0.31416
0,0,0.75,0,0,0,0.065926,0,0,0.99782,0,0,-0.31416
0,0,0.75,0,0,0,0.06906,0,0,0.99761,0,0,-0.31416
0,0,0.75,0,0,0,0.072194,0,0,0.99739,0,0,-0.31416
0,0,0.75,0,0,0,0.075327,0,0,0.99716,0,0,-0.31416
0,0,0.75,0,0,0,0.078459,0,0,0.99692,0,0,-0.31416
0,0,0.75,0,0,0,0.081591,0,0,0.99667,0,0,-0.31416
0,0,0.75,0,0,0,0.084721,0,0,0.9964,0,0,-0.31416
0,0,0.75,0,0,0,0.087851,0,0,0.99613,0,0,-0.31416
0,0,0.75,0,0,0,0.09098,0,0,0.99585,0,0,-0.31416
0,0,0.75,0,0,0,0.094108,0,0,0.99556,0,0,-0.31416
0,0,0.75,0,0,0,0.097235,0,0,0.99526,0,0,-0.31416
0,0,0.75,0,0,0,0.10036,0,0,0.99495,0,0,-0.31416
0,0,0.75,0,0,0,0.10349,0,0,0.99463,0,0,-0.31416
0,0,0.75,0,0,0,0.10661,0,0,0.9943,0,0,-0.31416
0,0,0.75,0,0,0,0.10973,0,0,0.99396,0,0,-0.31416
0,0,0.75,0,0,0,0.11286,0,0,0.99361,0,0,-0.31416
0,0,0.75,0,0,0,0.11598,0,0,0.99325,0,0,-0.31416
0,0,0.75,0,0,0,0.1191,0,0,0.99288,0,0,-0.31416
0,0,0.75,0,0,0,0.12222,0,0,0.9925,0,0,-0.31416
0,0,0.75,0,0,0,0.12533,0,0,0.99211,0,0,-0.31416
0,0,0.75,0,0,0,0.12845,0,0,0.99172,0,0,-0.31416
0,0,0.75,0,0,0,0.13156,0,0,0.99131,0,0,-0.31416
0,0,0.75,0,0,0,0.13468,0,0,0.99089,0,0,-0.31416
0,0,0.75,0,0,0,0.13779,0,0,0.99046,0,0,-0.31416
0,0,0.75,0,0,0,0.1409,0,0,0.99002,0,0,-0.31416
0,0,0.75,0,0,0,0.14401,0,0,0.98958,0,0,-0.31416
0,0,0.75,0,0,0,0.14712,0,0,0.98912,0,0,-0.31416
0,0,0.75,0,0,0,0.15023,0,0,0.98865,0,0,-0.31416
0,0,0.75,0,0,0,0.15333,0,0,0.98817,0,0,-0.31416
0,0,0.75,0,0,0,0.15643,0,0,0.98769,0,0,-0.31416
0,0,0.75,0,0,0,0.15954,0,0,0.98719,0,0,-0.31416
0,0,0.75,0,0,0,0.16264,0,0,0.98669,0,0,-0.31416
0,0,0.75,0,0,0,0.16574,0,0,0.98617,0,0,-0.31416
0,0,0.75,0,0,0,0.16883,0,0,0.98564,0,0,-0.31416
0,0,0.75,0,0,0,0.17193,0,0,0.98511,0,0,-0.31416
0,0,0.75,0,0,0,0.17502,0,0,0.98456,0,0,-0.31416
0,0,0.75,0,0,0,0.17812,0,0,0.98401,0,0,-0.31416
0,0,0.75,0,0,0,0.18121,0,0,0.98345,0,0,-0.31416
0,0,0.75,0,0,0,0.18429,0,0,0.98287,0,0,-0.31416
0,0,0.75,0,0,0,0.18738,0,0,0.98229,0,0,-0.31416
0,0,0.75,0,0,0,0.19047,0,0,0.98169,0,0,-0.31416
0,0,0.75,0,0,0,0.19355,0,0,0.98109,0,0,-0.31416
0,0,0.75,0,0,0,0.19663,0,0,0.98048,0,0,-0.31416
0,0,0.75,0,0,0,0.19971,0,0,0.97986,0,0,-0.31416
0,0,0.75,0,0,0,0.20279,0,0,0.97922,0,0,-0.31416
0,0,0.75,0,0,0,0.20586,0,0,0.97858,0,0,-0.31416
0,0,0.75,0,0,0,0.20894,0,0,0.97793,0,0,-0.31416
0,0,0.75,0,0,0,0.21201,0,0,0.97727,0,0,-0.31416
0,0,0.75,0,0,0,0.21508,0,0,0.9766,0,0,-0.31416
0,0,0.75,0,0,0,0.21814,0,0,0.97592,0,0,-0.31416
0,0,0.75,0,0,0,0.22121,0,0,0.97523,0,0,-0.31416
0,0,0.75,0,0,0,0.22427,0,0,0.97453,0,0,-0.31416
0,0,0.75,0,0,0,0.22733,0,0,0.97382,0,0,-0.31416
0,0,0.75,0,0,0,0.23039,0,0,0.9731,0,0,-0.31416
0,0,0.75,0,0,0,0.23345,0,0,0.97237,0,0,-0.31416
0,0,0.75,0,0,0,0.2365,0,0,0.97163,0,0,-0.31416
0,0,0.75,0,0,0,0.23955,0,0,0.97088,0,0,-0.31416
0,0,0.75,0,0,0,0.2426,0,0,0.97013,0,0,-0.31416
0,0,0.75,0,0,0,0.24565,0,0,0.96936,0,0,-0.31416
0,0,0.75,0,0,0,0.24869,0,0,0.96858,0,0,-0.31416
0,0,0.75,0,0,0,0.25173,0,0,0.9678,0,0,-0.31416
0,0,0.75,0,0,0,0.25477,0,0,0.967,0,0,-0.31416
0,0,0.75,0,0,0,0.25781,0,0,0.9662,0,0,-0.31416
0,0,0.75,0,0,0,0.26084,0,0,0.96538,0,0,-0.31416
0,0,0.75,0,0,0,0.26387,0,0,0.96456,0,0,-0.31416
0,0,0.75,0,0,0,0.2669,0,0,0.96372,0,0,-0.31416
0,0,0.75,0,0,0,0.26993,0,0,0.96288,0,0,-0.31416
0,0,0.75,0,0,0,0.27295,0,0,0.96203,0,0,-0.31416
0,0,0.75,0,0,0,0.27597,0,0,0.96117,0,0,-0.31416
0,0,0.75,0,0,0,0.27899,0,0,0.96029,0,0,-0.31416
0,0,0.75,0,0,0,0.28201,0,0,0.95941,0,0,-0.31416
0,0,0.75,0,0,0,0.28502,0,0,0.95852,0,0,-0.31416
0,0,0.75,0,0,0,0.28803,0,0,0.95762,0,0,-0.31416
0,0,0.75,0,0,0,0.29104,0,0,0.95671,0,0,-0.31416
0,0,0.75,0,0,0,0.29404,0,0,0.95579,0,0,-0.31416
0,0,0.75,0,0,0,0.29704,0,0,0.95486,0,0,-0.31416
0,0,0.75,0,0,0,0.30004,0,0,0.95393,0,0,-0.31416
0,0,0.75,0,0,0,0.30304,0,0,0.95298,0,0,-0.31416
0,0,0.75,0,0,0,0.30603,0,0,0.95202,0,0,-0.31416
0,0,0.75,0,0,0,0.30902,0,0,0.95106,0,0,-0.31416
0,0,0.75,0,0,0,0.312,0,0,0.95008,0,0,-0.31416
0,0,0.75,0,0,0,0.31499,0,0,0.9491,0,0,-0.31416
0,0,0.75,0,0,0,0.31797,0,0,0.9481,0,0,-0.31416
0,0,0.75,0,0,0,0.32094,0,0,0.9471,0,0,-0.31416
0,0,0.75,0,0,0,0.32392,0,0,0.94609,0,0,-0.31416
0,0,0.75,0,0,0,0.32689,0,0,0.94506,0,0,-0.31416
0,0,0.75,0,0,0,0.32986,0,0,0.94403,0,0,-0.31416
0,0,0.75,0,0,0,0.33282,0,0,0.94299,0,0,-0.31416
0,0,0.75,0,0,0,0.33578,0,0,0.94194,0,0,-0.31416
0,0,0.75,0,0,0,0.33874,0,0,0.94088,0,0,-0.31416
0,0,0.75,0,0,0,0.34169,0,0,0.93981,0,0,-0.31416
0,0,0.75,0,0,0,0.34464,0,0,0.93873,0,0,-0.31416
0,0,0.75,0,0,0,0.34759,0,0,0.93765,0,0,-0.31416
0,0,0.75,0,0,0,0.35053,0,0,0.93655,0,0,-0.31416
0,0,0.75,0,0,0,0.35347,0,0,0.93544,0,0,-0.31416
0,0,0.75,0,0,0,0.35641,0,0,0.93433,0,0,-0.31416
0,0,0.75,0,0,0,0.35935,0,0,0.9332,0,0,-0.31416
0,0,0.75,0,0,0,0.36228,0,0,0.93207,0,0,-0.31416
0,0,0.75,0,0,0,0.3652,0,0,0.93093,0,0,-0.31416
0,0,0.75,0,0,0,0.36812,0,0,0.92978,0,0,-0.31416
0,0,0.75,0,0,0,0.37104,0,0,0.92862,0,0,-0.31416
0,0,0.75,0,0,0,0.37396,0,0,0.92745,0,0,-0.31416
0,0,0.75,0,0,0,0.37687,0,0,0.92627,0,0,-0.31416
0,0,0.75,0,0,0,0.37978,0,0,0.92508,0,0,-0.31416
0,0,0.75,0,0,0,0.38268,0,0,0.92388,0,0,-0.31416
0,0,0.75,0,0,0,0.38558,0,0,0.92267,0,0,-0.31416
0,0,0.75,0,0,0,0.38848,0,0,0.92146,0,0,-0.31416
0,0,0.75,0,0,0,0.39137,0,0,0.92023,0,0,-0.31416
0,0,0.75,0,0,0,0.39426,0,0,0.919,0,0,-0.31416
0,0,0.75,0,0,0,0.39715,0,0,0.91775,0,0,-0.31416
0,0,0.75,0,0,0,0.40003,0,0,0.9165,0,0,-0.31416
0,0,0.75,0,0,0,0.40291,0,0,0.91524,0,0,-0.31416
0,0,0.75,0,0,0,0.40578,0,0,0.91397,0,0,-0.31416
0,0,0.75,0,0,0,0.40865,0,0,0.91269,0,0,-0.31416
0,0,0.75,0,0,0,0.41151,0,0,0.9114,0,0,-0.31416
0,0,0.75,0,0,0,0.41438,0,0,0.91011,0,0,-0.31416
0,0,0.75,0,0,0,0.41723,0,0,0.9088,0,0,-0.31416
0,0,0.75,0,0,0,0.42009,0,0,0.90748,0,0,-0.31416
0,0,0.75,0,0,0,0.42293,0,0,0.90616,0,0,-0.31416
0,0,0.75,0,0,0,0.42578,0,0,0.90483,0,0,-0.31416
0,0,0.75,0,0,0,0.42862,0,0,0.90348,0,0,-0.31416
0,0,0.75,0,0,0,0.43146,0,0,0.90213,0,0,-0.31416
0,0,0.75,0,0,0,0.43429,0,0,0.90077,0,0,-0.31416
0,0,0.75,0,0,0,0.43712,0,0,0.89941,0,0,-0.31416
0,0,0.75,0,0,0,0.43994,0,0,0.89803,0,0,-0.31416
0,0,0.75,0,0,0,0.44276,0,0,0.89664,0,0,-0.31416
0,0,0.75,0,0,0,0.44557,0,0,0.89525,0,0,-0.31416
0,0,0.75,0,0,0,0.44838,0,0,0.89384,0,0,-0.31416
0,0,0.75,0,0,0,0.45119,0,0,0.89243,0,0,-0.31416
0,0,0.75,0,0,0,0.45399,0,0,0.89101,0,0,-0.31416
0,0,0.75,0,0,0,0.45679,0,0,0.88958,0,0,-0.31416
0,0,0.75,0,0,0,0.45958,0,0,0.88814,0,0,-0.31416
0,0,0.75,0,0,0,0.46237,0,0,0.88669,0,0,-0.31416
0,0,0.75,0,0,0,0.46515,0,0,0.88523,0,0,-0.31416
0,0,0.75,0,0,0,0.46793,0,0,0.88377,0,0,-0.31416
0,0,0.75,0,0,0,0.4707,0,0,0.88229,0,0,-0.31416
0,0,0.75,0,0,0,0.47347,0,0,0.88081,0,0,-0.31416
0,0,0.75,0,0,0,0.47624,0,0,0.87932,0,0,-0.31416
0,0,0.75,0,0,0,0.479,0,0,0.87782,0,0,-0.31416
0,0,0.75,0,0,0,0.48175,0,0,0.87631,0,0,-0.31416
0,0,0.75,0,0,0,0.4845,0,0,0.87479,0,0,-0.31416
0,0,0.75,0,0,0,0.48725,0,0,0.87326,0,0,-0.31416
0,0,0.75,0,0,0,0.48999,0,0,0.87173,0,0,-0.31416
0,0,0.75,0,0,0,0.49273,0,0,0.87018,0,0,-0.31416
0,0,0.75,0,0,0,0.49546,0,0,0.86863,0,0,-0.31416
0,0,0.75,0,0,0,0.49819,0,0,0.86707,0,0,-0.31416
0,0,0.75,0,0,0,0.50091,0,0,0.8655,0,0,-0.31416
0,0,0.75,0,0,0,0.50362,0,0,0.86392,0,0,-0.31416
0,0,0.75,0,0,0,0.50633,0,0,0.86234,0,0,-0.31416
0,0,0.75,0,0,0,0.50904,0,0,0.86074,0,0,-0.31416
0,0,0.75,0,0,0,0.51174,0,0,0.85914,0,0,-0.31416
0,0,0.75,0,0,0,0.51444,0,0,0.85753,0,0,-0.31416
0,0,0.75,0,0,0,0.51713,0,0,0.85591,0,0,-0.31416
0,0,0.75,0,0,0,0.51982,0,0,0.85428,0,0,-0.31416
0,0,0.75,0,0,0,0.5225,0,0,0.85264,0,0,-0.31416
0,0,0.75,0,0,0,0.52517,0,0,0.85099,0,0,-0.31416
0,0,0.75,0,0,0,0.52785,0,0,0.84934,0,0,-0.31416
0,0,0.75,0,0,0,0.53051,0,0,0.84768,0,0,-0.31416
0,0,0.75,0,0,0,0.53317,0,0,0.84601,0,0,-0.31416
0,0,0.75,0,0,0,0.53583,0,0,0.84433,0,0,-0.31416
0,0,0.75,0,0,0,0.53848,0,0,0.84264,0,0,-0.31416
0,0,0.75,0,0,0,0.54112,0,0,0.84094,0,0,-0.31416
0,0,0.75,0,0,0,0.54376,0,0,0.83924,0,0,-0.31416
0,0,0.75,0,0,0,0.54639,0,0,0.83753,0,0,-0.31416
0,0,0.75,0,0,0,0.54902,0,0,0.83581,0,0,-0.31416
0,0,0.75,0,0,0,0.55165,0,0,0.83408,0,0,-0.31416
0,0,0.75,0,0,0,0.55426,0,0,0.83234,0,0,-0.31416
0,0,0.75,0,0,0,0.55688,0,0,0.8306,0,0,-0.31416
0,0,0.75,0,0,0,0.55948,0,0,0.82884,0,0,-0.31416
0,0,0.75,0,0,0,0.56208,0,0,0.82708,0,0,-0.31416
0,0,0.75,0,0,0,0.56468,0,0,0.82531,0,0,-0.31416
0,0,0.75,0,0,0,0.56727,0,0,0.82353,0,0,-0.31416
0,0,0.75,0,0,0,0.56985,0,0,0.82175,0,0,-0.31416
0,0,0.75,0,0,0,0.57243,0,0,0.81995,0,0,-0.31416
0,0,0.75,0,0,0,0.57501,0,0,0.81815,0,0,-0.31416
0,0,0.75,0,0,0,0.57757,0,0,0.81634,0,0,-0.31416
0,0,0.75,0,0,0,0.58013,0,0,0.81452,0,0,-0.31416
0,0,0.75,0,0,0,0.58269,0,0,0.81269,0,0,-0.31416
0,0,0.75,0,0,0,0.58524,0,0,0.81086,0,0,-0.31416
0,0,0.75,0,0,0,0.58779,0,0,0.80902,0,0,-0.31416
0,0,0.75,0,0,0,0.59032,0,0,0.80717,0,0,-0.31416
0,0,0.75,0,0,0,0.59286,0,0,0.80531,0,0,-0.31416
0,0,0.75,0,0,0,0.59538,0,0,0.80344,0,0,-0.31416
0,0,0.75,0,0,0,0.5979,0,0,0.80157,0,0,-0.31416
0,0,0.75,0,0,0,0.60042,0,0,0.79968,0,0,-0.31416
0,0,0.75,0,0,0,0.60293,0,0,0.79779,0,0,-0.31416
0,0,0.75,0,0,0,0.60543,0,0,0.7959,0,0,-0.31416
0,0,0.75,0,0,0,0.60793,0,0,0.79399,0,0,-0.31416
0,0,0.75,0,0,0,0.61042,0,0,0.79208,0,0,-0.31416
0,0,0.75,0,0,0,0.61291,0,0,0.79016,0,0,-0.31416
0,0,0.75,0,0,0,0.61539,0,0,0.78823,0,0,-0.31416
0,0,0.75,0,0,0,0.61786,0,0,0.78629,0,0,-0.31416
0,0,0.75,0,0,0,0.62033,0,0,0.78434,0,0,-0.31416
0,0,0.75,0,0,0,0.62279,0,0,0.78239,0,0,-0.31416
0,0,0.75,0,0,0,0.62524,0,0,0.78043,0,0,-0.31416
0,0,0.75,0,0,0,0.62769,0,0,0.77846,0,0,-0.31416
0,0,0.75,0,0,0,0.63013,0,0,0.77649,0,0,-0.31416
0,0,0.75,0,0,0,0.63257,0,0,0.7745,0,0,-0.31416
0,0,0.75,0,0,0,0.635,0,0,0.77251,0,0,-0.31416
0,0,0.75,0,0,0,0.63742,0,0,0.77051,0,0,-0.31416
0,0,0.75,0,0,0,0.63984,0,0,0.76851,0,0,-0.31416
0,0,0.75,0,0,0,0.64225,0,0,0.76649,0,0,-0.31416
0,0,0.75,0,0,0,0.64466,0,0,0.76447,0,0,-0.31416
0,0,0.75,0,0,0,0.64706,0,0,0.76244,0,0,-0.31416
0,0,0.75,0,0,0,0.64945,0,0,0.76041,0,0,-0.31416
0,0,0.75,0,0,0,0.65183,0,0,0.75836,0,0,-0.31416
0,0,0.75,0,0,0,0.65421,0,0,0.75631,0,0,-0.31416
0,0,0.75,0,0,0,0.65659,0,0,0.75425,0,0,-0.31416
0,0,0.75,0,0,0,0.65895,0,0,0.75218,0,0,-0.31416
0,0,0.75,0,0,0,0.66131,0,0,0.75011,0,0,-0.31416
0,0,0.75,0,0,0,0.66367,0,0,0.74803,0,0,-0.31416
0,0,0.75,0,0,0,0.66601,0,0,0.74594,0,0,-0.31416
0,0,0.75,0,0,0,0.66835,0,0,0.74385,0,0,-0.31416
0,0,0.75,0,0,0,0.67069,0,0,0.74174,0,0,-0.31416
0,0,0.75,0,0,0,0.67301,0,0,0.73963,0,0,-0.31416
0,0,0.75,0,0,0,0.67533,0,0,0.73751,0,0,-0.31416
0,0,0.75,0,0,0,0.67765,0,0,0.73539,0,0,-0.31416
0,0,0.75,0,0,0,0.67995,0,0,0.73326,0,0,-0.31416
0,0,0.75,0,0,0,0.68225,0,0,0.73112,0,0,-0.31416
0,0,0.75,0,0,0,0.68455,0,0,0.72897,0,0,-0.31416
0,0,0.75,0,0,0,0.68683,0,0,0.72681,0,0,-0.31416
0,0,0.75,0,0,0,0.68911,0,0,0.72465,0,0,-0.31416
0,0,0.75,0,0,0,0.69139,0,0,0.72248,0,0,-0.31416
0,0,0.75,0,0,0,0.69365,0,0,0.72031,0,0,-0.31416
0,0,0.75,0,0,0,0.69591,0,0,0.71813,0,0,-0.31416
0,0,0.75,0,0,0,0.69817,0,0,0.71594,0,0,-0.31416
0,0,0.75,0,0,0,0.70041,0,0,0.71374,0,0,-0.31416
0,0,0.75,0,0,0,0.70265,0,0,0.71154,0,0,-0.31416
0,0,0.75,0,0,0,0.70488,0,0,0.70932,0,0,-0.31416
0,0,0.75,0,0,0,0.70711,0,0,0.70711,0,0,-0.31416
0,0,0.75,0,0,0,0.70932,0,0,0.70488,0,0,-0.31416
0,0,0.75,0,0,0,0.71154,0,0,0.70265,0,0,-0.31416
0,0,0.75,0,0,0,0.71374,0,0,0.70041,0,0,-0.31416
0,0,0.75,0,0,0,0.71594,0,0,0.69817,0,0,-0.31416
0,0,0.75,0,0,0,0.71813,0,0,0.69591,0,0,-0.31416
0,0,0.75,0,0,0,0.72031,0,0,0.69365,0,0,-0.31416
0,0,0.75,0,0,0,0.72248,0,0,0.69139,0,0,-0.31416
0,0,0.75,0,0,0,0.72465,0,0,0.68911,0,0,-0.31416
0,0,0.75,0,0,0,0.72681,0,0,0.68683,0,0,-0.31416
0,0,0.75,0,0,0,0.72897,0,0,0.68455,0,0,-0.31416
0,0,0.75,0,0,0,0.73112,0,0,0.68225,0,0,-0.31416
0,0,0.75,0,0,0,0.73326,0,0,0.67995,0,0,-0.31416
0,0,0.75,0,0,0,0.73539,0,0,0.67765,0,0,-0.31416
0,0,0.75,0,0,0,0.73751,0,0,0.67533,0,0,-0.31416
0,0,0.75,0,0,0,0.73963,0,0,0.67301,0,0,-0.31416
0,0,0.75,0,0,0,0.74174,0,0,0.67069,0,0,-0.31416
0,0,0.75,0,0,0,0.74385,0,0,0.66835,0,0,-0.31416
0,0,0.75,0,0,0,0.74594,0,0,0.66601,0,0,-0.31416
0,0,0.75,0,0,0,0.74803,0,0,0.66367,0,0,-0.31416
0,0,0.75,0,0,0,0.75011,0,0,0.66131,0,0,-0.31416
0,0,0.75,0,0,0,0.75218,0,0,0.65895,0,0,-0.31416
0,0,0.75,0,0,0,0.75425,0,0,0.65659,0,0,-0.31416
0,0,0.75,0,0,0,0.75631,0,0,0.65421,0,0,-0.31416
0,0,0.75,0,0,0,0.75836,0,0,0.65183,0,0,-0.31416
0,0,0.75,0,0,0,0.76041,0,0,0.64945,0,0,-0.31416
0,0,0.75,0,0,0,0.76244,0,0,0.64706,0,0,-0.31416
0,0,0.75,0,0,0,0.76447,0,0,0.64466,0,0,-0.31416
0,0,0.75,0,0,0,0.76649,0,0,0.64225,0,0,-0.31416
0,0,0.75,0,0,0,0.76851,0,0,0.63984,0,0,-0.31416
0,0,0.75,0,0,0,0.77051,0,0,0.63742,0,0,-0.31416
0,0,0.75,0,0,0,0.77251,0,0,0.635,0,0,-0.31416
0,0,0.75,0,0,0,0.7745,0,0,0.63257,0,0,-0.31416
0,0,0.75,0,0,0,0.77649,0,0,0.63013,0,0,-0.31416
0,0,0.75,0,0,0,0.77846,0,0,0.62769,0,0,-0.31416
0,0,0.75,0,0,0,0.78043,0,0,0.62524,0,0,-0.31416
0,0,0.75,0,0,0,0.78239,0,0,0.62279,0,0,-0.31416
0,0,0.75,0,0,0,0.78434,0,0,0.62033,0,0,-0.31416
0,0,0.75,0,0,0,0.78629,0,0,0.61786,0,0,-0.31416
0,0,0.75,0,0,0,0.78823,0,0,0.61539,0,0,-0.31416
0,0,0.75,0,0,0,0.79016,0,0,0.61291,0,0,-0.31416
0,0,0.75,0,0,0,0.79208,0,0,0.61042,0,0,-0.31416
0,0,0.75,0,0,0,0.79399,0,0,0.60793,0,0,-0.31416
0,0,0.75,0,0,0,0.7959,0,0,0.60543,0,0,-0.31416
0,0,0.75,0,0,0,0.79779,0,0,0.60293,0,0,-0.31416
0,0,0.75,0,0,0,0.79968,0,0,0.60042,0,0,-0.31416
0,0,0.75,0,0,0,0.80157,0,0,0.5979,0,0,-0.31416
0,0,0.75,0,0,0,0.80344,0,0,0.59538,0,0,-0.31416
0,0,0.75,0,0,0,0.80531,0,0,0.59286,0,0,-0.31416
0,0,0.75,0,0,0,0.80717,0,0,0.59032,0,0,-0.31416
0,0,0.75,0,0,0,0.80902,0,0,0.58779,0,0,-0.31416
0,0,0.75,0,0,0,0.81086,0,0,0.58524,0,0,-0.31416
0,0,0.75,0,0,0,0.81269,0,0,0.58269,0,0,-0.31416
0,0,0.75,0,0,0,0.81452,0,0,0.58013,0,0,-0.31416
0,0,0.75,0,0,0,0.81634,0,0,0.57757,0,0,-0.31416
0,0,0.75,0,0,0,0.81815,0,0,0.57501,0,0,-0.31416
0,0,0.75,0,0,0,0.81995,0,0,0.57243,0,0,-0.31416
0,0,0.75,0,0,0,0.82175,0,0,0.56985,0,0,-0.31416
0,0,0.75,0,0,0,0.82353,0,0,0.56727,0,0,-0.31416
0,0,0.75,0,0,0,0.82531,0,0,0.56468,0,0,-0.31416
0,0,0.75,0,0,0,0.82708,0,0,0.56208,0,0,-0.31416
0,0,0.75,0,0,0,0.82884,0,0,0.55948,0,0,-0.31416
0,0,0.75,0,0,0,0.8306,0,0,0.55688,0,0,-0.31416
0,0,0.75,0,0,0,0.83234,0,0,0.55426,0,0,-0.31416
0,0,0.75,0,0,0,0.83408,0,0,0.55165,0,0,-0.31416
0,0,0.75,0,0,0,0.83581,0,0,0.54902,0,0,-0.31416
0,0,0.75,0,0,0,0.83753,0,0,0.54639,0,0,-0.31416
0,0,0.75,0,0,0,0.83924,0,0,0.54376,0,0,-0.31416
0,0,0.75,0,0,0,0.84094,0,0,0.54112,0,0,-0.31416
0,0,0.75,0,0,0,0.84264,0,0,0.53848,0,0,-0.31416
0,0,0.75,0,0,0,0.84433,0,0,0.53583,0,0,-0.31416
0,0,0.75,0,0,0,0.84601,0,0,0.53317,0,0,-0.31416
0,0,0.75,0,0,0,0.84768,0,0,0.53051,0,0,-0.31416
0,0,0.75,0,0,0,0.84934,0,0,0.52785,0,0,-0.31416
0,0,0.75,0,0,0,0.85099,0,0,0.52517,0,0,-0.31416
0,0,0.75,0,0,0,0.85264,0,0,0.5225,0,0,-0.31416
0,0,0.75,0,0,0,0.85428,0,0,0.51982,0,0,-0.31416
0,0,0.75,0,0,0,0.85591,0,0,0.51713,0,0,-0.31416
0,0,0.75,0,0,0,0.85753,0,0,0.51444,0,0,-0.31416
0,0,0.75,0,0,0,0.85914,0,0,0.51174,0,0,-0.31416
0,0,0.75,0,0,0,0.86074,0,0,0.50904,0,0,-0.31416
0,0,0.75,0,0,0,0.86234,0,0,0.50633,0,0,-0.31416
0,0,0.75,0,0,0,0.86392,0,0,0.50362,0,0,-0.31416
0,0,0.75,0,0,0,0.8655,0,0,0.50091,0,0,-0.31416
0,0,0.75,0,0,0,0.86707,0,0,0.49819,0,0,-0.31416
0,0,0.75,0,0,0,0.86863,0,0,0.49546,0,0,-0.31416
0,0,0.75,0,0,0,0.87018,0,0,0.49273,0,0,-0.31416
0,0,0.75,0,0,0,0.87173,0,0,0.48999,0,0,-0.31416
0,0,0.75,0,0,0,0.87326,0,0,0.48725,0,0,-0.31416
0,0,0.75,0,0,0,0.87479,0,0,0.4845,0,0,-0.31416
0,0,0.75,0,0,0,0.87631,0,0,0.48175,0,0,-0.31416
0,0,0.75,0,0,0,0.87782,0,0,0.479,0,0,-0.31416
0,0,0.75,0,0,0,0.87932,0,0,0.47624,0,0,-0.31416
0,0,0.75,0,0,0,0.88081,0,0,0.47347,0,0,-0.31416
0,0,0.75,0,0,0,0.88229,0,0,0.4707,0,0,-0.31416
0,0,0.75,0,0,0,0.88377,0,0,0.46793,0,0,-0.31416
0,0,0.75,0,0,0,0.88523,0,0,0.46515,0,0,-0.31416
0,0,0.75,0,0,0,0.88669,0,0,0.46237,0,0,-0.31416
0,0,0.75,0,0,0,0.88814,0,0,0.45958,0,0,-0.31416
0,0,0.75,0,0,0,0.88958,0,0,0.45679,0,0,-0.31416
0,0,0.75,0,0,0,0.89101,0,0,0.45399,0,0,-0.31416
0,0,0.75,0,0,0,0.89243,0,0,0.45119,0,0,-0.31416
0,0,0.75,0,0,0,0.89384,0,0,0.44838,0,0,-0.31416
0,0,0.75,0,0,0,0.89525,0,0,0.44557,0,0,-0.31416
0,0,0.75,0,0,0,0.89664,0,0,0.44276,0,0,-0.31416
0,0,0.75,0,0,0,0.89803,0,0,0.43994,0,0,-0.31416
0,0,0.75,0,0,0,0.89941,0,0,0.43712,0,0,-0.31416
0,0,0.75,0,0,0,0.90077,0,0,0.43429,0,0,-0.31416
0,0,0.75,0,0,0,0.90213,0,0,0.43146,0,0,-0.31416
0,0,0.75,0,0,0,0.90348,0,0,0.42862,0,0,-0.31416
0,0,0.75,0,0,0,0.90483,0,0,0.42578,0,0,-0.31416
0,0,0.75,0,0,0,0.90616,0,0,0.42293,0,0,-0.31416
0,0,0.75,0,0,0,0.90748,0,0,0.42009,0,0,-0.31416
0,0,0.75,0,0,0,0.9088,0,0,0.41723,0,0,-0.31416
0,0,0.75,0,0,0,0.91011,0,0,0.41438,0,0,-0.31416
0,0,0.75,0,0,0,0.9114,0,0,0.41151,0,0,-0.31416
0,0,0.75,0,0,0,0.91269,0,0,0.40865,0,0,-0.31416
0,0,0.75,0,0,0,0.91397,0,0,0.40578,0,0,-0.31416
0,0,0.75,0,0,0,0.91524,0,0,0.40291,0,0,-0.31416
0,0,0.75,0,0,0,0.9165,0,0,0.40003,0,0,-0.31416
0,0,0.75,0,0,0,0.91775,0,0,0.39715,0,0,-0.31416
0,0,0.75,0,0,0,0.919,0,0,0.39426,0,0,-0.31416
0,0,0.75,0,0,0,0.92023,0,0,0.39137,0,0,-0.31416
0,0,0.75,0,0,0,0.92146,0,0,0.38848,0,0,-0.31416
0,0,0.75,0,0,0,0.92267,0,0,0.38558,0,0,-0.31416
0,0,0.75,0,0,0,0.92388,0,0,0.38268,0,0,-0.31416
0,0,0.75,0,0,0,0.92508,0,0,0.37978,0,0,-0.31416
0,0,0.75,0,0,0,0.92627,0,0,0.37687,0,0,-0.31416
0,0,0.75,0,0,0,0.92745,0,0,0.37396,0,0,-0.31416
0,0,0.75,0,0,0,0.92862,0,0,0.37104,0,0,-0.31416
0,0,0.75,0,0,0,0.92978,0,0,0.36812,0,0,-0.31416
0,0,0.75,0,0,0,0.93093,0,0,0.3652,0,0,-0.31416
0,0,0.75,0,0,0,0.93207,0,0,0.36228,0,0,-0.31416
0,0,0.75,0,0,0,0.9332,0,0,0.35935,0,0,-0.31416
0,0,0.75,0,0,0,0.93433,0,0,0.35641,0,0,-0.31416
0,0,0.75,0,0,0,0.93544,0,0,0.35347,0,0,-0.31416
0,0,0.75,0,0,0,0.93655,0,0,0.35053,0,0,-0.31416
0,0,0.75,0,0,0,0.93765,0,0,0.34759,0,0,-0.31416
0,0,0.75,0,0,0,0.93873,0,0,0.34464,0,0,-0.31416
0,0,0.75,0,0,0,0.93981,0,0,0.34169,0,0,-0.31416
0,0,0.75,0,0,0,0.94088,0,0,0.33874,0,0,-0.31416
0,0,0.75,0,0,0,0.94194,0,0,0.33578,0,0,-0.31416
0,0,0.75,0,0,0,0.94299,0,0,0.33282,0,0,-0.31416
0,0,0.75,0,0,0,0.94403,0,0,0.32986,0,0,-0.31416
0,0,0.75,0,0,0,0.94506,0,0,0.32689,0,0,-0.31416
0,0,0.75,0,0,0,0.94609,0,0,0.32392,0,0,-0.31416
0,0,0.75,0,0,0,0.9471,0,0,0.32094,0,0,-0.31416
0,0,0.75,0,0,0,0.9481,0,0,0.31797,0,0,-0.31416
0,0,0.75,0,0,0,0.9491,0,0,0.31499,0,0,-0.31416
0,0,0.75,0,0,0,0.95008,0,0,0.312,0,0,-0.31416
0,0,0.75,0,0,0,0.95106,0,0,0.30902,0,0,-0.31416
0,0,0.75,0,0,0,0.95202,0,0,0.30603,0,0,-0.31416
0,0,0.75,0,0,0,0.95298,0,0,0.30304,0,0,-0.31416
0,0,0.75,0,0,0,0.95393,0,0,0.30004,0,0,-0.31416
0,0,0.75,0,0,0,0.95486,0,0,0.29704,0,0,-0.31416
0,0,0.75,0,0,0,0.95579,0,0,0.29404,0,0,-0.31416
0,0,0.75,0,0,0,0.95671,0,0,0.29104,0,0,-0.31416
0,0,0.75,0,0,0,0.95762,0,0,0.28803,0,0,-0.31416
0,0,0.75,0,0,0,0.95852,0,0,0.28502,0,0,-0.31416
0,0,0.75,0,0,0,0.95941,0,0,0.28201,0,0,-0.31416
0,0,0.75,0,0,0,0.96029,0,0,0.27899,0,0,-0.31416
0,0,0.75,0,0,0,0.96117,0,0,0.27597,0,0,-0.31416
0,0,0.75,0,0,0,0.96203,0,0,0.27295,0,0,-0.31416
0,0,0.75,0,0,0,0.96288,0,0,0.26993,0,0,-0.31416
0,0,0.75,0,0,0,0.96372,0,0,0.2669,0,0,-0.31416
0,0,0.75,0,0,0,0.96456,0,0,0.26387,0,0,-0.31416
0,0,0.75,0,0,0,0.96538,0,0,0.26084,0,0,-0.31416
0,0,0.75,0,0,0,0.9662,0,0,0.25781,0,0,-0.31416
0,0,0.75,0,0,0,0.967,0,0,0.25477,0,0,-0.31416
0,0,0.75,0,0,0,0.9678,0,0,0.25173,0,0,-0.31416
0,0,0.75,0,0,0,0.96858,0,0,0.24869,0,0,-0.31416
0,0,0.75,0,0,0,0.96936,0,0,0.24565,0,0,-0.31416
0,0,0.75,0,0,0,0.97013,0,0,0.2426,0,0,-0.31416
0,0,0.75,0,0,0,0.97088,0,0,0.23955,0,0,-0.31416
0,0,0.75,0,0,0,0.97163,0,0,0.2365,0,0,-0.31416
0,0,0.75,0,0,0,0.97237,0,0,0.23345,0,0,-0.31416
0,0,0.75,0,0,0,0.9731,0,0,0.23039,0,0,-0.31416
0,0,0.75,0,0,0,0.97382,0,0,0.22733,0,0,-0.31416
0,0,0.75,0,0,0,0.97453,0,0,0.22427,0,0,-0.31416
0,0,0.75,0,0,0,0.97523,0,0,0.22121,0,0,-0.31416
0,0,0.75,0,0,0,0.97592,0,0,0.21814,0,0,-0.31416
0,0,0.75,0,0,0,0.9766,0,0,0.21508,0,0,-0.31416
0,0,0.75,0,0,0,0.97727,0,0,0.21201,0,0,-0.31416
0,0,0.75,0,0,0,0.97793,0,0,0.20894,0,0,-0.31416
0,0,0.75,0,0,0,0.97858,0,0,0.20586,0,0,-0.31416
0,0,0.75,0,0,0,0.97922,0,0,0.20279,0,0,-0.31416
0,0,0.75,0,0,0,0.97986,0,0,0.19971,0,0,-0.31416
0,0,0.75,0,0,0,0.98048,0,0,0.19663,0,0,-0.31416
0,0,0.75,0,0,0,0.98109,0,0,0.19355,0,0,-0.31416
0,0,0.75,0,0,0,0.98169,0,0,0.19047,0,0,-0.31416
0,0,0.75,0,0,0,0.98229,0,0,0.18738,0,0,-0.31416
0,0,0.75,0,0,0,0.98287,0,0,0.18429,0,0,-0.31416
0,0,0.75,0,0,0,0.98345,0,0,0.18121,0,0,-0.31416
0,0,0.75,0,0,0,0.98401,0,0,0.17812,0,0,-0.31416
0,0,0.75,0,0,0,0.98456,0,0,0.17502,0,0,-0.31416
0,0,0.75,0,0,0,0.98511,0,0,0.17193,0,0,-0.31416
0,0,0.75,0,0,0,0.98564,0,0,0.16883,0,0,-0.31416
0,0,0.75,0,0,0,0.98617,0,0,0.16574,0,0,-0.31416
0,0,0.75,0,0,0,0.98669,0,0,0.16264,0,0,-0.31416
0,0,0.75,0,0,0,0.98719,0,0,0.15954,0,0,-0.31416
0,0,0.75,0,0,0,0.98769,0,0,0.15643,0,0,-0.31416
0,0,0.75,0,0,0,0.98817,0,0,0.15333,0,0,-0.31416
0,0,0.75,0,0,0,0.98865,0,0,0.15023,0,0,-0.31416
0,0,0.75,0,0,0,0.98912,0,0,0.14712,0,0,-0.31416
0,0,0.75,0,0,0,0.98958,0,0,0.14401,0,0,-0.31416
0,0,0.75,0,0,0,0.99002,0,0,0.1409,0,0,-0.31416
0,0,0.75,0,0,0,0.99046,0,0,0.13779,0,0,-0.31416
0,0,0.75,0,0,0,0.99089,0,0,0.13468,0,0,-0.31416
0,0,0.75,0,0,0,0.99131,0,0,0.13156,0,0,-0.31416
0,0,0.75,0,0,0,0.99172,0,0,0.12845,0,0,-0.31416
0,0,0.75,0,0,0,0.99211,0,0,0.12533,0,0,-0.31416
0,0,0.75,0,0,0,0.9925,0,0,0.12222,0,0,-0.31416
0,0,0.75,0,0,0,0.99288,0,0,0.1191,0,0,-0.31416
0,0,0.75,0,0,0,0.99325,0,0,0.11598,0,0,-0.31416
0,0,0.75,0,0,0,0.99361,0,0,0.11286,0,0,-0.31416
0,0,0.75,0,0,0,0.99396,0,0,0.10973,0,0,-0.31416
0,0,0.75,0,0,0,0.9943,0,0,0.10661,0,0,-0.31416
0,0,0.75,0,0,0,0.99463,0,0,0.10349,0,0,-0.31416
0,0,0.75,0,0,0,0.99495,0,0,0.10036,0,0,-0.31416
0,0,0.75,0,0,0,0.99526,0,0,0.097235,0,0,-0.31416
0,0,0.75,0,0,0,0.99556,0,0,0.094108,0,0,-0.31416
0,0,0.75,0,0,0,0.99585,0,0,0.09098,0,0,-0.31416
0,0,0.75,0,0,0,0.99613,0,0,0.087851,0,0,-0.31416
0,0,0.75,0,0,0,0.9964,0,0,0.084721,0,0,-0.31416
0,0,0.75,0,0,0,0.99667,0,0,0.081591,0,0,-0.31416
0,0,0.75,0,0,0,0.99692,0,0,0.078459,0,0,-0.31416
0,0,0.75,0,0,0,0.99716,0,0,0.075327,0,0,-0.31416
0,0,0.75,0,0,0,0.99739,0,0,0.072194,0,0,-0.31416
0,0,0.75,0,0,0,0.99761,0,0,0.06906,0,0,-0.31416
0,0,0.75,0,0,0,0.99782,0,0,0.065926,0,0,-0.31416
0,0,0.75,0,0,0,0.99803,0,0,0.062791,0,0,-0.31416
0,0,0.75,0,0,0,0.99822,0,0,0.059655,0,0,-0.31416
0,0,0.75,0,0,0,0.9984,0,0,0.056519,0,0,-0.31416
0,0,0.75,0,0,0,0.99857,0,0,0.053382,0,0,-0.31416
0,0,0.75,0,0,0,0.99874,0,0,0.050244,0,0,-0.31416
0,0,0.75,0,0,0,0.99889,0,0,0.047106,0,0,-0.31416
0,0,0.75,0,0,0,0.99903,0,0,0.043968,0,0,-0.31416
0,0,0.75,0,0,0,0.99917,0,0,0.040829,0,0,-0.31416
0,0,0.75,0,0,0,0.99929,0,0,0.03769,0,0,-0.31416
0,0,0.75,0,0,0,0.9994,0,0,0.034551,0,0,-0.31416
0,0,0.75,0,0,0,0.99951,0,0,0.031411,0,0,-0.31416
0,0,0.75,0,0,0,0.9996,0,0,0.028271,0,0,-0.31416
0,0,0.75,0,0,0,0.99968,0,0,0.02513,0,0,-0.31416
0,0,0.75,0,0,0,0.99976,0,0,0.021989,0,0,-0.31416
0,0,0.75,0,0,0,0.99982,0,0,0.018848,0,0,-0.31416
0,0,0.75,0,0,0,0.99988,0,0,0.015707,0,0,-0.31416
0,0,0.75,0,0,0,0.99992,0,0,0.012566,0,0,-0.31416
0,0,0.75,0,0,0,0.99996,0,0,0.0094246,0,0,-0.31416
0,0,0.75,0,0,0,0.99998,0,0,0.0062831,0,0,-0.31416
0,0,0.75,0,0,0,1,0,0,0.0031416,0,0,-0.31416
0,0,0.75,0,0,0,1,0,0,0,0,0,-0.31416
