0,0,0.75,0,0,0,1,0,0,0,0,0,0
0,0,0.75,0,0,0,0.99999,0,0,0.00357,0,0,0.357
0,0,0.75,0,0,0,0.99997,0,0,0.0071399,0,0,0.357
0,0,0.75,0,0,0,0.99994,0,0,0.01071,0,0,0.357
0,0,0.75,0,0,0,0.9999,0,0,0.014279,0,0,0.357
0,0,0.75,0,0,0,0.99984,0,0,0.017849,0,0,0.357
0,0,0.75,0,0,0,0.99977,0,0,0.021418,0,0,0.357
0,0,0.75,0,0,0,0.99969,0,0,0.024987,0,0,0.357
0,0,0.75,0,0,0,0.99959,0,0,0.028556,0,0,0.357
0,0,0.75,0,0,0,0.99948,0,0,0.032124,0,0,0.357
0,0,0.75,0,0,0,0.99936,0,0,0.035692,0,0,0.357
0,0,0.75,0,0,0,0.99923,0,0,0.03926,0,0,0.357
0,0,0.75,0,0,0,0.99908,0,0,0.042827,0,0,0.357
0,0,0.75,0,0,0,0.99892,0,0,0.046393,0,0,0.357
0,0,0.75,0,0,0,0.99875,0,0,0.049959,0,0,0.357
0,0,0.75,0,0,0,0.99857,0,0,0.053524,0,0,0.357
0,0,0.75,0,0,0,0.99837,0,0,0.057089,0,0,0.357
0,0,0.75,0,0,0,0.99816,0,0,0.060653,0,0,0.357
0,0,0.75,0,0,0,0.99794,0,0,0.064216,0,0,0.357
0,0,0.75,0,0,0,0.9977,0,0,0.067778,0,0,0.357
0,0,0.75,0,0,0,0.99745,0,0,0.071339,0,0,0.357
0,0,0.75,0,0,0,0.99719,0,0,0.0749,0,0,0.357
0,0,0.75,0,0,0,0.99692,0,0,0.078459,0,0,0.357
0,0,0.75,0,0,0,0.99663,0,0,0.082018,0,0,0.357
0,0,0.75,0,0,0,0.99633,0,0,0.085575,0,0,0.357
0,0,0.75,0,0,0,0.99602,0,0,0.089131,0,0,0.357
0,0,0.75,0,0,0,0.9957,0,0,0.092687,0,0,0.357
0,0,0.75,0,0,0,0.99536,0,0,0.096241,0,0,0.357
0,0,0.75,0,0,0,0.99501,0,0,0.099793,0,0,0.357
0,0,0.75,0,0,0,0.99465,0,0,0.10334,0,0,0.357
0,0,0.75,0,0,0,0.99427,0,0,0.1069,0,0,0.357
0,0,0.75,0,0,0,0.99388,0,0,0.11044,0,0,0.357
0,0,0.75,0,0,0,0.99348,0,0,0.11399,0,0,0.357
0,0,0.75,0,0,0,0.99307,0,0,0.11754,0,0,0.357
0,0,0.75,0,0,0,0.99264,0,0,0.12108,0,0,0.357
0,0,0.75,0,0,0,0.9922,0,0,0.12462,0,0,0.357
0,0,0.75,0,0,0,0.99175,0,0,0.12817,0,0,0.357
0,0,0.75,0,0,0,0.99129,0,0,0.13171,0,0,0.357
0,0,0.75,0,0,0,0.99081,0,0,0.13524,0,0,0.357
0,0,0.75,0,0,0,0.99032,0,0,0.13878,0,0,0.357
0,0,0.75,0,0,0,0.98982,0,0,0.14231,0,0,0.357
0,0,0.75,0,0,0,0.98931,0,0,0.14585,0,0,0.357
0,0,0.75,0,0,0,0.98878,0,0,0.14938,0,0,0.357
0,0,0.75,0,0,0,0.98824,0,0,0.15291,0,0,0.357
0,0,0.75,0,0,0,0.98769,0,0,0.15643,0,0,0.357
0,0,0.75,0,0,0,0.98712,0,0,0.15996,0,0,0.357
0,0,0.75,0,0,0,0.98655,0,0,0.16348,0,0,0.357
0,0,0.75,0,0,0,0.98596,0,0,0.167,0,0,0.357
0,0,0.75,0,0,0,0.98535,0,0,0.17052,0,0,0.357
0,0,0.75,0,0,0,0.98474,0,0,0.17404,0,0,0.357
0,0,0.75,0,0,0,0.98411,0,0,0.17755,0,0,0.357
0,0,0.75,0,0,0,0.98347,0,0,0.18107,0,0,0.357
0,0,0.75,0,0,0,0.98282,0,0,0.18458,0,0,0.357
0,0,0.75,0,0,0,0.98215,0,0,0.18808,0,0,0.357
0,0,0.75,0,0,0,0.98148,0,0,0.19159,0,0,0.357
0,0,0.75,0,0,0,0.98079,0,0,0.19509,0,0,0.357
0,0,0.75,0,0,0,0.98008,0,0,0.19859,0,0,0.357
0,0,0.75,0,0,0,0.97937,0,0,0.20209,0,0,0.357
0,0,0.75,0,0,0,0.97864,0,0,0.20558,0,0,0.357
0,0,0.75,0,0,0,0.9779,0,0,0.20908,0,0,0.357
0,0,0.75,0,0,0,0.97715,0,0,0.21257,0,0,0.357
0,0,0.75,0,0,0,0.97638,0,0,0.21605,0,0,0.357
0,0,0.75,0,0,0,0.9756,0,0,0.21954,0,0,0.357
0,0,0.75,0,0,0,0.97481,0,0,0.22302,0,0,0.357
0,0,0.75,0,0,0,0.97401,0,0,0.2265,0,0,0.357
0,0,0.75,0,0,0,0.9732,0,0,0.22997,0,0,0.357
0,0,0.75,0,0,0,0.97237,0,0,0.23345,0,0,0.357
0,0,0.75,0,0,0,0.97153,0,0,0.23692,0,0,0.357
0,0,0.75,0,0,0,0.97068,0,0,0.24038,0,0,0.357
0,0,0.75,0,0,0,0.96981,0,0,0.24385,0,0,0.357
0,0,0.75,0,0,0,0.96894,0,0,0.24731,0,0,0.357
0,0,0.75,0,0,0,0.96805,0,0,0.25076,0,0,0.357
0,0,0.75,0,0,0,0.96715,0,0,0.25422,0,0,0.357
0,0,0.75,0,0,0,0.96623,0,0,0.25767,0,0,0.357
0,0,0.75,0,0,0,0.96531,0,0,0.26112,0,0,0.357
0,0,0.75,0,0,0,0.96437,0,0,0.26456,0,0,0.357
0,0,0.75,0,0,0,0.96342,0,0,0.268,0,0,0.357
0,0,0.75,0,0,0,0.96246,0,0,0.27144,0,0,0.357
0,0,0.75,0,0,0,0.96148,0,0,0.27487,0,0,0.357
0,0,0.75,0,0,0,0.96049,0,0,0.27831,0,0,0.357
0,0,0.75,0,0,0,0.95949,0,0,0.28173,0,0,0.357
0,0,0.75,0,0,0,0.95848,0,0,0.28516,0,0,0.357
0,0,0.75,0,0,0,0.95746,0,0,0.28858,0,0,0.357
0,0,0.75,0,0,0,0.95642,0,0,0.29199,0,0,0.357
0,0,0.75,0,0,0,0.95537,0,0,0.2954,0,0,0.357
0,0,0.75,0,0,0,0.95431,0,0,0.29881,0,0,0.357
0,0,0.75,0,0,0,0.95324,0,0,0.30222,0,0,0.357
0,0,0.75,0,0,0,0.95215,0,0,0.30562,0,0,0.357
0,0,0.75,0,0,0,0.95106,0,0,0.30902,0,0,0.357
0,0,0.75,0,0,0,0.94995,0,0,0.31241,0,0,0.357
0,0,0.75,0,0,0,0.94883,0,0,0.3158,0,0,0.357
0,0,0.75,0,0,0,0.94769,0,0,0.31918,0,0,0.357
0,0,0.75,0,0,0,0.94655,0,0,0.32257,0,0,0.357
0,0,0.75,0,0,0,0.94539,0,0,0.32594,0,0,0.357
0,0,0.75,0,0,0,0.94422,0,0,0.32932,0,0,0.357
0,0,0.75,0,0,0,0.94304,0,0,0.33268,0,0,0.357
0,0,0.75,0,0,0,0.94184,0,0,0.33605,0,0,0.357
0,0,0.75,0,0,0,0.94064,0,0,0.33941,0,0,0.357
0,0,0.75,0,0,0,0.93942,0,0,0.34277,0,0,0.357
0,0,0.75,0,0,0,0.93819,0,0,0.34612,0,0,0.357
0,0,0.75,0,0,0,0.93695,0,0,0.34946,0,0,0.357
0,0,0.75,0,0,0,0.9357,0,0,0.35281,0,0,0.357
0,0,0.75,0,0,0,0.93443,0,0,0.35615,0,0,0.357
0,0,0.75,0,0,0,0.93315,0,0,0.35948,0,0,0.357
0,0,0.75,0,0,0,0.93186,0,0,0.36281,0,0,0.357
0,0,0.75,0,0,0,0.93056,0,0,0.36613,0,0,0.357
0,0,0.75,0,0,0,0.92925,0,0,0.36945,0,0,0.357
0,0,0.75,0,0,0,0.92792,0,0,0.37277,0,0,0.357
0,0,0.75,0,0,0,0.92659,0,0,0.37608,0,0,0.357
0,0,0.75,0,0,0,0.92524,0,0,0.37938,0,0,0.357
0,0,0.75,0,0,0,0.92388,0,0,0.38268,0,0,0.357
0,0,0.75,0,0,0,0.92388,0,0,0.38268,0,0,0
0,0,0.75,0,0,0,0.92388,0,0,0.38268,0,0,0
0,0,0.75,0,0,0,0.92388,0,0,0.38268,0,0,0
0,0,0.75,0,0,0,0.92388,0,0,0.38268,0,0,0
0,0,0.75,0,0,0,0.92388,0,0,0.38268,0,0,0
0,0,0.75,0,0,0,0.92388,0,0,0.38268,0,0,0
0,0,0.75,0,0,0,0.92388,0,0,0.38268,0,0,0
0,0,0.75,0,0,0,0.92388,0,0,0.38268,0,0,0
0,0,0.75,0,0,0,0.92388,0,0,0.38268,0,0,0
0,0,0.75,0,0,0,0.92388,0,0,0.38268,0,0,0
0,0,0.75,0,0,0,0.92388,0,0,0.38268,0,0,0
0,0,0.75,0,0,0,0.92388,0,0,0.38268,0,0,0
0,0,0.75,0,0,0,0.92388,0,0,0.38268,0,0,0
0,0,0.75,0,0,0,0.92388,0,0,0.38268,0,0,0
0,0,0.75,0,0,0,0.92388,0,0,0.38268,0,0,0
0,0,0.75,0,0,0,0.92388,0,0,0.38268,0,0,0
0,0,0.75,0,0,0,0.92388,0,0,0.38268,0,0,0
0,0,0.75,0,0,0,0.92388,0,0,0.38268,0,0,0
0,0,0.75,0,0,0,0.92388,0,0,0.38268,0,0,0
0,0,0.75,0,0,0,0.92388,0,0,0.38268,0,0,0
0,0,0.75,0,0,0,0.92388,0,0,0.38268,0,0,0
0,0,0.75,0,0,0,0.92388,0,0,0.38268,0,0,0
0,0,0.75,0,0,0,0.92388,0,0,0.38268,0,0,0
0,0,0.75,0,0,0,0.92388,0,0,0.38268,0,0,0
0,0,0.75,0,0,0,0.92388,0,0,0.38268,0,0,0
0,0,0.75,0,0,0,0.92388,0,0,0.38268,0,0,0
0,0,0.75,0,0,0,0.92388,0,0,0.38268,0,0,0
0,0,0.75,0,0,0,0.92388,0,0,0.38268,0,0,0
0,0,0.75,0,0,0,0.92388,0,0,0.38268,0,0,0
0,0,0.75,0,0,0,0.92388,0,0,0.38268,0,0,0
0,0,0.75,0,0,0,0.92388,0,0,0.38268,0,0,0
0,0,0.75,0,0,0,0.92388,0,0,0.38268,0,0,0
0,0,0.75,0,0,0,0.92388,0,0,0.38268,0,0,0
0,0,0.75,0,0,0,0.92388,0,0,0.38268,0,0,0
0,0,0.75,0,0,0,0.92388,0,0,0.38268,0,0,0
0,0,0.75,0,0,0,0.92388,0,0,0.38268,0,0,0
0,0,0.75,0,0,0,0.92388,0,0,0.38268,0,0,0
0,0,0.75,0,0,0,0.92388,0,0,0.38268,0,0,0
0,0,0.75,0,0,0,0.92388,0,0,0.38268,0,0,0
0,0,0.75,0,0,0,0.92388,0,0,0.38268,0,0,0
0,0,0.75,0,0,0,0.92388,0,0,0.38268,0,0,0
0,0,0.75,0,0,0,0.92388,0,0,0.38268,0,0,0
0,0,0.75,0,0,0,0.92388,0,0,0.38268,0,0,0
0,0,0.75,0,0,0,0.92388,0,0,0.38268,0,0,0
0,0,0.75,0,0,0,0.92388,0,0,0.38268,0,0,0
0,0,0.75,0,0,0,0.92388,0,0,0.38268,0,0,0
0,0,0.75,0,0,0,0.92388,0,0,0.38268,0,0,0
0,0,0.75,0,0,0,0.92388,0,0,0.38268,0,0,0
0,0,0.75,0,0,0,0.92388,0,0,0.38268,0,0,0
0,0,0.75,0,0,0,0.92388,0,0,0.38268,0,0,0
0,0,0.75,0,0,0,0.92388,0,0,0.38268,0,0,0
0,0,0.75,0,0,0,0.92388,0,0,0.38268,0,0,0
0,0,0.75,0,0,0,0.92388,0,0,0.38268,0,0,0
0,0,0.75,0,0,0,0.92388,0,0,0.38268,0,0,0
0,0,0.75,0,0,0,0.92388,0,0,0.38268,0,0,0
0,0,0.75,0,0,0,0.92388,0,0,0.38268,0,0,0
0,0,0.75,0,0,0,0.92388,0,0,0.38268,0,0,0
0,0,0.75,0,0,0,0.92388,0,0,0.38268,0,0,0
0,0,0.75,0,0,0,0.92388,0,0,0.38268,0,0,0
0,0,0.75,0,0,0,0.92388,0,0,0.38268,0,0,0
0,0,0.75,0,0,0,0.92388,0,0,0.38268,0,0,0
0,0,0.75,0,0,0,0.92388,0,0,0.38268,0,0,0
0,0,0.75,0,0,0,0.92388,0,0,0.38268,0,0,0
0,0,0.75,0,0,0,0.92388,0,0,0.38268,0,0,0
0,0,0.75,0,0,0,0.92388,0,0,0.38268,0,0,0
0,0,0.75,0,0,0,0.92388,0,0,0.38268,0,0,0
0,0,0.75,0,0,0,0.92388,0,0,0.38268,0,0,0
0,0,0.75,0,0,0,0.92388,0,0,0.38268,0,0,0
0,0,0.75,0,0,0,0.92388,0,0,0.38268,0,0,0
0,0,0.75,0,0,0,0.92388,0,0,0.38268,0,0,0
0,0,0.75,0,0,0,0.92388,0,0,0.38268,0,0,0
0,0,0.75,0,0,0,0.92388,0,0,0.38268,0,0,0
0,0,0.75,0,0,0,0.92388,0,0,0.38268,0,0,0
0,0,0.75,0,0,0,0.92388,0,0,0.38268,0,0,0
0,0,0.75,0,0,0,0.92388,0,0,0.38268,0,0,0
0,0,0.75,0,0,0,0.92388,0,0,0.38268,0,0,0
0,0,0.75,0,0,0,0.92388,0,0,0.38268,0,0,0
0,0,0.75,0,0,0,0.92388,0,0,0.38268,0,0,0
0,0,0.75,0,0,0,0.92388,0,0,0.38268,0,0,0
0,0,0.75,0,0,0,0.92388,0,0,0.38268,0,0,0
0,0,0.75,0,0,0,0.92388,0,0,0.38268,0,0,0
0,0,0.75,0,0,0,0.92388,0,0,0.38268,0,0,0
0,0,0.75,0,0,0,0.92388,0,0,0.38268,0,0,0
0,0,0.75,0,0,0,0.92388,0,0,0.38268,0,0,0
0,0,0.75,0,0,0,0.92388,0,0,0.38268,0,0,0
0,0,0.75,0,0,0,0.92388,0,0,0.38268,0,0,0
0,0,0.75,0,0,0,0.92388,0,0,0.38268,0,0,0
0,0,0.75,0,0,0,0.92388,0,0,0.38268,0,0,0
0,0,0.75,0,0,0,0.92388,0,0,0.38268,0,0,0
0,0,0.75,0,0,0,0.92388,0,0,0.38268,0,0,0
0,0,0.75,0,0,0,0.92388,0,0,0.38268,0,0,0
0,0,0.75,0,0,0,0.92388,0,0,0.38268,0,0,0
0,0,0.75,0,0,0,0.92388,0,0,0.38268,0,0,0
0,0,0.75,0,0,0,0.92388,0,0,0.38268,0,0,0
0,0,0.75,0,0,0,0.92388,0,0,0.38268,0,0,0
0,0,0.75,0,0,0,0.92388,0,0,0.38268,0,0,0
0,0,0.75,0,0,0,0.92388,0,0,0.38268,0,0,0
0,0,0.75,0,0,0,0.92388,0,0,0.38268,0,0,0
0,0,0.75,0,0,0,0.92388,0,0,0.38268,0,0,0
0,0,0.75,0,0,0,0.92388,0,0,0.38268,0,0,0
0,0,0.75,0,0,0,0.92388,0,0,0.38268,0,0,0
0,0,0.75,0,0,0,0.92524,0,0,0.37938,0,0,-0.357
0,0,0.75,0,0,0,0.92659,0,0,0.37608,0,0,-0.357
0,0,0.75,0,0,0,0.92792,0,0,0.37277,0,0,-0.357
0,0,0.75,0,0,0,0.92925,0,0,0.36945,0,0,-0.357
0,0,0.75,0,0,0,0.93056,0,0,0.36613,0,0,-0.357
0,0,0.75,0,0,0,0.93186,0,0,0.36281,0,0,-0.357
0,0,0.75,0,0,0,0.93315,0,0,0.35948,0,0,-0.357
0,0,0.75,0,0,0,0.93443,0,0,0.35615,0,0,-0.357
0,0,0.75,0,0,0,0.9357,0,0,0.35281,0,0,-0.357
0,0,0.75,0,0,0,0.93695,0,0,0.34946,0,0,-0.357
0,0,0.75,0,0,0,0.93819,0,0,0.34612,0,0,-0.357
0,0,0.75,0,0,0,0.93942,0,0,0.34277,0,0,-0.357
0,0,0.75,0,0,0,0.94064,0,0,0.33941,0,0,-0.357
0,0,0.75,0,0,0,0.94184,0,0,0.33605,0,0,-0.357
0,0,0.75,0,0,0,0.94304,0,0,0.33268,0,0,-0.357
0,0,0.75,0,0,0,0.94422,0,0,0.32932,0,0,-0.357
0,0,0.75,0,0,0,0.94539,0,0,0.32594,0,0,-0.357
0,0,0.75,0,0,0,0.94655,0,0,0.32257,0,0,-0.357
0,0,0.75,0,0,0,0.94769,0,0,0.31918,0,0,-0.357
0,0,0.75,0,0,0,0.94883,0,0,0.3158,0,0,-0.357
0,0,0.75,0,0,0,0.94995,0,0,0.31241,0,0,-0.357
0,0,0.75,0,0,0,0.95106,0,0,0.30902,0,0,-0.357
0,0,0.75,0,0,0,0.95215,0,0,0.30562,0,0,-0.357
0,0,0.75,0,0,0,0.95324,0,0,0.30222,0,0,-0.357
0,0,0.75,0,0,0,0.95431,0,0,0.29881,0,0,-0.357
0,0,0.75,0,0,0,0.95537,0,0,0.2954,0,0,-0.357
0,0,0.75,0,0,0,0.95642,0,0,0.29199,0,0,-0.357
0,0,0.75,0,0,0,0.95746,0,0,0.28858,0,0,-0.357
0,0,0.75,0,0,0,0.95848,0,0,0.28516,0,0,-0.357
0,0,0.75,0,0,0,0.95949,0,0,0.28173,0,0,-0.357
0,0,0.75,0,0,0,0.96049,0,0,0.27831,0,0,-0.357
0,0,0.75,0,0,0,0.96148,0,0,0.27487,0,0,-0.357
0,0,0.75,0,0,0,0.96246,0,0,0.27144,0,0,-0.357
0,0,0.75,0,0,0,0.96342,0,0,0.268,0,0,-0.357
0,0,0.75,0,0,0,0.96437,0,0,0.26456,0,0,-0.357
0,0,0.75,0,0,0,0.96531,0,0,0.26112,0,0,-0.357
0,0,0.75,0,0,0,0.96623,0,0,0.25767,0,0,-0.357
0,0,0.75,0,0,0,0.96715,0,0,0.25422,0,0,-0.357
0,0,0.75,0,0,0,0.96805,0,0,0.25076,0,0,-0.357
0,0,0.75,0,0,0,0.96894,0,0,0.24731,0,0,-0.357
0,0,0.75,0,0,0,0.96981,0,0,0.24385,0,0,-0.357
0,0,0.75,0,0,0,0.97068,0,0,0.24038,0,0,-0.357
0,0,0.75,0,0,0,0.97153,0,0,0.23692,0,0,-0.357
0,0,0.75,0,0,0,0.97237,0,0,0.23345,0,0,-0.357
0,0,0.75,0,0,0,0.9732,0,0,0.22997,0,0,-0.357
0,0,0.75,0,0,0,0.97401,0,0,0.2265,0,0,-0.357
0,0,0.75,0,0,0,0.97481,0,0,0.22302,0,0,-0.357
0,0,0.75,0,0,0,0.9756,0,0,0.21954,0,0,-0.357
0,0,0.75,0,0,0,0.97638,0,0,0.21605,0,0,-0.357
0,0,0.75,0,0,0,0.97715,0,0,0.21257,0,0,-0.357
0,0,0.75,0,0,0,0.9779,0,0,0.20908,0,0,-0.357
0,0,0.75,0,0,0,0.97864,0,0,0.20558,0,0,-0.357
0,0,0.75,0,0,0,0.97937,0,0,0.20209,0,0,-0.357
0,0,0.75,0,0,0,0.98008,0,0,0.19859,0,0,-0.357
0,0,0.75,0,0,0,0.98079,0,0,0.19509,0,0,-0.357
0,0,0.75,0,0,0,0.98148,0,0,0.19159,0,0,-0.357
0,0,0.75,0,0,0,0.98215,0,0,0.18808,0,0,-0.357
0,0,0.75,0,0,0,0.98282,0,0,0.18458,0,0,-0.357
0,0,0.75,0,0,0,0.98347,0,0,0.18107,0,0,-0.357
0,0,0.75,0,0,0,0.98411,0,0,0.17755,0,0,-0.357
0,0,0.75,0,0,0,0.98474,0,0,0.17404,0,0,-0.357
0,0,0.75,0,0,0,0.98535,0,0,0.17052,0,0,-0.357
0,0,0.75,0,0,0,0.98596,0,0,0.167,0,0,-0.357
0,0,0.75,0,0,0,0.98655,0,0,0.16348,0,0,-0.357
0,0,0.75,0,0,0,0.98712,0,0,0.15996,0,0,-0.357
0,0,0.75,0,0,0,0.98769,0,0,0.15643,0,0,-0.357
0,0,0.75,0,0,0,0.98824,0,0,0.15291,0,0,-0.357
0,0,0.75,0,0,0,0.98878,0,0,0.14938,0,0,-0.357
0,0,0.75,0,0,0,0.98931,0,0,0.14585,0,0,-0.357
0,0,0.75,0,0,0,0.98982,0,0,0.14231,0,0,-0.357
0,0,0.75,0,0,0,0.99032,0,0,0.13878,0,0,-0.357
0,0,0.75,0,0,0,0.99081,0,0,0.13524,0,0,-0.357
0,0,0.75,0,0,0,0.99129,0,0,0.13171,0,0,-0.357
0,0,0.75,0,0,0,0.99175,0,0,0.12817,0,0,-0.357
0,0,0.75,0,0,0,0.9922,0,0,0.12462,0,0,-0.357
0,0,0.75,0,0,0,0.99264,0,0,0.12108,0,0,-0.357
0,0,0.75,0,0,0,0.99307,0,0,0.11754,0,0,-0.357
0,0,0.75,0,0,0,0.99348,0,0,0.11399,0,0,-0.357
0,0,0.75,0,0,0,0.99388,0,0,0.11044,0,0,-0.357
0,0,0.75,0,0,0,0.99427,0,0,0.1069,0,0,-0.357
0,0,0.75,0,0,0,0.99465,0,0,0.10334,0,0,-0.357
0,0,0.75,0,0,0,0.99501,0,0,0.099793,0,0,-0.357
0,0,0.75,0,0,0,0.99536,0,0,0.096241,0,0,-0.357
0,0,0.75,0,0,0,0.9957,0,0,0.092687,0,0,-0.357
0,0,0.75,0,0,0,0.99602,0,0,0.089131,0,0,-0.357
0,0,0.75,0,0,0,0.99633,0,0,0.085575,0,0,-0.357
0,0,0.75,0,0,0,0.99663,0,0,0.082018,0,0,-0.357
0,0,0.75,0,0,0,0.99692,0,0,0.078459,0,0,-0.357
0,0,0.75,0,0,0,0.99719,0,0,0.0749,0,0,-0.357
0,0,0.75,0,0,0,0.99745,0,0,0.071339,0,0,-0.357
0,0,0.75,0,0,0,0.9977,0,0,0.067778,0,0,-0.357
0,0,0.75,0,0,0,0.99794,0,0,0.064216,0,0,-0.357
0,0,0.75,0,0,0,0.99816,0,0,0.060653,0,0,-0.357
0,0,0.75,0,0,0,0.99837,0,0,0.057089,0,0,-0.357
0,0,0.75,0,0,0,0.99857,0,0,0.053524,0,0,-0.357
0,0,0.75,0,0,0,0.99875,0,0,0.049959,0,0,-0.357
0,0,0.75,0,0,0,0.99892,0,0,0.046393,0,0,-0.357
0,0,0.75,0,0,0,0.99908,0,0,0.042827,0,0,-0.357
0,0,0.75,0,0,0,0.99923,0,0,0.03926,0,0,-0.357
0,0,0.75,0,0,0,0.99936,0,0,0.035692,0,0,-0.357
0,0,0.75,0,0,0,0.99948,0,0,0.032124,0,0,-0.357
0,0,0.75,0,0,0,0.99959,0,0,0.028556,0,0,-0.357
0,0,0.75,0,0,0,0.99969,0,0,0.024987,0,0,-0.357
0,0,0.75,0,0,0,0.99977,0,0,0.021418,0,0,-0.357
0,0,0.75,0,0,0,0.99984,0,0,0.017849,0,0,-0.357
0,0,0.75,0,0,0,0.9999,0,0,0.014279,0,0,-0.357
0,0,0.75,0,0,0,0.99994,0,0,0.01071,0,0,-0.357
0,0,0.75,0,0,0,0.99997,0,0,0.0071399,0,0,-0.357
0,0,0.75,0,0,0,0.99999,0,0,0.00357,0,0,-0.357
0,0,0.75,0,0,0,1,0,0,0,0,0,-0.357
0,0,0.75,0,0,0,0.99999,0,0,-0.00357,0,0,-0.357
0,0,0.75,0,0,0,0.99997,0,0,-0.0071399,0,0,-0.357
0,0,0.75,0,0,0,0.99994,0,0,-0.01071,0,0,-0.357
0,0,0.75,0,0,0,0.9999,0,0,-0.014279,0,0,-0.357
0,0,0.75,0,0,0,0.99984,0,0,-0.017849,0,0,-0.357
0,0,0.75,0,0,0,0.99977,0,0,-0.021418,0,0,-0.357
0,0,0.75,0,0,0,0.99969,0,0,-0.024987,0,0,-0.357
0,0,0.75,0,0,0,0.99959,0,0,-0.028556,0,0,-0.357
0,0,0.75,0,0,0,0.99948,0,0,-0.032124,0,0,-0.357
0,0,0.75,0,0,0,0.99936,0,0,-0.035692,0,0,-0.357
0,0,0.75,0,0,0,0.99923,0,0,-0.03926,0,0,-0.357
0,0,0.75,0,0,0,0.99908,0,0,-0.042827,0,0,-0.357
0,0,0.75,0,0,0,0.99892,0,0,-0.046393,0,0,-0.357
0,0,0.75,0,0,0,0.99875,0,0,-0.049959,0,0,-0.357
0,0,0.75,0,0,0,0.99857,0,0,-0.053524,0,0,-0.357
0,0,0.75,0,0,0,0.99837,0,0,-0.057089,0,0,-0.357
0,0,0.75,0,0,0,0.99816,0,0,-0.060653,0,0,-0.357
0,0,0.75,0,0,0,0.99794,0,0,-0.064216,0,0,-0.357
0,0,0.75,0,0,0,0.9977,0,0,-0.067778,0,0,-0.357
0,0,0.75,0,0,0,0.99745,0,0,-0.071339,0,0,-0.357
0,0,0.75,0,0,0,0.99719,0,0,-0.0749,0,0,-0.357
0,0,0.75,0,0,0,0.99692,0,0,-0.078459,0,0,-0.357
0,0,0.75,0,0,0,0.99663,0,0,-0.082018,0,0,-0.357
0,0,0.75,0,0,0,0.99633,0,0,-0.085575,0,0,-0.357
0,0,0.75,0,0,0,0.99602,0,0,-0.089131,0,0,-0.357
0,0,0.75,0,0,0,0.9957,0,0,-0.092687,0,0,-0.357
0,0,0.75,0,0,0,0.99536,0,0,-0.096241,0,0,-0.357
0,0,0.75,0,0,0,0.99501,0,0,-0.099793,0,0,-0.357
0,0,0.75,0,0,0,0.99465,0,0,-0.10334,0,0,-0.357
0,0,0.75,0,0,0,0.99427,0,0,-0.1069,0,0,-0.357
0,0,0.75,0,0,0,0.99388,0,0,-0.11044,0,0,-0.357
0,0,0.75,0,0,0,0.99348,0,0,-0.11399,0,0,-0.357
0,0,0.75,0,0,0,0.99307,0,0,-0.11754,0,0,-0.357
0,0,0.75,0,0,0,0.99264,0,0,-0.12108,0,0,-0.357
0,0,0.75,0,0,0,0.9922,0,0,-0.12462,0,0,-0.357
0,0,0.75,0,0,0,0.99175,0,0,-0.12817,0,0,-0.357
0,0,0.75,0,0,0,0.99129,0,0,-0.13171,0,0,-0.357
0,0,0.75,0,0,0,0.99081,0,0,-0.13524,0,0,-0.357
0,0,0.75,0,0,0,0.99032,0,0,-0.13878,0,0,-0.357
0,0,0.75,0,0,0,0.98982,0,0,-0.14231,0,0,-0.357
0,0,0.75,0,0,0,0.98931,0,0,-0.14585,0,0,-0.357
0,0,0.75,0,0,0,0.98878,0,0,-0.14938,0,0,-0.357
0,0,0.75,0,0,0,0.98824,0,0,-0.15291,0,0,-0.357
0,0,0.75,0,0,0,0.98769,0,0,-0.15643,0,0,-0.357
0,0,0.75,0,0,0,0.98712,0,0,-0.15996,0,0,-0.357
0,0,0.75,0,0,0,0.98655,0,0,-0.16348,0,0,-0.357
0,0,0.75,0,0,0,0.98596,0,0,-0.167,0,0,-0.357
0,0,0.75,0,0,0,0.98535,0,0,-0.17052,0,0,-0.357
0,0,0.75,0,0,0,0.98474,0,0,-0.17404,0,0,-0.357
0,0,0.75,0,0,0,0.98411,0,0,-0.17755,0,0,-0.357
0,0,0.75,0,0,0,0.98347,0,0,-0.18107,0,0,-0.357
0,0,0.75,0,0,0,0.98282,0,0,-0.18458,0,0,-0.357
0,0,0.75,0,0,0,0.98215,0,0,-0.18808,0,0,-0.357
0,0,0.75,0,0,0,0.98148,0,0,-0.19159,0,0,-0.357
0,0,0.75,0,0,0,0.98079,0,0,-0.19509,0,0,-0.357
0,0,0.75,0,0,0,0.98008,0,0,-0.19859,0,0,-0.357
0,0,0.75,0,0,0,0.97937,0,0,-0.20209,0,0,-0.357
0,0,0.75,0,0,0,0.97864,0,0,-0.20558,0,0,-0.357
0,0,0.75,0,0,0,0.9779,0,0,-0.20908,0,0,-0.357
0,0,0.75,0,0,0,0.97715,0,0,-0.21257,0,0,-0.357
0,0,0.75,0,0,0,0.97638,0,0,-0.21605,0,0,-0.357
0,0,0.75,0,0,0,0.9756,0,0,-0.21954,0,0,-0.357
0,0,0.75,0,0,0,0.97481,0,0,-0.22302,0,0,-0.357
0,0,0.75,0,0,0,0.97401,0,0,-0.2265,0,0,-0.357
0,0,0.75,0,0,0,0.9732,0,0,-0.22997,0,0,-0.357
0,0,0.75,0,0,0,0.97237,0,0,-0.23345,0,0,-0.357
0,0,0.75,0,0,0,0.97153,0,0,-0.23692,0,0,-0.357
0,0,0.75,0,0,0,0.97068,0,0,-0.24038,0,0,-0.357
0,0,0.75,0,0,0,0.96981,0,0,-0.24385,0,0,-0.357
0,0,0.75,0,0,0,0.96894,0,0,-0.24731,0,0,-0.357
0,0,0.75,0,0,0,0.96805,0,0,-0.25076,0,0,-0.357
0,0,0.75,0,0,0,0.96715,0,0,-0.25422,0,0,-0.357
0,0,0.75,0,0,0,0.96623,0,0,-0.25767,0,0,-0.357
0,0,0.75,0,0,0,0.96531,0,0,-0.26112,0,0,-0.357
0,0,0.75,0,0,0,0.96437,0,0,-0.26456,0,0,-0.357
0,0,0.75,0,0,0,0.96342,0,0,-0.268,0,0,-0.357
0,0,0.75,0,0,0,0.96246,0,0,-0.27144,0,0,-0.357
0,0,0.75,0,0,0,0.96148,0,0,-0.27487,0,0,-0.357
0,0,0.75,0,0,0,0.96049,0,0,-0.27831,0,0,-0.357
0,0,0.75,0,0,0,0.95949,0,0,-0.28173,0,0,-0.357
0,0,0.75,0,0,0,0.95848,0,0,-0.28516,0,0,-0.357
0,0,0.75,0,0,0,0.95746,0,0,-0.28858,0,0,-0.357
0,0,0.75,0,0,0,0.95642,0,0,-0.29199,0,0,-0.357
0,0,0.75,0,0,0,0.95537,0,0,-0.2954,0,0,-0.357
0,0,0.75,0,0,0,0.95431,0,0,-0.29881,0,0,-0.357
0,0,0.75,0,0,0,0.95324,0,0,-0.30222,0,0,-0.357
0,0,0.75,0,0,0,0.95215,0,0,-0.30562,0,0,-0.357
0,0,0.75,0,0,0,0.95106,0,0,-0.30902,0,0,-0.357
0,0,0.75,0,0,0,0.94995,0,0,-0.31241,0,0,-0.357
0,0,0.75,0,0,0,0.94883,0,0,-0.3158,0,0,-0.357
0,0,0.75,0,0,0,0.94769,0,0,-0.31918,0,0,-0.357
0,0,0.75,0,0,0,0.94655,0,0,-0.32257,0,0,-0.357
0,0,0.75,0,0,0,0.94539,0,0,-0.32594,0,0,-0.357
0,0,0.75,0,0,0,0.94422,0,0,-0.32932,0,0,-0.357
0,0,0.75,0,0,0,0.94304,0,0,-0.33268,0,0,-0.357
0,0,0.75,0,0,0,0.94184,0,0,-0.33605,0,0,-0.357
0,0,0.75,0,0,0,0.94064,0,0,-0.33941,0,0,-0.357
0,0,0.75,0,0,0,0.93942,0,0,-0.34277,0,0,-0.357
0,0,0.75,0,0,0,0.93819,0,0,-0.34612,0,0,-0.357
0,0,0.75,0,0,0,0.93695,0,0,-0.34946,0,0,-0.357
0,0,0.75,0,0,0,0.9357,0,0,-0.35281,0,0,-0.357
0,0,0.75,0,0,0,0.93443,0,0,-0.35615,0,0,-0.357
0,0,0.75,0,0,0,0.93315,0,0,-0.35948,0,0,-0.357
0,0,0.75,0,0,0,0.93186,0,0,-0.36281,0,0,-0.357
0,0,0.75,0,0,0,0.93056,0,0,-0.36613,0,0,-0.357
0,0,0.75,0,0,0,0.92925,0,0,-0.36945,0,0,-0.357
0,0,0.75,0,0,0,0.92792,0,0,-0.37277,0,0,-0.357
0,0,0.75,0,0,0,0.92659,0,0,-0.37608,0,0,-0.357
0,0,0.75,0,0,0,0.92524,0,0,-0.37938,0,0,-0.357
0,0,0.75,0,0,0,0.92524,0,0,-0.37938,0,0,0
0,0,0.75,0,0,0,0.92524,0,0,-0.37938,0,0,0
0,0,0.75,0,0,0,0.92524,0,0,-0.37938,0,0,0
0,0,0.75,0,0,0,0.92524,0,0,-0.37938,0,0,0
0,0,0.75,0,0,0,0.92524,0,0,-0.37938,0,0,0
0,0,0.75,0,0,0,0.92524,0,0,-0.37938,0,0,0
0,0,0.75,0,0,0,0.92524,0,0,-0.37938,0,0,0
0,0,0.75,0,0,0,0.92524,0,0,-0.37938,0,0,0
0,0,0.75,0,0,0,0.92524,0,0,-0.37938,0,0,0
0,0,0.75,0,0,0,0.92524,0,0,-0.37938,0,0,0
0,0,0.75,0,0,0,0.92524,0,0,-0.37938,0,0,0
0,0,0.75,0,0,0,0.92524,0,0,-0.37938,0,0,0
0,0,0.75,0,0,0,0.92524,0,0,-0.37938,0,0,0
0,0,0.75,0,0,0,0.92524,0,0,-0.37938,0,0,0
0,0,0.75,0,0,0,0.92524,0,0,-0.37938,0,0,0
0,0,0.75,0,0,0,0.92524,0,0,-0.37938,0,0,0
0,0,0.75,0,0,0,0.92524,0,0,-0.37938,0,0,0
0,0,0.75,0,0,0,0.92524,0,0,-0.37938,0,0,0
0,0,0.75,0,0,0,0.92524,0,0,-0.37938,0,0,0
0,0,0.75,0,0,0,0.92524,0,0,-0.37938,0,0,0
0,0,0.75,0,0,0,0.92524,0,0,-0.37938,0,0,0
0,0,0.75,0,0,0,0.92524,0,0,-0.37938,0,0,0
0,0,0.75,0,0,0,0.92524,0,0,-0.37938,0,0,0
0,0,0.75,0,0,0,0.92524,0,0,-0.37938,0,0,0
0,0,0.75,0,0,0,0.92524,0,0,-0.37938,0,0,0
0,0,0.75,0,0,0,0.92524,0,0,-0.37938,0,0,0
0,0,0.75,0,0,0,0.92524,0,0,-0.37938,0,0,0
0,0,0.75,0,0,0,0.92524,0,0,-0.37938,0,0,0
0,0,0.75,0,0,0,0.92524,0,0,-0.37938,0,0,0
0,0,0.75,0,0,0,0.92524,0,0,-0.37938,0,0,0
0,0,0.75,0,0,0,0.92524,0,0,-0.37938,0,0,0
0,0,0.75,0,0,0,0.92524,0,0,-0.37938,0,0,0
0,0,0.75,0,0,0,0.92524,0,0,-0.37938,0,0,0
0,0,0.75,0,0,0,0.92524,0,0,-0.37938,0,0,0
0,0,0.75,0,0,0,0.92524,0,0,-0.37938,0,0,0
0,0,0.75,0,0,0,0.92524,0,0,-0.37938,0,0,0
0,0,0.75,0,0,0,0.92524,0,0,-0.37938,0,0,0
0,0,0.75,0,0,0,0.92524,0,0,-0.37938,0,0,0
0,0,0.75,0,0,0,0.92524,0,0,-0.37938,0,0,0
0,0,0.75,0,0,0,0.92524,0,0,-0.37938,0,0,0
0,0,0.75,0,0,0,0.92524,0,0,-0.37938,0,0,0
0,0,0.75,0,0,0,0.92524,0,0,-0.37938,0,0,0
0,0,0.75,0,0,0,0.92524,0,0,-0.37938,0,0,0
0,0,0.75,0,0,0,0.92524,0,0,-0.37938,0,0,0
0,0,0.75,0,0,0,0.92524,0,0,-0.37938,0,0,0
0,0,0.75,0,0,0,0.92524,0,0,-0.37938,0,0,0
0,0,0.75,0,0,0,0.92524,0,0,-0.37938,0,0,0
0,0,0.75,0,0,0,0.92524,0,0,-0.37938,0,0,0
0,0,0.75,0,0,0,0.92524,0,0,-0.37938,0,0,0
0,0,0.75,0,0,0,0.92524,0,0,-0.37938,0,0,0
0,0,0.75,0,0,0,0.92524,0,0,-0.37938,0,0,0
0,0,0.75,0,0,0,0.92524,0,0,-0.37938,0,0,0
0,0,0.75,0,0,0,0.92524,0,0,-0.37938,0,0,0
0,0,0.75,0,0,0,0.92524,0,0,-0.37938,0,0,0
0,0,0.75,0,0,0,0.92524,0,0,-0.37938,0,0,0
0,0,0.75,0,0,0,0.92524,0,0,-0.37938,0,0,0
0,0,0.75,0,0,0,0.92524,0,0,-0.37938,0,0,0
0,0,0.75,0,0,0,0.92524,0,0,-0.37938,0,0,0
0,0,0.75,0,0,0,0.92524,0,0,-0.37938,0,0,0
0,0,0.75,0,0,0,0.92524,0,0,-0.37938,0,0,0
0,0,0.75,0,0,0,0.92524,0,0,-0.37938,0,0,0
0,0,0.75,0,0,0,0.92524,0,0,-0.37938,0,0,0
0,0,0.75,0,0,0,0.92524,0,0,-0.37938,0,0,0
0,0,0.75,0,0,0,0.92524,0,0,-0.37938,0,0,0
0,0,0.75,0,0,0,0.92524,0,0,-0.37938,0,0,0
0,0,0.75,0,0,0,0.92524,0,0,-0.37938,0,0,0
0,0,0.75,0,0,0,0.92524,0,0,-0.37938,0,0,0
0,0,0.75,0,0,0,0.92524,0,0,-0.37938,0,0,0
0,0,0.75,0,0,0,0.92524,0,0,-0.37938,0,0,0
0,0,0.75,0,0,0,0.92524,0,0,-0.37938,0,0,0
0,0,0.75,0,0,0,0.92524,0,0,-0.37938,0,0,0
0,0,0.75,0,0,0,0.92524,0,0,-0.37938,0,0,0
0,0,0.75,0,0,0,0.92524,0,0,-0.37938,0,0,0
0,0,0.75,0,0,0,0.92524,0,0,-0.37938,0,0,0
0,0,0.75,0,0,0,0.92524,0,0,-0.37938,0,0,0
0,0,0.75,0,0,0,0.92524,0,0,-0.37938,0,0,0
0,0,0.75,0,0,0,0.92524,0,0,-0.37938,0,0,0
0,0,0.75,0,0,0,0.92524,0,0,-0.37938,0,0,0
0,0,0.75,0,0,0,0.92524,0,0,-0.37938,0,0,0
0,0,0.75,0,0,0,0.92524,0,0,-0.37938,0,0,0
0,0,0.75,0,0,0,0.92524,0,0,-0.37938,0,0,0
0,0,0.75,0,0,0,0.92524,0,0,-0.37938,0,0,0
0,0,0.75,0,0,0,0.92524,0,0,-0.37938,0,0,0
0,0,0.75,0,0,0,0.92524,0,0,-0.37938,0,0,0
0,0,0.75,0,0,0,0.92524,0,0,-0.37938,0,0,0
0,0,0.75,0,0,0,0.92524,0,0,-0.37938,0,0,0
0,0,0.75,0,0,0,0.92524,0,0,-0.37938,0,0,0
0,0,0.75,0,0,0,0.92524,0,0,-0.37938,0,0,0
0,0,0.75,0,0,0,0.92524,0,0,-0.37938,0,0,0
0,0,0.75,0,0,0,0.92524,0,0,-0.37938,0,0,0
0,0,0.75,0,0,0,0.92524,0,0,-0.37938,0,0,0
0,0,0.75,0,0,0,0.92524,0,0,-0.37938,0,0,0
0,0,0.75,0,0,0,0.92524,0,0,-0.37938,0,0,0
0,0,0.75,0,0,0,0.92524,0,0,-0.37938,0,0,0
0,0,0.75,0,0,0,0.92524,0,0,-0.37938,0,0,0
0,0,0.75,0,0,0,0.92524,0,0,-0.37938,0,0,0
0,0,0.75,0,0,0,0.92524,0,0,-0.37938,0,0,0
0,0,0.75,0,0,0,0.92524,0,0,-0.37938,0,0,0
0,0,0.75,0,0,0,0.92524,0,0,-0.37938,0,0,0
0,0,0.75,0,0,0,0.92524,0,0,-0.37938,0,0,0
0,0,0.75,0,0,0,0.92388,0,0,-0.38268,0,0,-0.357
0,0,0.75,0,0,0,0.92524,0,0,-0.37938,0,0,0.357
0,0,0.75,0,0,0,0.92659,0,0,-0.37608,0,0,0.357
0,0,0.75,0,0,0,0.92792,0,0,-0.37277,0,0,0.357
0,0,0.75,0,0,0,0.92925,0,0,-0.36945,0,0,0.357
0,0,0.75,0,0,0,0.93056,0,0,-0.36613,0,0,0.357
0,0,0.75,0,0,0,0.93186,0,0,-0.36281,0,0,0.357
0,0,0.75,0,0,0,0.93315,0,0,-0.35948,0,0,0.357
0,0,0.75,0,0,0,0.93443,0,0,-0.35615,0,0,0.357
0,0,0.75,0,0,0,0.9357,0,0,-0.35281,0,0,0.357
0,0,0.75,0,0,0,0.93695,0,0,-0.34946,0,0,0.357
0,0,0.75,0,0,0,0.93819,0,0,-0.34612,0,0,0.357
0,0,0.75,0,0,0,0.93942,0,0,-0.34277,0,0,0.357
0,0,0.75,0,0,0,0.94064,0,0,-0.33941,0,0,0.357
0,0,0.75,0,0,0,0.94184,0,0,-0.33605,0,0,0.357
0,0,0.75,0,0,0,0.94304,0,0,-0.33268,0,0,0.357
0,0,0.75,0,0,0,0.94422,0,0,-0.32932,0,0,0.357
0,0,0.75,0,0,0,0.94539,0,0,-0.32594,0,0,0.357
0,0,0.75,0,0,0,0.94655,0,0,-0.32257,0,0,0.357
0,0,0.75,0,0,0,0.94769,0,0,-0.31918,0,0,0.357
0,0,0.75,0,0,0,0.94883,0,0,-0.3158,0,0,0.357
0,0,0.75,0,0,0,0.94995,0,0,-0.31241,0,0,0.357
0,0,0.75,0,0,0,0.95106,0,0,-0.30902,0,0,0.357
0,0,0.75,0,0,0,0.95215,0,0,-0.30562,0,0,0.357
0,0,0.75,0,0,0,0.95324,0,0,-0.30222,0,0,0.357
0,0,0.75,0,0,0,0.95431,0,0,-0.29881,0,0,0.357
0,0,0.75,0,0,0,0.95537,0,0,-0.2954,0,0,0.357
0,0,0.75,0,0,0,0.95642,0,0,-0.29199,0,0,0.357
0,0,0.75,0,0,0,0.95746,0,0,-0.28858,0,0,0.357
0,0,0.75,0,0,0,0.95848,0,0,-0.28516,0,0,0.357
0,0,0.75,0,0,0,0.95949,0,0,-0.28173,0,0,0.357
0,0,0.75,0,0,0,0.96049,0,0,-0.27831,0,0,0.357
0,0,0.75,0,0,0,0.96148,0,0,-0.27487,0,0,0.357
0,0,0.75,0,0,0,0.96246,0,0,-0.27144,0,0,0.357
0,0,0.75,0,0,0,0.96342,0,0,-0.268,0,0,0.357
0,0,0.75,0,0,0,0.96437,0,0,-0.26456,0,0,0.357
0,0,0.75,0,0,0,0.96531,0,0,-0.26112,0,0,0.357
0,0,0.75,0,0,0,0.96623,0,0,-0.25767,0,0,0.357
0,0,0.75,0,0,0,0.96715,0,0,-0.25422,0,0,0.357
0,0,0.75,0,0,0,0.96805,0,0,-0.25076,0,0,0.357
0,0,0.75,0,0,0,0.96894,0,0,-0.24731,0,0,0.357
0,0,0.75,0,0,0,0.96981,0,0,-0.24385,0,0,0.357
0,0,0.75,0,0,0,0.97068,0,0,-0.24038,0,0,0.357
0,0,0.75,0,0,0,0.97153,0,0,-0.23692,0,0,0.357
0,0,0.75,0,0,0,0.97237,0,0,-0.23345,0,0,0.357
0,0,0.75,0,0,0,0.9732,0,0,-0.22997,0,0,0.357
0,0,0.75,0,0,0,0.97401,0,0,-0.2265,0,0,0.357
0,0,0.75,0,0,0,0.97481,0,0,-0.22302,0,0,0.357
0,0,0.75,0,0,0,0.9756,0,0,-0.21954,0,0,0.357
0,0,0.75,0,0,0,0.97638,0,0,-0.21605,0,0,0.357
0,0,0.75,0,0,0,0.97715,0,0,-0.21257,0,0,0.357
0,0,0.75,0,0,0,0.9779,0,0,-0.20908,0,0,0.357
0,0,0.75,0,0,0,0.97864,0,0,-0.20558,0,0,0.357
0,0,0.75,0,0,0,0.97937,0,0,-0.20209,0,0,0.357
0,0,0.75,0,0,0,0.98008,0,0,-0.19859,0,0,0.357
0,0,0.75,0,0,0,0.98079,0,0,-0.19509,0,0,0.357
0,0,0.75,0,0,0,0.98148,0,0,-0.19159,0,0,0.357
0,0,0.75,0,0,0,0.98215,0,0,-0.18808,0,0,0.357
0,0,0.75,0,0,0,0.98282,0,0,-0.18458,0,0,0.357
0,0,0.75,0,0,0,0.98347,0,0,-0.18107,0,0,0.357
0,0,0.75,0,0,0,0.98411,0,0,-0.17755,0,0,0.357
0,0,0.75,0,0,0,0.98474,0,0,-0.17404,0,0,0.357
0,0,0.75,0,0,0,0.98535,0,0,-0.17052,0,0,0.357
0,0,0.75,0,0,0,0.98596,0,0,-0.167,0,0,0.357
0,0,0.75,0,0,0,0.98655,0,0,-0.16348,0,0,0.357
0,0,0.75,0,0,0,0.98712,0,0,-0.15996,0,0,0.357
0,0,0.75,0,0,0,0.98769,0,0,-0.15643,0,0,0.357
0,0,0.75,0,0,0,0.98824,0,0,-0.15291,0,0,0.357
0,0,0.75,0,0,0,0.98878,0,0,-0.14938,0,0,0.357
0,0,0.75,0,0,0,0.98931,0,0,-0.14585,0,0,0.357
0,0,0.75,0,0,0,0.98982,0,0,-0.14231,0,0,0.357
0,0,0.75,0,0,0,0.99032,0,0,-0.13878,0,0,0.357
0,0,0.75,0,0,0,0.99081,0,0,-0.13524,0,0,0.357
0,0,0.75,0,0,0,0.99129,0,0,-0.13171,0,0,0.357
0,0,0.75,0,0,0,0.99175,0,0,-0.12817,0,0,0.357
0,0,0.75,0,0,0,0.9922,0,0,-0.12462,0,0,0.357
0,0,0.75,0,0,0,0.99264,0,0,-0.12108,0,0,0.357
0,0,0.75,0,0,0,0.99307,0,0,-0.11754,0,0,0.357
0,0,0.75,0,0,0,0.99348,0,0,-0.11399,0,0,0.357
0,0,0.75,0,0,0,0.99388,0,0,-0.11044,0,0,0.357
0,0,0.75,0,0,0,0.99427,0,0,-0.1069,0,0,0.357
0,0,0.75,0,0,0,0.99465,0,0,-0.10334,0,0,0.357
0,0,0.75,0,0,0,0.99501,0,0,-0.099793,0,0,0.357
0,0,0.75,0,0,0,0.99536,0,0,-0.096241,0,0,0.357
0,0,0.75,0,0,0,0.9957,0,0,-0.092687,0,0,0.357
0,0,0.75,0,0,0,0.99602,0,0,-0.089131,0,0,0.357
0,0,0.75,0,0,0,0.99633,0,0,-0.085575,0,0,0.357
0,0,0.75,0,0,0,0.99663,0,0,-0.082018,0,0,0.357
0,0,0.75,0,0,0,0.99692,0,0,-0.078459,0,0,0.357
0,0,0.75,0,0,0,0.99719,0,0,-0.0749,0,0,0.357
0,0,0.75,0,0,0,0.99745,0,0,-0.071339,0,0,0.357
0,0,0.75,0,0,0,0.9977,0,0,-0.067778,0,0,0.357
0,0,0.75,0,0,0,0.99794,0,0,-0.064216,0,0,0.357
0,0,0.75,0,0,0,0.99816,0,0,-0.060653,0,0,0.357
0,0,0.75,0,0,0,0.99837,0,0,-0.057089,0,0,0.357
0,0,0.75,0,0,0,0.99857,0,0,-0.053524,0,0,0.357
0,0,0.75,0,0,0,0.99875,0,0,-0.049959,0,0,0.357
0,0,0.75,0,0,0,0.99892,0,0,-0.046393,0,0,0.357
0,0,0.75,0,0,0,0.99908,0,0,-0.042827,0,0,0.357
0,0,0.75,0,0,0,0.99923,0,0,-0.03926,0,0,0.357
0,0,0.75,0,0,0,0.99936,0,0,-0.035692,0,0,0.357
0,0,0.75,0,0,0,0.99948,0,0,-0.032124,0,0,0.357
0,0,0.75,0,0,0,0.99959,0,0,-0.028556,0,0,0.357
0,0,0.75,0,0,0,0.99969,0,0,-0.024987,0,0,0.357
0,0,0.75,0,0,0,0.99977,0,0,-0.021418,0,0,0.357
0,0,0.75,0,0,0,0.99984,0,0,-0.017849,0,0,0.357
0,0,0.75,0,0,0,0.9999,0,0,-0.014279,0,0,0.357
0,0,0.75,0,0,0,0.99994,0,0,-0.01071,0,0,0.357
0,0,0.75,0,0,0,0.99997,0,0,-0.0071399,0,0,0.357
0,0,0.75,0,0,0,0.99999,0,0,-0.00357,0,0,0.357
