0,0,1,0,0,0,0,0,0,1,0,0,0,0,0,0
0,0.013292,1,0,0.66459,0,0,33.23,0,1,0,0,0,0,0,0
0,0.027438,1,0,0.7073,0,0,2.1355,0,1,0,0,0,0,0,0
0,0.042402,1,0,0.7482,0,0,2.0448,0,1,0,0,0,0,0,0
0,0.058148,1,0,0.78728,0,0,1.9541,0,1,0,0,0,0,0,0
0,0.074639,1,0,0.82455,0,0,1.8634,0,1,0,0,0,0,0,0
0,0.091839,1,0,0.86,0,0,1.7727,0,1,0,0,0,0,0,0
0,0.10971,1,0,0.89364,0,0,1.682,0,1,0,0,0,0,0,0
0,0.12822,1,0,0.92547,0,0,1.5914,0,1,0,0,0,0,0,0
0,0.14733,1,0,0.95549,0,0,1.5007,0,1,0,0,0,0,0,0
0,0.167,1,0,0.98368,0,0,1.41,0,1,0,0,0,0,0,0
0,0.18721,1,0,1.0101,0,0,1.3193,0,1,0,0,0,0,0,0
0,0.2079,1,0,1.0346,0,0,1.2286,0,1,0,0,0,0,0,0
0,0.22905,1,0,1.0574,0,0,1.1379,0,1,0,0,0,0,0,0
0,0.25061,1,0,1.0783,0,0,1.0472,0,1,0,0,0,0,0,0
0,0.27256,1,0,1.0975,0,0,0.95656,0,1,0,0,0,0,0,0
0,0.29486,1,0,1.1148,0,0,0.86587,0,1,0,0,0,0,0,0
0,0.31746,1,0,1.1303,0,0,0.77519,0,1,0,0,0,0,0,0
0,0.34034,1,0,1.144,0,0,0.6845,0,1,0,0,0,0,0,0
0,0.36346,1,0,1.1559,0,0,0.59382,0,1,0,0,0,0,0,0
0,0.38678,1,0,1.1659,0,0,0.50313,0,1,0,0,0,0,0,0
0,0.41026,1,0,1.1742,0,0,0.41245,0,1,0,0,0,0,0,0
0,0.43388,1,0,1.1806,0,0,0.32176,0,1,0,0,0,0,0,0
0,0.45758,1,0,1.1852,0,0,0.23108,0,1,0,0,0,0,0,0
0,0.48134,1,0,1.188,0,0,0.14039,0,1,0,0,0,0,0,0
0,0.50512,1,0,1.189,0,0,0.049705,0,1,0,0,0,0,0,0
0,0.52889,1,0,1.1882,0,0,-0.040981,0,1,0,0,0,0,0,0
0,0.5526,1,0,1.1856,0,0,-0.13167,0,1,0,0,0,0,0,0
0,0.57622,1,0,1.1811,0,0,-0.22235,0,1,0,0,0,0,0,0
0,0.59972,1,0,1.1749,0,0,-0.31304,0,1,0,0,0,0,0,0
0,0.62305,1,0,1.1668,0,0,-0.40372,0,1,0,0,0,0,0,0
0,0.64619,1,0,1.1569,0,0,-0.49441,0,1,0,0,0,0,0,0
0,0.6691,1,0,1.1452,0,0,-0.58509,0,1,0,0,0,0,0,0
0,0.69173,1,0,1.1317,0,0,-0.67578,0,1,0,0,0,0,0,0
0,0.71406,1,0,1.1164,0,0,-0.76646,0,1,0,0,0,0,0,0
0,0.73604,1,0,1.0992,0,0,-0.85715,0,1,0,0,0,0,0,0
0,0.75765,1,0,1.0803,0,0,-0.94783,0,1,0,0,0,0,0,0
0,0.77884,1,0,1.0595,0,0,-1.0385,0,1,0,0,0,0,0,0
0,0.79958,1,0,1.0369,0,0,-1.1292,0,1,0,0,0,0,0,0
0,0.81983,1,0,1.0125,0,0,-1.2199,0,1,0,0,0,0,0,0
0,0.83955,1,0,0.9863,0,0,-1.3106,0,1,0,0,0,0,0,0
0,0.85872,1,0,0.95828,0,0,-1.4013,0,1,0,0,0,0,0,0
0,0.87729,1,0,0.92844,0,0,-1.4919,0,1,0,0,0,0,0,0
0,0.89522,1,0,0.89679,0,0,-1.5826,0,1,0,0,0,0,0,0
0,0.91249,1,0,0.86332,0,0,-1.6733,0,1,0,0,0,0,0,0
0,0.92905,1,0,0.82804,0,0,-1.764,0,1,0,0,0,0,0,0
0,0.94487,1,0,0.79095,0,0,-1.8547,0,1,0,0,0,0,0,0
0,0.95991,1,0,0.75204,0,0,-1.9454,0,1,0,0,0,0,0,0
0,0.97414,1,0,0.71132,0,0,-2.0361,0,1,0,0,0,0,0,0
0,0.98751,1,0,0.66878,0,0,-2.1267,0,1,0,0,0,0,0,0
0,1,1,0,0.62443,0,0,-2.2174,0,1,0,0,0,0,0,0
0,1.0116,1,0,0.57879,0,0,-2.282,0,1,0,0,0,0,0,0
0,1.0223,1,0,0.53396,0,0,-2.2418,0,1,0,0,0,0,0,0
0,1.0321,1,0,0.49045,0,0,-2.1755,0,1,0,0,0,0,0,0
0,1.041,1,0,0.44826,0,0,-2.1092,0,1,0,0,0,0,0,0
0,1.0492,1,0,0.4074,0,0,-2.043,0,1,0,0,0,0,0,0
0,1.0565,1,0,0.36787,0,0,-1.9767,0,1,0,0,0,0,0,0
0,1.0631,1,0,0.32966,0,0,-1.9104,0,1,0,0,0,0,0,0
0,1.069,1,0,0.29278,0,0,-1.8441,0,1,0,0,0,0,0,0
0,1.0741,1,0,0.25722,0,0,-1.7778,0,1,0,0,0,0,0,0
0,1.0786,1,0,0.22299,0,0,-1.7115,0,1,0,0,0,0,0,0
0,1.0824,1,0,0.19009,0,0,-1.6452,0,1,0,0,0,0,0,0
0,1.0856,1,0,0.15851,0,0,-1.5789,0,1,0,0,0,0,0,0
0,1.0881,1,0,0.12826,0,0,-1.5127,0,1,0,0,0,0,0,0
0,1.0901,1,0,0.099329,0,0,-1.4464,0,1,0,0,0,0,0,0
0,1.0915,1,0,0.071728,0,0,-1.3801,0,1,0,0,0,0,0,0
0,1.0925,1,0,0.045452,0,0,-1.3138,0,1,0,0,0,0,0,0
0,1.0929,1,0,0.020502,0,0,-1.2475,0,1,0,0,0,0,0,0
0,1.0928,1,0,-0.0031224,0,0,-1.1812,0,1,0,0,0,0,0,0
0,1.0923,1,0,-0.025421,0,0,-1.1149,0,1,0,0,0,0,0,0
0,1.0914,1,0,-0.046394,0,0,-1.0486,0,1,0,0,0,0,0,0
0,1.09,1,0,-0.066041,0,0,-0.98235,0,1,0,0,0,0,0,0
0,1.0884,1,0,-0.084362,0,0,-0.91606,0,1,0,0,0,0,0,0
0,1.0863,1,0,-0.10136,0,0,-0.84977,0,1,0,0,0,0,0,0
0,1.084,1,0,-0.11703,0,0,-0.78348,0,1,0,0,0,0,0,0
0,1.0814,1,0,-0.13137,0,0,-0.71719,0,1,0,0,0,0,0,0
0,1.0785,1,0,-0.14439,0,0,-0.65091,0,1,0,0,0,0,0,0
0,1.0754,1,0,-0.15608,0,0,-0.58462,0,1,0,0,0,0,0,0
0,1.072,1,0,-0.16645,0,0,-0.51833,0,1,0,0,0,0,0,0
0,1.0685,1,0,-0.17549,0,0,-0.45204,0,1,0,0,0,0,0,0
0,1.0649,1,0,-0.1832,0,0,-0.38575,0,1,0,0,0,0,0,0
0,1.0611,1,0,-0.18959,0,0,-0.31946,0,1,0,0,0,0,0,0
0,1.0572,1,0,-0.19466,0,0,-0.25318,0,1,0,0,0,0,0,0
0,1.0532,1,0,-0.19839,0,0,-0.18689,0,1,0,0,0,0,0,0
0,1.0492,1,0,-0.20081,0,0,-0.1206,0,1,0,0,0,0,0,0
0,1.0451,1,0,-0.20189,0,0,-0.054311,0,1,0,0,0,0,0,0
0,1.0411,1,0,-0.20165,0,0,0.011977,0,1,0,0,0,0,0,0
0,1.0371,1,0,-0.20009,0,0,0.078266,0,1,0,0,0,0,0,0
0,1.0332,1,0,-0.1972,0,0,0.14455,0,1,0,0,0,0,0,0
0,1.0293,1,0,-0.19298,0,0,0.21084,0,1,0,0,0,0,0,0
0,1.0256,1,0,-0.18744,0,0,0.27713,0,1,0,0,0,0,0,0
0,1.0219,1,0,-0.18057,0,0,0.34342,0,1,0,0,0,0,0,0
0,1.0185,1,0,-0.17237,0,0,0.40971,0,1,0,0,0,0,0,0
0,1.0152,1,0,-0.16285,0,0,0.476,0,1,0,0,0,0,0,0
0,1.0122,1,0,-0.15201,0,0,0.54228,0,1,0,0,0,0,0,0
0,1.0094,1,0,-0.13984,0,0,0.60857,0,1,0,0,0,0,0,0
0,1.0069,1,0,-0.12634,0,0,0.67486,0,1,0,0,0,0,0,0
0,1.0046,1,0,-0.11152,0,0,0.74115,0,1,0,0,0,0,0,0
0,1.0027,1,0,-0.095368,0,0,0.80744,0,1,0,0,0,0,0,0
0,1.0012,1,0,-0.077894,0,0,0.87373,0,1,0,0,0,0,0,0
0,1,1,0,-0.059094,0,0,0.94001,0,1,0,0,0,0,0,0
0,0.99921,1,0,-0.03937,0,0,0.98618,0,1,0,0,0,0,0,0
0,0.99881,1,0,-0.020333,0,0,0.95183,0,1,0,0,0,0,0,0
0,0.99876,1,0,-0.002386,0,0,0.89737,0,1,0,0,0,0,0,0
0,0.99905,1,0,0.014472,0,0,0.8429,0,1,0,0,0,0,0,0
0,0.99965,1,0,0.030241,0,0,0.78843,0,1,0,0,0,0,0,0
0,1.0006,1,0,0.04492,0,0,0.73396,0,1,0,0,0,0,0,0
0,1.0017,1,0,0.05851,0,0,0.67949,0,1,0,0,0,0,0,0
0,1.0031,1,0,0.07101,0,0,0.62503,0,1,0,0,0,0,0,0
0,1.0048,1,0,0.082421,0,0,0.57056,0,1,0,0,0,0,0,0
0,1.0066,1,0,0.092743,0,0,0.51609,0,1,0,0,0,0,0,0
0,1.0087,1,0,0.10198,0,0,0.46162,0,1,0,0,0,0,0,0
0,1.0109,1,0,0.11012,0,0,0.40715,0,1,0,0,0,0,0,0
0,1.0132,1,0,0.11717,0,0,0.35269,0,1,0,0,0,0,0,0
0,1.0157,1,0,0.12314,0,0,0.29822,0,1,0,0,0,0,0,0
0,1.0183,1,0,0.12801,0,0,0.24375,0,1,0,0,0,0,0,0
0,1.0209,1,0,0.1318,0,0,0.18928,0,1,0,0,0,0,0,0
0,1.0236,1,0,0.13449,0,0,0.13482,0,1,0,0,0,0,0,0
0,1.0263,1,0,0.1361,0,0,0.080347,0,1,0,0,0,0,0,0
0,1.029,1,0,0.13662,0,0,0.025879,0,1,0,0,0,0,0,0
0,1.0318,1,0,0.13605,0,0,-0.028589,0,1,0,0,0,0,0,0
0,1.0344,1,0,0.13439,0,0,-0.083057,0,1,0,0,0,0,0,0
0,1.0371,1,0,0.13163,0,0,-0.13752,0,1,0,0,0,0,0,0
0,1.0396,1,0,0.1278,0,0,-0.19199,0,1,0,0,0,0,0,0
0,1.0421,1,0,0.12287,0,0,-0.24646,0,1,0,0,0,0,0,0
0,1.0444,1,0,0.11685,0,0,-0.30093,0,1,0,0,0,0,0,0
0,1.0466,1,0,0.10974,0,0,-0.3554,0,1,0,0,0,0,0,0
0,1.0487,1,0,0.10154,0,0,-0.40986,0,1,0,0,0,0,0,0
0,1.0505,1,0,0.092255,0,0,-0.46433,0,1,0,0,0,0,0,0
0,1.0521,1,0,0.081879,0,0,-0.5188,0,1,0,0,0,0,0,0
0,1.0535,1,0,0.070414,0,0,-0.57327,0,1,0,0,0,0,0,0
0,1.0547,1,0,0.057859,0,0,-0.62774,0,1,0,0,0,0,0,0
0,1.0556,1,0,0.044215,0,0,-0.6822,0,1,0,0,0,0,0,0
0,1.0562,1,0,0.029482,0,0,-0.73667,0,1,0,0,0,0,0,0
0,1.0564,1,0,0.013659,0,0,-0.79114,0,1,0,0,0,0,0,0
0,1.0564,1,0,-0.0032532,0,0,-0.84561,0,1,0,0,0,0,0,0
0,1.056,1,0,-0.021255,0,0,-0.90008,0,1,0,0,0,0,0,0
0,1.0551,1,0,-0.040346,0,0,-0.95454,0,1,0,0,0,0,0,0
0,1.0539,1,0,-0.060526,0,0,-1.009,0,1,0,0,0,0,0,0
0,1.0523,1,0,-0.081795,0,0,-1.0635,0,1,0,0,0,0,0,0
0,1.0502,1,0,-0.10415,0,0,-1.1179,0,1,0,0,0,0,0,0
0,1.0477,1,0,-0.1276,0,0,-1.1724,0,1,0,0,0,0,0,0
0,1.0446,1,0,-0.15214,0,0,-1.2269,0,1,0,0,0,0,0,0
0,1.0411,1,0,-0.17777,0,0,-1.2814,0,1,0,0,0,0,0,0
0,1.037,1,0,-0.20448,0,0,-1.3358,0,1,0,0,0,0,0,0
0,1.0323,1,0,-0.23229,0,0,-1.3903,0,1,0,0,0,0,0,0
0,1.0271,1,0,-0.26118,0,0,-1.4448,0,1,0,0,0,0,0,0
0,1.0213,1,0,-0.29117,0,0,-1.4992,0,1,0,0,0,0,0,0
0,1.0148,1,0,-0.32224,0,0,-1.5537,0,1,0,0,0,0,0,0
0,1.0078,1,0,-0.35441,0,0,-1.6082,0,1,0,0,0,0,0,0
0,1,1,0,-0.38766,0,0,-1.6626,0,1,0,0,0,0,0,0
0,0.99157,1,0,-0.42171,0,0,-1.7024,0,1,0,0,0,0,0,0
0,0.98246,1,0,-0.45537,0,0,-1.6831,0,1,0,0,0,0,0,0
0,0.97269,1,0,-0.48835,0,0,-1.6491,0,1,0,0,0,0,0,0
0,0.96228,1,0,-0.52065,0,0,-1.6151,0,1,0,0,0,0,0,0
0,0.95123,1,0,-0.55228,0,0,-1.5812,0,1,0,0,0,0,0,0
0,0.93957,1,0,-0.58322,0,0,-1.5472,0,1,0,0,0,0,0,0
0,0.9273,1,0,-0.61348,0,0,-1.5132,0,1,0,0,0,0,0,0
0,0.91444,1,0,-0.64307,0,0,-1.4792,0,1,0,0,0,0,0,0
0,0.901,1,0,-0.67197,0,0,-1.4452,0,1,0,0,0,0,0,0
0,0.88699,1,0,-0.7002,0,0,-1.4112,0,1,0,0,0,0,0,0
0,0.87244,1,0,-0.72774,0,0,-1.3773,0,1,0,0,0,0,0,0
0,0.85735,1,0,-0.75461,0,0,-1.3433,0,1,0,0,0,0,0,0
0,0.84173,1,0,-0.78079,0,0,-1.3093,0,1,0,0,0,0,0,0
0,0.82561,1,0,-0.8063,0,0,-1.2753,0,1,0,0,0,0,0,0
0,0.80898,1,0,-0.83113,0,0,-1.2413,0,1,0,0,0,0,0,0
0,0.79188,1,0,-0.85527,0,0,-1.2073,0,1,0,0,0,0,0,0
0,0.7743,1,0,-0.87874,0,0,-1.1734,0,1,0,0,0,0,0,0
0,0.75627,1,0,-0.90153,0,0,-1.1394,0,1,0,0,0,0,0,0
0,0.7378,1,0,-0.92364,0,0,-1.1054,0,1,0,0,0,0,0,0
0,0.7189,1,0,-0.94506,0,0,-1.0714,0,1,0,0,0,0,0,0
0,0.69958,1,0,-0.96581,0,0,-1.0374,0,1,0,0,0,0,0,0
0,0.67986,1,0,-0.98588,0,0,-1.0034,0,1,0,0,0,0,0,0
0,0.65976,1,0,-1.0053,0,0,-0.96946,0,1,0,0,0,0,0,0
0,0.63928,1,0,-1.024,0,0,-0.93548,0,1,0,0,0,0,0,0
0,0.61844,1,0,-1.042,0,0,-0.90149,0,1,0,0,0,0,0,0
0,0.59725,1,0,-1.0594,0,0,-0.86751,0,1,0,0,0,0,0,0
0,0.57573,1,0,-1.076,0,0,-0.83352,0,1,0,0,0,0,0,0
0,0.55389,1,0,-1.092,0,0,-0.79954,0,1,0,0,0,0,0,0
0,0.53174,1,0,-1.1073,0,0,-0.76556,0,1,0,0,0,0,0,0
0,0.5093,1,0,-1.122,0,0,-0.73157,0,1,0,0,0,0,0,0
0,0.48659,1,0,-1.1359,0,0,-0.69759,0,1,0,0,0,0,0,0
0,0.4636,1,0,-1.1492,0,0,-0.66361,0,1,0,0,0,0,0,0
0,0.44037,1,0,-1.1618,0,0,-0.62962,0,1,0,0,0,0,0,0
0,0.41689,1,0,-1.1737,0,0,-0.59564,0,1,0,0,0,0,0,0
0,0.39319,1,0,-1.1849,0,0,-0.56166,0,1,0,0,0,0,0,0
0,0.36928,1,0,-1.1955,0,0,-0.52767,0,1,0,0,0,0,0,0
0,0.34518,1,0,-1.2054,0,0,-0.49369,0,1,0,0,0,0,0,0
0,0.32089,1,0,-1.2145,0,0,-0.45971,0,1,0,0,0,0,0,0
0,0.29643,1,0,-1.2231,0,0,-0.42572,0,1,0,0,0,0,0,0
0,0.27181,1,0,-1.2309,0,0,-0.39174,0,1,0,0,0,0,0,0
0,0.24705,1,0,-1.2381,0,0,-0.35776,0,1,0,0,0,0,0,0
0,0.22216,1,0,-1.2445,0,0,-0.32377,0,1,0,0,0,0,0,0
0,0.19715,1,0,-1.2503,0,0,-0.28979,0,1,0,0,0,0,0,0
0,0.17204,1,0,-1.2554,0,0,-0.25581,0,1,0,0,0,0,0,0
0,0.14684,1,0,-1.2599,0,0,-0.22182,0,1,0,0,0,0,0,0
0,0.12157,1,0,-1.2636,0,0,-0.18784,0,1,0,0,0,0,0,0
0,0.096236,1,0,-1.2667,0,0,-0.15385,0,1,0,0,0,0,0,0
0,0.070854,1,0,-1.2691,0,0,-0.11987,0,1,0,0,0,0,0,0
0,0.045437,1,0,-1.2708,0,0,-0.085888,0,1,0,0,0,0,0,0
0,0.02,1,0,-1.2719,0,0,-0.051904,0,1,0,0,0,0,0,0
0,-0.0054445,1,0,-1.2722,0,0,-0.017962,0,1,0,0,0,0,0,0
0,-0.030883,1,0,-1.2719,0,0,0.015813,0,1,0,0,0,0,0,0
0,-0.056301,1,0,-1.2709,0,0,0.049547,0,1,0,0,0,0,0,0
0,-0.081686,1,0,-1.2693,0,0,0.083281,0,1,0,0,0,0,0,0
0,-0.10702,1,0,-1.2669,0,0,0.11702,0,1,0,0,0,0,0,0
0,-0.1323,1,0,-1.2639,0,0,0.15075,0,1,0,0,0,0,0,0
0,-0.15751,1,0,-1.2602,0,0,0.18448,0,1,0,0,0,0,0,0
0,-0.18262,1,0,-1.2558,0,0,0.21822,0,1,0,0,0,0,0,0
0,-0.20764,1,0,-1.2508,0,0,0.25195,0,1,0,0,0,0,0,0
0,-0.23254,1,0,-1.2451,0,0,0.28569,0,1,0,0,0,0,0,0
0,-0.25731,1,0,-1.2387,0,0,0.31942,0,1,0,0,0,0,0,0
0,-0.28195,1,0,-1.2316,0,0,0.35315,0,1,0,0,0,0,0,0
0,-0.30643,1,0,-1.2239,0,0,0.38689,0,1,0,0,0,0,0,0
0,-0.33074,1,0,-1.2155,0,0,0.42062,0,1,0,0,0,0,0,0
0,-0.35486,1,0,-1.2064,0,0,0.45436,0,1,0,0,0,0,0,0
0,-0.3788,1,0,-1.1966,0,0,0.48809,0,1,0,0,0,0,0,0
0,-0.40252,1,0,-1.1862,0,0,0.52182,0,1,0,0,0,0,0,0
0,-0.42602,1,0,-1.1751,0,0,0.55556,0,1,0,0,0,0,0,0
0,-0.44929,1,0,-1.1633,0,0,0.58929,0,1,0,0,0,0,0,0
0,-0.4723,1,0,-1.1508,0,0,0.62303,0,1,0,0,0,0,0,0
0,-0.49506,1,0,-1.1377,0,0,0.65676,0,1,0,0,0,0,0,0
0,-0.51754,1,0,-1.1239,0,0,0.69049,0,1,0,0,0,0,0,0
0,-0.53973,1,0,-1.1094,0,0,0.72423,0,1,0,0,0,0,0,0
0,-0.56161,1,0,-1.0943,0,0,0.75796,0,1,0,0,0,0,0,0
0,-0.58318,1,0,-1.0784,0,0,0.7917,0,1,0,0,0,0,0,0
0,-0.60442,1,0,-1.0619,0,0,0.82543,0,1,0,0,0,0,0,0
0,-0.62531,1,0,-1.0447,0,0,0.85916,0,1,0,0,0,0,0,0
0,-0.64585,1,0,-1.0269,0,0,0.8929,0,1,0,0,0,0,0,0
0,-0.66602,1,0,-1.0083,0,0,0.92663,0,1,0,0,0,0,0,0
0,-0.6858,1,0,-0.98913,0,0,0.96036,0,1,0,0,0,0,0,0
0,-0.70518,1,0,-0.96925,0,0,0.9941,0,1,0,0,0,0,0,0
0,-0.72416,1,0,-0.94869,0,0,1.0278,0,1,0,0,0,0,0,0
0,-0.74271,1,0,-0.92746,0,0,1.0616,0,1,0,0,0,0,0,0
0,-0.76082,1,0,-0.90556,0,0,1.0953,0,1,0,0,0,0,0,0
0,-0.77848,1,0,-0.88297,0,0,1.129,0,1,0,0,0,0,0,0
0,-0.79567,1,0,-0.85972,0,0,1.1628,0,1,0,0,0,0,0,0
0,-0.81239,1,0,-0.83579,0,0,1.1965,0,1,0,0,0,0,0,0
0,-0.82861,1,0,-0.81118,0,0,1.2302,0,1,0,0,0,0,0,0
0,-0.84433,1,0,-0.78591,0,0,1.264,0,1,0,0,0,0,0,0
0,-0.85953,1,0,-0.75995,0,0,1.2977,0,1,0,0,0,0,0,0
0,-0.87419,1,0,-0.73332,0,0,1.3314,0,1,0,0,0,0,0,0
0,-0.88831,1,0,-0.70602,0,0,1.3652,0,1,0,0,0,0,0,0
0,-0.90188,1,0,-0.67804,0,0,1.3989,0,1,0,0,0,0,0,0
0,-0.91486,1,0,-0.64939,0,0,1.4326,0,1,0,0,0,0,0,0
0,-0.92726,1,0,-0.62006,0,0,1.4664,0,1,0,0,0,0,0,0
0,-0.93907,1,0,-0.59006,0,0,1.5001,0,1,0,0,0,0,0,0
0,-0.95025,1,0,-0.55938,0,0,1.5338,0,1,0,0,0,0,0,0
0,-0.96081,1,0,-0.52803,0,0,1.5676,0,1,0,0,0,0,0,0
0,-0.97073,1,0,-0.496,0,0,1.6013,0,1,0,0,0,0,0,0
0,-0.98,1,0,-0.4633,0,0,1.635,0,1,0,0,0,0,0,0
0,-0.9886,1,0,-0.43019,0,0,1.6554,0,1,0,0,0,0,0,0
0,-0.99656,1,0,-0.39775,0,0,1.6223,0,1,0,0,0,0,0,0
0,-1.0039,1,0,-0.36623,0,0,1.5757,0,1,0,0,0,0,0,0
0,-1.0106,1,0,-0.33565,0,0,1.5292,0,1,0,0,0,0,0,0
0,-1.0167,1,0,-0.306,0,0,1.4827,0,1,0,0,0,0,0,0
0,-1.0223,1,0,-0.27727,0,0,1.4362,0,1,0,0,0,0,0,0
0,-1.0273,1,0,-0.24948,0,0,1.3897,0,1,0,0,0,0,0,0
0,-1.0317,1,0,-0.22262,0,0,1.3431,0,1,0,0,0,0,0,0
0,-1.0356,1,0,-0.19668,0,0,1.2966,0,1,0,0,0,0,0,0
0,-1.0391,1,0,-0.17168,0,0,1.2501,0,1,0,0,0,0,0,0
0,-1.042,1,0,-0.14761,0,0,1.2036,0,1,0,0,0,0,0,0
0,-1.0445,1,0,-0.12447,0,0,1.1571,0,1,0,0,0,0,0,0
0,-1.0466,1,0,-0.10226,0,0,1.1105,0,1,0,0,0,0,0,0
0,-1.0482,1,0,-0.080977,0,0,1.064,0,1,0,0,0,0,0,0
0,-1.0494,1,0,-0.060627,0,0,1.0175,0,1,0,0,0,0,0,0
0,-1.0502,1,0,-0.041208,0,0,0.97099,0,1,0,0,0,0,0,0
0,-1.0507,1,0,-0.022718,0,0,0.92447,0,1,0,0,0,0,0,0
0,-1.0508,1,0,-0.0051592,0,0,0.87795,0,1,0,0,0,0,0,0
0,-1.0505,1,0,0.011469,0,0,0.83143,0,1,0,0,0,0,0,0
0,-1.05,1,0,0.027168,0,0,0.78491,0,1,0,0,0,0,0,0
0,-1.0492,1,0,0.041935,0,0,0.73839,0,1,0,0,0,0,0,0
0,-1.048,1,0,0.055773,0,0,0.69187,0,1,0,0,0,0,0,0
0,-1.0467,1,0,0.06868,0,0,0.64535,0,1,0,0,0,0,0,0
0,-1.0451,1,0,0.080656,0,0,0.59883,0,1,0,0,0,0,0,0
0,-1.0432,1,0,0.091703,0,0,0.55231,0,1,0,0,0,0,0,0
0,-1.0412,1,0,0.10182,0,0,0.50579,0,1,0,0,0,0,0,0
0,-1.039,1,0,0.111,0,0,0.45927,0,1,0,0,0,0,0,0
0,-1.0366,1,0,0.11926,0,0,0.41275,0,1,0,0,0,0,0,0
0,-1.0341,1,0,0.12658,0,0,0.36623,0,1,0,0,0,0,0,0
0,-1.0314,1,0,0.13298,0,0,0.31971,0,1,0,0,0,0,0,0
0,-1.0286,1,0,0.13844,0,0,0.27319,0,1,0,0,0,0,0,0
0,-1.0258,1,0,0.14298,0,0,0.22668,0,1,0,0,0,0,0,0
0,-1.0228,1,0,0.14658,0,0,0.18016,0,1,0,0,0,0,0,0
0,-1.0198,1,0,0.14925,0,0,0.13364,0,1,0,0,0,0,0,0
0,-1.0168,1,0,0.15099,0,0,0.087117,0,1,0,0,0,0,0,0
0,-1.0138,1,0,0.15181,0,0,0.040597,0,1,0,0,0,0,0,0
0,-1.0108,1,0,0.15169,0,0,-0.0059221,0,1,0,0,0,0,0,0
0,-1.0077,1,0,0.15064,0,0,-0.052442,0,1,0,0,0,0,0,0
0,-1.0048,1,0,0.14866,0,0,-0.098961,0,1,0,0,0,0,0,0
0,-1.0019,1,0,0.14575,0,0,-0.14548,0,1,0,0,0,0,0,0
0,-0.99902,1,0,0.14191,0,0,-0.192,0,1,0,0,0,0,0,0
0,-0.99627,1,0,0.13714,0,0,-0.23852,0,1,0,0,0,0,0,0
0,-0.99365,1,0,0.13144,0,0,-0.28504,0,1,0,0,0,0,0,0
0,-0.99115,1,0,0.12481,0,0,-0.33156,0,1,0,0,0,0,0,0
0,-0.9888,1,0,0.11725,0,0,-0.37808,0,1,0,0,0,0,0,0
0,-0.98663,1,0,0.10875,0,0,-0.4246,0,1,0,0,0,0,0,0
0,-0.98464,1,0,0.099331,0,0,-0.47112,0,1,0,0,0,0,0,0
0,-0.98286,1,0,0.088978,0,0,-0.51764,0,1,0,0,0,0,0,0
0,-0.98131,1,0,0.077695,0,0,-0.56416,0,1,0,0,0,0,0,0
0,-0.98,1,0,0.065482,0,0,-0.61068,0,1,0,0,0,0,0,0
0,-0.97895,1,0,0.052601,0,0,-0.64405,0,1,0,0,0,0,0,0
0,-0.97815,1,0,0.040104,0,0,-0.62485,0,1,0,0,0,0,0,0
0,-0.97758,1,0,0.028254,0,0,-0.59251,0,1,0,0,0,0,0,0
0,-0.97724,1,0,0.01705,0,0,-0.56016,0,1,0,0,0,0,0,0
0,-0.97711,1,0,0.006494,0,0,-0.52782,0,1,0,0,0,0,0,0
0,-0.97718,1,0,-0.0034155,0,0,-0.49548,0,1,0,0,0,0,0,0
0,-0.97743,1,0,-0.012678,0,0,-0.46313,0,1,0,0,0,0,0,0
0,-0.97786,1,0,-0.021294,0,0,-0.43079,0,1,0,0,0,0,0,0
0,-0.97844,1,0,-0.029263,0,0,-0.39844,0,1,0,0,0,0,0,0
0,-0.97917,1,0,-0.036585,0,0,-0.3661,0,1,0,0,0,0,0,0
0,-0.98004,1,0,-0.04326,0,0,-0.33376,0,1,0,0,0,0,0,0
0,-0.98103,1,0,-0.049288,0,0,-0.30141,0,1,0,0,0,0,0,0
0,-0.98212,1,0,-0.054669,0,0,-0.26907,0,1,0,0,0,0,0,0
0,-0.98331,1,0,-0.059404,0,0,-0.23672,0,1,0,0,0,0,0,0
0,-0.98458,1,0,-0.063492,0,0,-0.20438,0,1,0,0,0,0,0,0
0,-0.98592,1,0,-0.066932,0,0,-0.17204,0,1,0,0,0,0,0,0
0,-0.98731,1,0,-0.069726,0,0,-0.13969,0,1,0,0,0,0,0,0
0,-0.98875,1,0,-0.071873,0,0,-0.10735,0,1,0,0,0,0,0,0
0,-0.99022,1,0,-0.073373,0,0,-0.075005,0,1,0,0,0,0,0,0
0,-0.9917,1,0,-0.074226,0,0,-0.042661,0,1,0,0,0,0,0,0
0,-0.99319,1,0,-0.074433,0,0,-0.010317,0,1,0,0,0,0,0,0
0,-0.99467,1,0,-0.073992,0,0,0.022027,0,1,0,0,0,0,0,0
0,-0.99613,1,0,-0.072905,0,0,0.054371,0,1,0,0,0,0,0,0
0,-0.99755,1,0,-0.071171,0,0,0.086715,0,1,0,0,0,0,0,0
0,-0.99893,1,0,-0.068789,0,0,0.11906,0,1,0,0,0,0,0,0
0,-1.0002,1,0,-0.065761,0,0,0.1514,0,1,0,0,0,0,0,0
0,-1.0015,1,0,-0.062086,0,0,0.18375,0,1,0,0,0,0,0,0
0,-1.0026,1,0,-0.057765,0,0,0.21609,0,1,0,0,0,0,0,0
0,-1.0037,1,0,-0.052796,0,0,0.24843,0,1,0,0,0,0,0,0
0,-1.0046,1,0,-0.04718,0,0,0.28078,0,1,0,0,0,0,0,0
0,-1.0055,1,0,-0.040918,0,0,0.31312,0,1,0,0,0,0,0,0
0,-1.0061,1,0,-0.034009,0,0,0.34547,0,1,0,0,0,0,0,0
0,-1.0067,1,0,-0.026452,0,0,0.37781,0,1,0,0,0,0,0,0
0,-1.007,1,0,-0.018249,0,0,0.41015,0,1,0,0,0,0,0,0
0,-1.0072,1,0,-0.0093993,0,0,0.4425,0,1,0,0,0,0,0,0
0,-1.0072,1,0,9.7537e-05,0,0,0.47484,0,1,0,0,0,0,0,0
0,-1.007,1,0,0.010241,0,0,0.50719,0,1,0,0,0,0,0,0
0,-1.0066,1,0,0.021032,0,0,0.53953,0,1,0,0,0,0,0,0
0,-1.0059,1,0,0.032469,0,0,0.57187,0,1,0,0,0,0,0,0
0,-1.005,1,0,0.044554,0,0,0.60422,0,1,0,0,0,0,0,0
0,-1.0039,1,0,0.057285,0,0,0.63656,0,1,0,0,0,0,0,0
0,-1.0025,1,0,0.070663,0,0,0.6689,0,1,0,0,0,0,0,0
0,-1.0008,1,0,0.084688,0,0,0.70125,0,1,0,0,0,0,0,0
0,-0.99881,1,0,0.09936,0,0,0.73359,0,1,0,0,0,0,0,0
0,-0.99652,1,0,0.11468,0,0,0.76594,0,1,0,0,0,0,0,0
0,-0.9939,1,0,0.13064,0,0,0.79828,0,1,0,0,0,0,0,0
0,-0.99096,1,0,0.14726,0,0,0.83062,0,1,0,0,0,0,0,0
0,-0.98767,1,0,0.16452,0,0,0.86297,0,1,0,0,0,0,0,0
0,-0.98402,1,0,0.18242,0,0,0.89531,0,1,0,0,0,0,0,0
0,-0.98,1,0,0.20098,0,0,0.92766,0,1,0,0,0,0,0,0
0,-0.9756,1,0,0.22018,0,0,0.96,0,1,0,0,0,0,0,0
0,-0.9708,1,0,0.24002,0,0,0.99234,0,1,0,0,0,0,0,0
0,-0.96559,1,0,0.26052,0,0,1.0247,0,1,0,0,0,0,0,0
0,-0.95995,1,0,0.28166,0,0,1.057,0,1,0,0,0,0,0,0
0,-0.95388,1,0,0.30344,0,0,1.0894,0,1,0,0,0,0,0,0
0,-0.94737,1,0,0.32588,0,0,1.1217,0,1,0,0,0,0,0,0
0,-0.94039,1,0,0.34896,0,0,1.1541,0,1,0,0,0,0,0,0
0,-0.93293,1,0,0.37269,0,0,1.1864,0,1,0,0,0,0,0,0
0,-0.92499,1,0,0.39706,0,0,1.2188,0,1,0,0,0,0,0,0
0,-0.91655,1,0,0.42208,0,0,1.2511,0,1,0,0,0,0,0,0
0,-0.9076,1,0,0.44775,0,0,1.2834,0,1,0,0,0,0,0,0
0,-0.89811,1,0,0.47407,0,0,1.3158,0,1,0,0,0,0,0,0
0,-0.88809,1,0,0.50103,0,0,1.3481,0,1,0,0,0,0,0,0
0,-0.87752,1,0,0.52864,0,0,1.3805,0,1,0,0,0,0,0,0
0,-0.86638,1,0,0.5569,0,0,1.4128,0,1,0,0,0,0,0,0
0,-0.85467,1,0,0.5858,0,0,1.4452,0,1,0,0,0,0,0,0
0,-0.84236,1,0,0.61535,0,0,1.4775,0,1,0,0,0,0,0,0
0,-0.82945,1,0,0.64555,0,0,1.5098,0,1,0,0,0,0,0,0
0,-0.81592,1,0,0.67639,0,0,1.5422,0,1,0,0,0,0,0,0
0,-0.80176,1,0,0.70788,0,0,1.5745,0,1,0,0,0,0,0,0
0,-0.78696,1,0,0.74002,0,0,1.6069,0,1,0,0,0,0,0,0
0,-0.77151,1,0,0.7728,0,0,1.6392,0,1,0,0,0,0,0,0
0,-0.75538,1,0,0.80624,0,0,1.6716,0,1,0,0,0,0,0,0
0,-0.73858,1,0,0.84031,0,0,1.7039,0,1,0,0,0,0,0,0
0,-0.72107,1,0,0.87504,0,0,1.7363,0,1,0,0,0,0,0,0
0,-0.70287,1,0,0.91041,0,0,1.7686,0,1,0,0,0,0,0,0
0,-0.68394,1,0,0.94643,0,0,1.8009,0,1,0,0,0,0,0,0
0,-0.66428,1,0,0.9831,0,0,1.8333,0,1,0,0,0,0,0,0
0,-0.64387,1,0,1.0204,0,0,1.8656,0,1,0,0,0,0,0,0
0,-0.6227,1,0,1.0584,0,0,1.898,0,1,0,0,0,0,0,0
0,-0.60076,1,0,1.097,0,0,1.9303,0,1,0,0,0,0,0,0
0,-0.57804,1,0,1.1362,0,0,1.9627,0,1,0,0,0,0,0,0
0,-0.55451,1,0,1.1761,0,0,1.995,0,1,0,0,0,0,0,0
0,-0.53018,1,0,1.2167,0,0,2.0273,0,1,0,0,0,0,0,0
0,-0.50502,1,0,1.2579,0,0,2.0597,0,1,0,0,0,0,0,0
0,-0.47903,1,0,1.2997,0,0,2.092,0,1,0,0,0,0,0,0
0,-0.45218,1,0,1.3422,0,0,2.1244,0,1,0,0,0,0,0,0
0,-0.42448,1,0,1.3853,0,0,2.1567,0,1,0,0,0,0,0,0
0,-0.3959,1,0,1.4291,0,0,2.1891,0,1,0,0,0,0,0,0
0,-0.36643,1,0,1.4735,0,0,2.2214,0,1,0,0,0,0,0,0
0,-0.33605,1,0,1.5186,0,0,2.2538,0,1,0,0,0,0,0,0
0,-0.30477,1,0,1.5643,0,0,2.2861,0,1,0,0,0,0,0,0
0,-0.27255,1,0,1.6107,0,0,2.3184,0,1,0,0,0,0,0,0
0,-0.2394,1,0,1.6577,0,0,2.3508,0,1,0,0,0,0,0,0
0,-0.20529,1,0,1.7054,0,0,2.3831,0,1,0,0,0,0,0,0
0,-0.17022,1,0,1.7537,0,0,2.4155,0,1,0,0,0,0,0,0
0,-0.13416,1,0,1.8027,0,0,2.4478,0,1,0,0,0,0,0,0
0,-0.097118,1,0,1.8523,0,0,2.4802,0,1,0,0,0,0,0,0
0,-0.059068,1,0,1.9025,0,0,2.5125,0,1,0,0,0,0,0,0
0,-0.02,1,0,1.9534,0,0,2.5449,0,1,0,0,0,0,0,0
